Name:  Dolomite CaMg(CO3)2
Type:  Mineral
Class:   Carbonates
Subclass:   
Particle Size:  Fine  (0-74 Micrometers)
Sample No.:  dolomite.3
Owner:  JHU
Wavelength Range:  IR
Origin: Donated by Norma Vergo;  sample from Corydon, Indiana. 
Collection Date: N/A
Description: The hand sample was massive, multicrystalline, and pink in color and appeared to be pure dolomite. Microscopic examination confirmed this.
Measurement:  Bidirectional reflectance 
First Column:  X
Second Column:  Y  
X Units:  Wavelength (micrometers)
Y Units:  Reflectance (percent)
First X Value:  25.0442
Last X Value:  2.079
Number of X Values:  2287
Additional Information: jhu.nicolet.mineral.carbonate.none.fine.dolomi3.ancillary.txt

25.044	 1.899
24.924	 1.892
24.805	 1.825
24.686	 1.780
24.569	 1.816
24.454	 1.862
24.339	 1.823
24.225	 1.801
24.112	 1.817
24.001	 1.814
23.890	 1.769
23.781	 1.780
23.672	 1.804
23.564	 1.762
23.458	 1.807
23.352	 1.911
23.247	 1.889
23.144	 1.782
23.041	 1.784
22.939	 1.796
22.838	 1.784
22.738	 1.775
22.638	 1.713
22.540	 1.657
22.442	 1.572
22.345	 1.469
22.250	 1.396
22.154	 1.299
22.060	 1.199
21.967	 1.077
21.874	 0.989
21.782	 0.933
21.691	 0.789
21.601	 0.655
21.511	 0.578
21.422	 0.506
21.334	 0.396
21.247	 0.354
21.160	 0.335
21.074	 0.273
20.988	 0.245
20.904	 0.252
20.820	 0.267
20.737	 0.240
20.654	 0.198
20.572	 0.208
20.491	 0.228
20.410	 0.194
20.330	 0.201
20.251	 0.231
20.172	 0.249
20.094	 0.278
20.016	 0.299
19.939	 0.310
19.863	 0.305
19.787	 0.334
19.712	 0.341
19.637	 0.354
19.563	 0.421
19.489	 0.441
19.416	 0.435
19.344	 0.513
19.272	 0.600
19.201	 0.611
19.130	 0.626
19.059	 0.676
18.990	 0.726
18.920	 0.785
18.851	 0.814
18.783	 0.833
18.715	 0.887
18.648	 0.926
18.581	 0.986
18.515	 1.029
18.449	 1.068
18.384	 1.136
18.319	 1.162
18.254	 1.211
18.190	 1.264
18.126	 1.318
18.063	 1.363
18.001	 1.425
17.938	 1.501
17.876	 1.569
17.815	 1.629
17.754	 1.676
17.693	 1.723
17.633	 1.782
17.573	 1.866
17.514	 1.928
17.455	 1.979
17.396	 2.026
17.338	 2.074
17.280	 2.128
17.223	 2.204
17.166	 2.272
17.109	 2.306
17.053	 2.342
16.997	 2.388
16.942	 2.418
16.886	 2.490
16.832	 2.584
16.777	 2.667
16.723	 2.753
16.669	 2.865
16.616	 2.958
16.563	 3.035
16.510	 3.115
16.458	 3.203
16.406	 3.296
16.354	 3.403
16.302	 3.467
16.251	 3.514
16.200	 3.578
16.150	 3.654
16.100	 3.681
16.050	 3.679
16.000	 3.669
15.951	 3.674
15.902	 3.686
15.854	 3.667
15.805	 3.627
15.757	 3.570
15.710	 3.528
15.662	 3.509
15.615	 3.485
15.568	 3.471
15.521	 3.471
15.475	 3.501
15.429	 3.554
15.383	 3.597
15.338	 3.634
15.292	 3.703
15.248	 3.796
15.203	 3.876
15.158	 3.893
15.114	 3.947
15.070	 4.028
15.027	 4.088
14.983	 4.138
14.940	 4.189
14.897	 4.242
14.854	 4.278
14.812	 4.314
14.770	 4.360
14.728	 4.394
14.686	 4.414
14.645	 4.428
14.603	 4.442
14.562	 4.453
14.521	 4.482
14.481	 4.494
14.441	 4.473
14.400	 4.446
14.361	 4.417
14.321	 4.337
14.281	 4.214
14.242	 4.056
14.203	 3.864
14.164	 3.650
14.126	 3.451
14.087	 3.250
14.049	 3.007
14.011	 2.785
13.973	 2.551
13.936	 2.242
13.899	 1.910
13.861	 1.575
13.824	 1.257
13.788	 0.976
13.751	 0.746
13.715	 0.574
13.679	 0.492
13.643	 0.601
13.607	 0.946
13.571	 1.463
13.536	 2.062
13.500	 2.638
13.465	 3.160
13.430	 3.648
13.396	 4.091
13.361	 4.479
13.327	 4.843
13.293	 5.195
13.259	 5.542
13.225	 5.839
13.191	 6.096
13.158	 6.322
13.124	 6.516
13.091	 6.683
13.058	 6.861
13.026	 7.004
12.993	 7.133
12.960	 7.249
12.928	 7.345
12.896	 7.402
12.864	 7.457
12.832	 7.498
12.800	 7.513
12.769	 7.543
12.737	 7.596
12.706	 7.635
12.675	 7.667
12.644	 7.720
12.614	 7.764
12.583	 7.775
12.552	 7.802
12.522	 7.859
12.492	 7.872
12.462	 7.864
12.432	 7.884
12.402	 7.896
12.373	 7.886
12.343	 7.882
12.314	 7.890
12.285	 7.864
12.256	 7.847
12.227	 7.851
12.198	 7.834
12.169	 7.795
12.141	 7.778
12.113	 7.757
12.084	 7.709
12.056	 7.651
12.028	 7.600
12.000	 7.511
11.973	 7.428
11.945	 7.345
11.918	 7.226
11.890	 7.063
11.863	 6.856
11.836	 6.460
11.809	 5.870
11.782	 5.017
11.755	 3.865
11.729	 2.852
11.702	 3.267
11.676	 4.399
11.650	 4.699
11.624	 4.465
11.598	 4.077
11.572	 3.585
11.546	 3.001
11.520	 2.470
11.495	 2.036
11.469	 1.675
11.444	 1.397
11.419	 1.250
11.394	 1.200
11.369	 1.225
11.344	 1.295
11.319	 1.435
11.294	 1.639
11.270	 1.922
11.245	 2.351
11.221	 3.038
11.197	 4.022
11.173	 5.168
11.149	 6.074
11.125	 6.458
11.101	 6.499
11.077	 6.468
11.054	 6.451
11.030	 6.440
11.007	 6.425
10.983	 6.434
10.960	 6.461
10.937	 6.483
10.914	 6.476
10.891	 6.493
10.868	 6.526
10.846	 6.528
10.823	 6.523
10.800	 6.548
10.778	 6.569
10.755	 6.585
10.733	 6.624
10.711	 6.660
10.689	 6.682
10.667	 6.686
10.645	 6.665
10.623	 6.650
10.602	 6.642
10.580	 6.646
10.558	 6.641
10.537	 6.650
10.516	 6.688
10.494	 6.738
10.473	 6.778
10.452	 6.821
10.431	 6.851
10.410	 6.849
10.389	 6.822
10.368	 6.780
10.348	 6.729
10.327	 6.687
10.306	 6.655
10.286	 6.613
10.266	 6.560
10.245	 6.542
10.225	 6.533
10.205	 6.506
10.185	 6.479
10.165	 6.460
10.145	 6.416
10.125	 6.369
10.106	 6.340
10.086	 6.311
10.066	 6.277
10.047	 6.273
10.027	 6.296
10.008	 6.311
 9.989	 6.318
 9.970	 6.307
 9.950	 6.270
 9.931	 6.244
 9.912	 6.234
 9.893	 6.215
 9.875	 6.189
 9.856	 6.185
 9.837	 6.181
 9.818	 6.141
 9.800	 6.060
 9.781	 5.956
 9.763	 5.841
 9.745	 5.769
 9.726	 5.742
 9.708	 5.711
 9.690	 5.663
 9.672	 5.638
 9.654	 5.640
 9.636	 5.646
 9.618	 5.669
 9.600	 5.691
 9.583	 5.704
 9.565	 5.766
 9.547	 5.891
 9.530	 6.024
 9.512	 6.098
 9.495	 6.129
 9.477	 6.101
 9.460	 6.021
 9.443	 5.944
 9.426	 5.880
 9.409	 5.808
 9.392	 5.732
 9.375	 5.636
 9.358	 5.518
 9.341	 5.433
 9.324	 5.393
 9.307	 5.375
 9.291	 5.360
 9.274	 5.367
 9.257	 5.379
 9.241	 5.364
 9.224	 5.325
 9.208	 5.261
 9.192	 5.195
 9.175	 5.149
 9.159	 5.058
 9.143	 4.846
 9.127	 4.503
 9.111	 4.093
 9.095	 3.940
 9.079	 4.219
 9.063	 4.652
 9.047	 5.012
 9.032	 5.220
 9.016	 5.289
 9.000	 5.280
 8.985	 5.218
 8.969	 5.139
 8.954	 5.071
 8.938	 5.022
 8.923	 4.986
 8.907	 4.945
 8.892	 4.896
 8.877	 4.873
 8.862	 4.891
 8.847	 4.932
 8.832	 4.970
 8.817	 4.971
 8.802	 4.937
 8.787	 4.862
 8.772	 4.740
 8.757	 4.617
 8.742	 4.533
 8.728	 4.488
 8.713	 4.473
 8.698	 4.482
 8.684	 4.493
 8.669	 4.513
 8.655	 4.541
 8.640	 4.557
 8.626	 4.538
 8.612	 4.483
 8.597	 4.399
 8.583	 4.304
 8.569	 4.210
 8.555	 4.131
 8.541	 4.061
 8.527	 3.993
 8.513	 3.923
 8.499	 3.828
 8.485	 3.708
 8.471	 3.600
 8.457	 3.526
 8.443	 3.473
 8.430	 3.426
 8.416	 3.389
 8.402	 3.364
 8.389	 3.367
 8.375	 3.416
 8.362	 3.509
 8.348	 3.625
 8.335	 3.740
 8.321	 3.824
 8.308	 3.865
 8.295	 3.873
 8.281	 3.862
 8.268	 3.841
 8.255	 3.807
 8.242	 3.762
 8.229	 3.702
 8.216	 3.622
 8.203	 3.506
 8.190	 3.372
 8.177	 3.237
 8.164	 3.127
 8.151	 3.054
 8.138	 3.021
 8.126	 3.026
 8.113	 3.057
 8.100	 3.101
 8.088	 3.140
 8.075	 3.160
 8.062	 3.171
 8.050	 3.176
 8.037	 3.187
 8.025	 3.203
 8.013	 3.211
 8.000	 3.220
 7.988	 3.230
 7.976	 3.232
 7.963	 3.227
 7.951	 3.228
 7.939	 3.228
 7.927	 3.223
 7.915	 3.225
 7.903	 3.236
 7.891	 3.245
 7.879	 3.260
 7.867	 3.277
 7.855	 3.274
 7.843	 3.244
 7.831	 3.202
 7.819	 3.147
 7.807	 3.076
 7.796	 3.001
 7.784	 2.935
 7.772	 2.864
 7.761	 2.802
 7.749	 2.763
 7.738	 2.727
 7.726	 2.683
 7.715	 2.647
 7.703	 2.616
 7.692	 2.592
 7.680	 2.585
 7.669	 2.594
 7.658	 2.609
 7.646	 2.633
 7.635	 2.655
 7.624	 2.655
 7.613	 2.637
 7.601	 2.616
 7.590	 2.598
 7.579	 2.575
 7.568	 2.538
 7.557	 2.490
 7.546	 2.440
 7.535	 2.383
 7.524	 2.315
 7.513	 2.253
 7.502	 2.202
 7.492	 2.166
 7.481	 2.144
 7.470	 2.127
 7.459	 2.103
 7.448	 2.083
 7.438	 2.070
 7.427	 2.056
 7.417	 2.045
 7.406	 2.033
 7.395	 1.998
 7.385	 1.952
 7.374	 1.907
 7.364	 1.856
 7.353	 1.811
 7.343	 1.770
 7.333	 1.732
 7.322	 1.693
 7.312	 1.656
 7.302	 1.612
 7.291	 1.565
 7.281	 1.532
 7.271	 1.502
 7.261	 1.459
 7.251	 1.417
 7.240	 1.383
 7.230	 1.356
 7.220	 1.336
 7.210	 1.314
 7.200	 1.292
 7.190	 1.271
 7.180	 1.250
 7.170	 1.230
 7.160	 1.215
 7.151	 1.199
 7.141	 1.185
 7.131	 1.179
 7.121	 1.179
 7.111	 1.175
 7.102	 1.172
 7.092	 1.182
 7.082	 1.215
 7.073	 1.268
 7.063	 1.330
 7.053	 1.403
 7.044	 1.481
 7.034	 1.546
 7.025	 1.574
 7.015	 1.577
 7.006	 1.575
 6.996	 1.566
 6.987	 1.554
 6.977	 1.542
 6.968	 1.534
 6.959	 1.526
 6.949	 1.523
 6.940	 1.518
 6.931	 1.511
 6.921	 1.507
 6.912	 1.511
 6.903	 1.517
 6.894	 1.521
 6.885	 1.523
 6.876	 1.528
 6.866	 1.533
 6.857	 1.546
 6.848	 1.559
 6.839	 1.565
 6.830	 1.574
 6.821	 1.587
 6.812	 1.597
 6.803	 1.606
 6.794	 1.617
 6.786	 1.629
 6.777	 1.641
 6.768	 1.648
 6.759	 1.657
 6.750	 1.677
 6.741	 1.700
 6.733	 1.716
 6.724	 1.731
 6.715	 1.749
 6.707	 1.771
 6.698	 1.798
 6.689	 1.821
 6.681	 1.845
 6.672	 1.877
 6.663	 1.916
 6.655	 1.961
 6.646	 2.012
 6.638	 2.063
 6.629	 2.111
 6.621	 2.164
 6.612	 2.215
 6.604	 2.263
 6.596	 2.315
 6.587	 2.363
 6.579	 2.401
 6.571	 2.444
 6.562	 2.495
 6.554	 2.542
 6.546	 2.591
 6.537	 2.646
 6.529	 2.699
 6.521	 2.756
 6.513	 2.815
 6.505	 2.878
 6.496	 2.941
 6.488	 3.015
 6.480	 3.098
 6.472	 3.182
 6.464	 3.266
 6.456	 3.353
 6.448	 3.442
 6.440	 3.538
 6.432	 3.631
 6.424	 3.715
 6.416	 3.801
 6.408	 3.906
 6.400	 4.022
 6.392	 4.136
 6.384	 4.247
 6.377	 4.347
 6.369	 4.411
 6.361	 4.407
 6.353	 4.314
 6.345	 4.157
 6.338	 4.003
 6.330	 3.860
 6.322	 3.707
 6.314	 3.551
 6.307	 3.397
 6.299	 3.239
 6.291	 3.073
 6.284	 2.901
 6.276	 2.734
 6.269	 2.599
 6.261	 2.505
 6.254	 2.426
 6.246	 2.350
 6.238	 2.281
 6.231	 2.227
 6.223	 2.193
 6.216	 2.172
 6.209	 2.168
 6.201	 2.179
 6.194	 2.187
 6.186	 2.181
 6.179	 2.165
 6.172	 2.141
 6.164	 2.105
 6.157	 2.067
 6.150	 2.023
 6.142	 1.963
 6.135	 1.899
 6.128	 1.835
 6.121	 1.764
 6.113	 1.688
 6.106	 1.630
 6.099	 1.586
 6.092	 1.556
 6.085	 1.546
 6.078	 1.545
 6.070	 1.552
 6.063	 1.570
 6.056	 1.578
 6.049	 1.578
 6.042	 1.585
 6.035	 1.593
 6.028	 1.603
 6.021	 1.621
 6.014	 1.647
 6.007	 1.681
 6.000	 1.716
 5.993	 1.749
 5.986	 1.780
 5.979	 1.810
 5.973	 1.841
 5.966	 1.873
 5.959	 1.908
 5.952	 1.952
 5.945	 1.997
 5.938	 2.040
 5.932	 2.088
 5.925	 2.139
 5.918	 2.183
 5.911	 2.225
 5.905	 2.257
 5.898	 2.282
 5.891	 2.314
 5.884	 2.348
 5.878	 2.385
 5.871	 2.425
 5.864	 2.462
 5.858	 2.505
 5.851	 2.550
 5.845	 2.584
 5.838	 2.611
 5.831	 2.630
 5.825	 2.644
 5.818	 2.659
 5.812	 2.676
 5.805	 2.693
 5.799	 2.715
 5.792	 2.743
 5.786	 2.773
 5.779	 2.794
 5.773	 2.811
 5.767	 2.820
 5.760	 2.833
 5.754	 2.847
 5.747	 2.867
 5.741	 2.892
 5.735	 2.920
 5.728	 2.961
 5.722	 3.006
 5.716	 3.046
 5.709	 3.074
 5.703	 3.091
 5.697	 3.094
 5.691	 3.091
 5.684	 3.100
 5.678	 3.103
 5.672	 3.089
 5.666	 3.071
 5.660	 3.046
 5.653	 3.011
 5.647	 2.977
 5.641	 2.944
 5.635	 2.909
 5.629	 2.873
 5.623	 2.836
 5.617	 2.802
 5.611	 2.754
 5.604	 2.697
 5.598	 2.635
 5.592	 2.562
 5.586	 2.480
 5.580	 2.392
 5.574	 2.292
 5.568	 2.178
 5.562	 2.058
 5.556	 1.926
 5.550	 1.788
 5.545	 1.645
 5.539	 1.502
 5.533	 1.365
 5.527	 1.252
 5.521	 1.168
 5.515	 1.117
 5.509	 1.096
 5.503	 1.090
 5.498	 1.099
 5.492	 1.125
 5.486	 1.187
 5.480	 1.296
 5.474	 1.481
 5.469	 1.757
 5.463	 2.103
 5.457	 2.487
 5.451	 2.880
 5.446	 3.260
 5.440	 3.619
 5.434	 3.953
 5.428	 4.266
 5.423	 4.562
 5.417	 4.828
 5.411	 5.072
 5.406	 5.303
 5.400	 5.505
 5.395	 5.678
 5.389	 5.832
 5.383	 5.979
 5.378	 6.114
 5.372	 6.238
 5.367	 6.363
 5.361	 6.477
 5.356	 6.578
 5.350	 6.673
 5.344	 6.759
 5.339	 6.833
 5.333	 6.899
 5.328	 6.965
 5.323	 7.030
 5.317	 7.095
 5.312	 7.161
 5.306	 7.231
 5.301	 7.311
 5.295	 7.397
 5.290	 7.482
 5.285	 7.578
 5.279	 7.681
 5.274	 7.784
 5.268	 7.879
 5.263	 7.979
 5.258	 8.082
 5.252	 8.177
 5.247	 8.271
 5.242	 8.367
 5.237	 8.455
 5.231	 8.536
 5.226	 8.619
 5.221	 8.695
 5.215	 8.760
 5.210	 8.827
 5.205	 8.891
 5.200	 8.946
 5.195	 9.006
 5.189	 9.075
 5.184	 9.144
 5.179	 9.202
 5.174	 9.264
 5.169	 9.327
 5.163	 9.390
 5.158	 9.447
 5.153	 9.502
 5.148	 9.552
 5.143	 9.595
 5.138	 9.632
 5.133	 9.666
 5.128	 9.702
 5.123	 9.742
 5.118	 9.775
 5.113	 9.804
 5.108	 9.831
 5.103	 9.844
 5.097	 9.845
 5.092	 9.827
 5.087	 9.782
 5.083	 9.680
 5.078	 9.491
 5.073	 9.248
 5.068	 9.053
 5.063	 9.024
 5.058	 9.199
 5.053	 9.468
 5.048	 9.724
 5.043	 9.936
 5.038	10.098
 5.033	10.213
 5.028	10.301
 5.023	10.371
 5.019	10.423
 5.014	10.459
 5.009	10.496
 5.004	10.530
 4.999	10.547
 4.994	10.565
 4.990	10.591
 4.985	10.606
 4.980	10.615
 4.975	10.627
 4.970	10.641
 4.966	10.651
 4.961	10.658
 4.956	10.673
 4.951	10.684
 4.947	10.695
 4.942	10.707
 4.937	10.716
 4.933	10.720
 4.928	10.734
 4.923	10.747
 4.919	10.751
 4.914	10.758
 4.909	10.770
 4.905	10.777
 4.900	10.780
 4.895	10.790
 4.891	10.799
 4.886	10.801
 4.882	10.806
 4.877	10.812
 4.872	10.816
 4.868	10.820
 4.863	10.827
 4.859	10.829
 4.854	10.827
 4.850	10.836
 4.845	10.838
 4.840	10.834
 4.836	10.839
 4.831	10.839
 4.827	10.836
 4.822	10.838
 4.818	10.841
 4.814	10.838
 4.809	10.837
 4.805	10.834
 4.800	10.827
 4.796	10.818
 4.791	10.813
 4.787	10.805
 4.782	10.793
 4.778	10.786
 4.774	10.780
 4.769	10.769
 4.765	10.760
 4.760	10.745
 4.756	10.729
 4.752	10.713
 4.747	10.696
 4.743	10.670
 4.739	10.639
 4.734	10.609
 4.730	10.572
 4.726	10.521
 4.721	10.471
 4.717	10.413
 4.713	10.345
 4.709	10.271
 4.704	10.192
 4.700	10.103
 4.696	 9.993
 4.692	 9.861
 4.687	 9.717
 4.683	 9.543
 4.679	 9.344
 4.675	 9.120
 4.670	 8.884
 4.666	 8.653
 4.662	 8.460
 4.658	 8.306
 4.654	 8.175
 4.649	 8.077
 4.645	 8.017
 4.641	 7.971
 4.637	 7.938
 4.633	 7.911
 4.629	 7.887
 4.625	 7.867
 4.620	 7.854
 4.616	 7.857
 4.612	 7.882
 4.608	 7.931
 4.604	 8.009
 4.600	 8.108
 4.596	 8.216
 4.592	 8.337
 4.588	 8.456
 4.584	 8.574
 4.580	 8.690
 4.576	 8.789
 4.572	 8.882
 4.568	 8.971
 4.564	 9.049
 4.560	 9.121
 4.555	 9.197
 4.551	 9.270
 4.548	 9.332
 4.544	 9.382
 4.540	 9.432
 4.536	 9.476
 4.532	 9.515
 4.528	 9.564
 4.524	 9.623
 4.520	 9.678
 4.516	 9.749
 4.512	 9.845
 4.508	 9.950
 4.504	10.058
 4.500	10.158
 4.496	10.234
 4.492	10.275
 4.488	10.296
 4.485	10.296
 4.481	10.275
 4.477	10.232
 4.473	10.171
 4.469	10.096
 4.465	10.011
 4.461	 9.922
 4.458	 9.830
 4.454	 9.745
 4.450	 9.682
 4.446	 9.644
 4.442	 9.628
 4.438	 9.629
 4.435	 9.647
 4.431	 9.684
 4.427	 9.739
 4.423	 9.809
 4.420	 9.883
 4.416	 9.966
 4.412	10.050
 4.408	10.136
 4.405	10.215
 4.401	10.290
 4.397	10.362
 4.393	10.439
 4.390	10.508
 4.386	10.571
 4.382	10.626
 4.379	10.679
 4.375	10.730
 4.371	10.782
 4.367	10.828
 4.364	10.865
 4.360	10.887
 4.356	10.881
 4.353	10.842
 4.349	10.765
 4.345	10.646
 4.342	10.515
 4.338	10.412
 4.335	10.343
 4.331	10.283
 4.327	10.229
 4.324	10.188
 4.320	10.145
 4.317	10.100
 4.313	10.064
 4.309	10.042
 4.306	10.029
 4.302	10.028
 4.299	10.028
 4.295	10.022
 4.292	10.013
 4.288	 9.995
 4.284	 9.974
 4.281	 9.972
 4.277	10.002
 4.274	10.050
 4.270	10.097
 4.267	10.147
 4.263	10.206
 4.260	10.248
 4.256	10.266
 4.253	10.275
 4.249	10.264
 4.246	10.246
 4.242	10.243
 4.239	10.258
 4.235	10.271
 4.232	10.285
 4.229	10.290
 4.225	10.285
 4.222	10.288
 4.218	10.302
 4.215	10.324
 4.211	10.359
 4.208	10.406
 4.205	10.455
 4.201	10.485
 4.198	10.498
 4.194	10.492
 4.191	10.471
 4.188	10.441
 4.184	10.421
 4.181	10.397
 4.177	10.362
 4.174	10.324
 4.171	10.284
 4.167	10.235
 4.164	10.187
 4.161	10.133
 4.157	10.069
 4.154	 9.999
 4.151	 9.950
 4.147	 9.933
 4.144	 9.923
 4.141	 9.922
 4.137	 9.916
 4.134	 9.897
 4.131	 9.885
 4.128	 9.870
 4.124	 9.843
 4.121	 9.819
 4.118	 9.796
 4.114	 9.766
 4.111	 9.732
 4.108	 9.698
 4.105	 9.658
 4.101	 9.609
 4.098	 9.560
 4.095	 9.504
 4.092	 9.438
 4.088	 9.365
 4.085	 9.294
 4.082	 9.217
 4.079	 9.123
 4.076	 9.022
 4.072	 8.924
 4.069	 8.822
 4.066	 8.713
 4.063	 8.600
 4.060	 8.475
 4.056	 8.351
 4.053	 8.224
 4.050	 8.088
 4.047	 7.931
 4.044	 7.762
 4.041	 7.586
 4.038	 7.403
 4.034	 7.205
 4.031	 6.998
 4.028	 6.785
 4.025	 6.556
 4.022	 6.316
 4.019	 6.058
 4.016	 5.772
 4.013	 5.481
 4.009	 5.179
 4.006	 4.873
 4.003	 4.584
 4.000	 4.311
 3.997	 4.045
 3.994	 3.780
 3.991	 3.517
 3.988	 3.252
 3.985	 2.969
 3.982	 2.669
 3.979	 2.379
 3.976	 2.129
 3.973	 1.942
 3.969	 1.826
 3.966	 1.762
 3.963	 1.729
 3.960	 1.721
 3.957	 1.726
 3.954	 1.732
 3.951	 1.739
 3.948	 1.748
 3.945	 1.764
 3.942	 1.787
 3.939	 1.814
 3.936	 1.835
 3.933	 1.860
 3.930	 1.895
 3.927	 1.924
 3.924	 1.951
 3.921	 1.985
 3.918	 2.036
 3.916	 2.113
 3.913	 2.221
 3.910	 2.352
 3.907	 2.497
 3.904	 2.646
 3.901	 2.784
 3.898	 2.895
 3.895	 2.967
 3.892	 3.005
 3.889	 3.018
 3.886	 3.027
 3.883	 3.057
 3.880	 3.105
 3.877	 3.158
 3.875	 3.216
 3.872	 3.278
 3.869	 3.345
 3.866	 3.433
 3.863	 3.556
 3.860	 3.738
 3.857	 3.972
 3.854	 4.239
 3.852	 4.525
 3.849	 4.768
 3.846	 4.925
 3.843	 5.005
 3.840	 5.014
 3.837	 4.963
 3.834	 4.877
 3.832	 4.762
 3.829	 4.614
 3.826	 4.443
 3.823	 4.266
 3.820	 4.079
 3.817	 3.880
 3.815	 3.690
 3.812	 3.525
 3.809	 3.417
 3.806	 3.393
 3.803	 3.446
 3.801	 3.556
 3.798	 3.687
 3.795	 3.840
 3.792	 4.018
 3.790	 4.212
 3.787	 4.416
 3.784	 4.623
 3.781	 4.831
 3.779	 5.043
 3.776	 5.249
 3.773	 5.457
 3.770	 5.683
 3.768	 5.926
 3.765	 6.174
 3.762	 6.440
 3.759	 6.726
 3.757	 7.025
 3.754	 7.334
 3.751	 7.650
 3.748	 7.964
 3.746	 8.259
 3.743	 8.527
 3.740	 8.754
 3.738	 8.943
 3.735	 9.101
 3.732	 9.226
 3.730	 9.332
 3.727	 9.422
 3.724	 9.498
 3.722	 9.567
 3.719	 9.633
 3.716	 9.693
 3.714	 9.744
 3.711	 9.796
 3.708	 9.852
 3.706	 9.908
 3.703	 9.966
 3.700	10.026
 3.698	10.082
 3.695	10.142
 3.692	10.199
 3.690	10.250
 3.687	10.294
 3.685	10.331
 3.682	10.361
 3.679	10.388
 3.677	10.414
 3.674	10.440
 3.671	10.460
 3.669	10.476
 3.666	10.495
 3.664	10.518
 3.661	10.531
 3.659	10.543
 3.656	10.553
 3.653	10.568
 3.651	10.578
 3.648	10.585
 3.646	10.595
 3.643	10.605
 3.641	10.605
 3.638	10.605
 3.635	10.608
 3.633	10.605
 3.630	10.602
 3.628	10.603
 3.625	10.595
 3.623	10.588
 3.620	10.588
 3.618	10.576
 3.615	10.567
 3.613	10.559
 3.610	10.556
 3.608	10.544
 3.605	10.527
 3.603	10.523
 3.600	10.519
 3.598	10.505
 3.595	10.487
 3.593	10.470
 3.590	10.459
 3.588	10.436
 3.585	10.410
 3.583	10.383
 3.580	10.354
 3.578	10.315
 3.575	10.265
 3.573	10.213
 3.570	10.159
 3.568	10.088
 3.565	 9.993
 3.563	 9.873
 3.561	 9.728
 3.558	 9.546
 3.556	 9.346
 3.553	 9.157
 3.551	 9.025
 3.548	 8.996
 3.546	 9.045
 3.544	 9.100
 3.541	 9.124
 3.539	 9.108
 3.536	 9.053
 3.534	 8.953
 3.531	 8.817
 3.529	 8.663
 3.527	 8.494
 3.524	 8.297
 3.522	 8.078
 3.519	 7.836
 3.517	 7.566
 3.515	 7.276
 3.512	 6.963
 3.510	 6.634
 3.508	 6.298
 3.505	 5.956
 3.503	 5.606
 3.500	 5.257
 3.498	 4.919
 3.496	 4.612
 3.493	 4.351
 3.491	 4.129
 3.489	 3.944
 3.486	 3.791
 3.484	 3.660
 3.482	 3.545
 3.479	 3.434
 3.477	 3.331
 3.475	 3.238
 3.472	 3.157
 3.470	 3.087
 3.468	 3.013
 3.465	 2.951
 3.463	 2.904
 3.461	 2.855
 3.458	 2.815
 3.456	 2.777
 3.454	 2.751
 3.452	 2.735
 3.449	 2.747
 3.447	 2.794
 3.445	 2.868
 3.442	 2.973
 3.440	 3.106
 3.438	 3.249
 3.435	 3.403
 3.433	 3.557
 3.431	 3.686
 3.429	 3.798
 3.426	 3.892
 3.424	 3.971
 3.422	 4.031
 3.420	 4.077
 3.417	 4.114
 3.415	 4.149
 3.413	 4.185
 3.411	 4.217
 3.408	 4.248
 3.406	 4.281
 3.404	 4.316
 3.402	 4.359
 3.399	 4.404
 3.397	 4.451
 3.395	 4.486
 3.393	 4.513
 3.391	 4.550
 3.388	 4.583
 3.386	 4.651
 3.384	 4.759
 3.382	 4.872
 3.380	 4.963
 3.377	 5.007
 3.375	 5.001
 3.373	 4.959
 3.371	 4.886
 3.369	 4.807
 3.366	 4.714
 3.364	 4.618
 3.362	 4.524
 3.360	 4.436
 3.358	 4.356
 3.355	 4.287
 3.353	 4.219
 3.351	 4.149
 3.349	 4.084
 3.347	 4.029
 3.345	 3.979
 3.342	 3.948
 3.340	 3.938
 3.338	 3.934
 3.336	 3.943
 3.334	 3.957
 3.332	 3.960
 3.330	 3.954
 3.327	 3.933
 3.325	 3.887
 3.323	 3.832
 3.321	 3.761
 3.319	 3.680
 3.317	 3.593
 3.315	 3.496
 3.313	 3.430
 3.310	 3.423
 3.308	 3.464
 3.306	 3.558
 3.304	 3.744
 3.302	 4.049
 3.300	 4.476
 3.298	 5.019
 3.296	 5.614
 3.294	 6.152
 3.292	 6.593
 3.289	 6.944
 3.287	 7.229
 3.285	 7.467
 3.283	 7.672
 3.281	 7.849
 3.279	 8.001
 3.277	 8.139
 3.275	 8.261
 3.273	 8.369
 3.271	 8.466
 3.269	 8.559
 3.267	 8.649
 3.265	 8.725
 3.263	 8.795
 3.260	 8.863
 3.258	 8.918
 3.256	 8.985
 3.254	 9.051
 3.252	 9.103
 3.250	 9.150
 3.248	 9.197
 3.246	 9.246
 3.244	 9.288
 3.242	 9.333
 3.240	 9.378
 3.238	 9.418
 3.236	 9.448
 3.234	 9.487
 3.232	 9.530
 3.230	 9.560
 3.228	 9.586
 3.226	 9.616
 3.224	 9.636
 3.222	 9.652
 3.220	 9.682
 3.218	 9.701
 3.216	 9.718
 3.214	 9.748
 3.212	 9.769
 3.210	 9.777
 3.208	 9.791
 3.206	 9.808
 3.204	 9.820
 3.202	 9.828
 3.200	 9.842
 3.198	 9.848
 3.196	 9.854
 3.194	 9.870
 3.192	 9.878
 3.190	 9.882
 3.188	 9.892
 3.186	 9.898
 3.184	 9.895
 3.182	 9.896
 3.180	 9.901
 3.179	 9.906
 3.177	 9.911
 3.175	 9.922
 3.173	 9.928
 3.171	 9.928
 3.169	 9.932
 3.167	 9.932
 3.165	 9.919
 3.163	 9.903
 3.161	 9.904
 3.159	 9.901
 3.157	 9.880
 3.155	 9.858
 3.153	 9.829
 3.151	 9.789
 3.150	 9.749
 3.148	 9.707
 3.146	 9.673
 3.144	 9.637
 3.142	 9.611
 3.140	 9.594
 3.138	 9.581
 3.136	 9.564
 3.134	 9.559
 3.132	 9.557
 3.131	 9.555
 3.129	 9.553
 3.127	 9.556
 3.125	 9.553
 3.123	 9.539
 3.121	 9.541
 3.119	 9.550
 3.117	 9.532
 3.115	 9.522
 3.114	 9.526
 3.112	 9.532
 3.110	 9.527
 3.108	 9.518
 3.106	 9.515
 3.104	 9.512
 3.102	 9.506
 3.101	 9.494
 3.099	 9.476
 3.097	 9.458
 3.095	 9.431
 3.093	 9.398
 3.091	 9.376
 3.089	 9.351
 3.088	 9.332
 3.086	 9.326
 3.084	 9.322
 3.082	 9.322
 3.080	 9.326
 3.078	 9.330
 3.077	 9.338
 3.075	 9.355
 3.073	 9.373
 3.071	 9.395
 3.069	 9.419
 3.068	 9.436
 3.066	 9.457
 3.064	 9.479
 3.062	 9.495
 3.060	 9.507
 3.058	 9.524
 3.057	 9.532
 3.055	 9.535
 3.053	 9.548
 3.051	 9.558
 3.050	 9.554
 3.048	 9.552
 3.046	 9.555
 3.044	 9.551
 3.042	 9.548
 3.041	 9.557
 3.039	 9.567
 3.037	 9.577
 3.035	 9.590
 3.033	 9.610
 3.032	 9.631
 3.030	 9.647
 3.028	 9.661
 3.026	 9.676
 3.025	 9.686
 3.023	 9.701
 3.021	 9.710
 3.019	 9.713
 3.018	 9.730
 3.016	 9.751
 3.014	 9.757
 3.012	 9.765
 3.011	 9.782
 3.009	 9.787
 3.007	 9.782
 3.005	 9.784
 3.004	 9.785
 3.002	 9.784
 3.000	 9.786
 2.998	 9.781
 2.997	 9.778
 2.995	 9.772
 2.993	 9.769
 2.991	 9.774
 2.990	 9.774
 2.988	 9.773
 2.986	 9.773
 2.985	 9.766
 2.983	 9.768
 2.981	 9.768
 2.979	 9.780
 2.978	 9.782
 2.976	 9.781
 2.974	 9.784
 2.973	 9.786
 2.971	 9.784
 2.969	 9.789
 2.967	 9.795
 2.966	 9.796
 2.964	 9.794
 2.962	 9.795
 2.961	 9.796
 2.959	 9.797
 2.957	 9.800
 2.956	 9.793
 2.954	 9.790
 2.952	 9.799
 2.951	 9.790
 2.949	 9.781
 2.947	 9.787
 2.946	 9.784
 2.944	 9.780
 2.942	 9.773
 2.941	 9.770
 2.939	 9.773
 2.937	 9.774
 2.936	 9.781
 2.934	 9.784
 2.932	 9.780
 2.931	 9.778
 2.929	 9.784
 2.927	 9.778
 2.926	 9.786
 2.924	 9.793
 2.922	 9.789
 2.921	 9.790
 2.919	 9.804
 2.917	 9.813
 2.916	 9.815
 2.914	 9.820
 2.912	 9.819
 2.911	 9.814
 2.909	 9.806
 2.908	 9.801
 2.906	 9.795
 2.904	 9.802
 2.903	 9.805
 2.901	 9.801
 2.899	 9.798
 2.898	 9.794
 2.896	 9.793
 2.895	 9.794
 2.893	 9.805
 2.891	 9.809
 2.890	 9.820
 2.888	 9.830
 2.887	 9.831
 2.885	 9.837
 2.883	 9.833
 2.882	 9.842
 2.880	 9.851
 2.878	 9.855
 2.877	 9.856
 2.875	 9.845
 2.874	 9.844
 2.872	 9.842
 2.871	 9.839
 2.869	 9.836
 2.867	 9.836
 2.866	 9.835
 2.864	 9.840
 2.863	 9.839
 2.861	 9.846
 2.859	 9.877
 2.858	 9.889
 2.856	 9.878
 2.855	 9.860
 2.853	 9.843
 2.852	 9.840
 2.850	 9.849
 2.848	 9.891
 2.847	 9.938
 2.845	 9.975
 2.844	 9.993
 2.842	10.008
 2.841	10.027
 2.839	10.051
 2.838	10.065
 2.836	10.075
 2.834	10.076
 2.833	10.082
 2.831	10.101
 2.830	10.125
 2.828	10.134
 2.827	10.135
 2.825	10.140
 2.824	10.143
 2.822	10.148
 2.821	10.148
 2.819	10.159
 2.817	10.152
 2.816	10.145
 2.814	10.149
 2.813	10.150
 2.811	10.145
 2.810	10.131
 2.808	10.120
 2.807	10.111
 2.805	10.109
 2.804	10.092
 2.802	10.078
 2.801	10.074
 2.799	10.075
 2.798	10.053
 2.796	10.024
 2.795	10.002
 2.793	 9.993
 2.792	 9.977
 2.790	 9.951
 2.789	 9.921
 2.787	 9.898
 2.786	 9.872
 2.784	 9.844
 2.783	 9.822
 2.781	 9.790
 2.780	 9.748
 2.778	 9.702
 2.777	 9.660
 2.775	 9.628
 2.774	 9.591
 2.772	 9.562
 2.771	 9.556
 2.769	 9.570
 2.768	 9.598
 2.766	 9.636
 2.765	 9.664
 2.763	 9.691
 2.762	 9.716
 2.760	 9.759
 2.759	 9.810
 2.758	 9.860
 2.756	 9.891
 2.755	 9.919
 2.753	 9.978
 2.752	10.044
 2.750	10.091
 2.749	10.131
 2.747	10.168
 2.746	10.215
 2.744	10.259
 2.743	10.304
 2.741	10.340
 2.740	10.383
 2.739	10.435
 2.737	10.488
 2.736	10.532
 2.734	10.582
 2.733	10.623
 2.731	10.647
 2.730	10.684
 2.729	10.735
 2.727	10.750
 2.726	10.768
 2.724	10.785
 2.723	10.810
 2.721	10.842
 2.720	10.864
 2.718	10.919
 2.717	10.965
 2.716	10.996
 2.714	11.023
 2.713	11.055
 2.711	11.068
 2.710	11.097
 2.709	11.139
 2.707	11.166
 2.706	11.168
 2.704	11.174
 2.703	11.195
 2.701	11.208
 2.700	11.216
 2.699	11.226
 2.697	11.234
 2.696	11.252
 2.694	11.252
 2.693	11.249
 2.692	11.275
 2.690	11.308
 2.689	11.302
 2.687	11.313
 2.686	11.341
 2.685	11.365
 2.683	11.394
 2.682	11.425
 2.681	11.462
 2.679	11.481
 2.678	11.498
 2.676	11.506
 2.675	11.537
 2.674	11.569
 2.672	11.589
 2.671	11.582
 2.669	11.594
 2.668	11.626
 2.667	11.636
 2.665	11.634
 2.664	11.657
 2.663	11.697
 2.661	11.716
 2.660	11.728
 2.659	11.735
 2.657	11.755
 2.656	11.763
 2.654	11.762
 2.653	11.765
 2.652	11.772
 2.650	11.776
 2.649	11.783
 2.648	11.793
 2.646	11.787
 2.645	11.777
 2.644	11.777
 2.642	11.782
 2.641	11.790
 2.640	11.778
 2.638	11.781
 2.637	11.781
 2.636	11.778
 2.634	11.777
 2.633	11.769
 2.632	11.757
 2.630	11.743
 2.629	11.753
 2.628	11.756
 2.626	11.743
 2.625	11.753
 2.624	11.761
 2.622	11.749
 2.621	11.729
 2.620	11.723
 2.618	11.749
 2.617	11.750
 2.616	11.752
 2.614	11.755
 2.613	11.743
 2.612	11.748
 2.610	11.758
 2.609	11.759
 2.608	11.748
 2.606	11.737
 2.605	11.715
 2.604	11.714
 2.602	11.735
 2.601	11.733
 2.600	11.729
 2.599	11.723
 2.597	11.716
 2.596	11.704
 2.595	11.680
 2.593	11.680
 2.592	11.700
 2.591	11.695
 2.589	11.688
 2.588	11.683
 2.587	11.678
 2.586	11.667
 2.584	11.655
 2.583	11.646
 2.582	11.647
 2.580	11.631
 2.579	11.636
 2.578	11.636
 2.577	11.616
 2.575	11.596
 2.574	11.574
 2.573	11.552
 2.572	11.536
 2.570	11.529
 2.569	11.518
 2.568	11.498
 2.566	11.473
 2.565	11.449
 2.564	11.430
 2.563	11.409
 2.561	11.391
 2.560	11.377
 2.559	11.364
 2.558	11.345
 2.556	11.329
 2.555	11.306
 2.554	11.255
 2.553	11.204
 2.551	11.168
 2.550	11.124
 2.549	11.096
 2.547	11.037
 2.546	10.970
 2.545	10.904
 2.544	10.837
 2.542	10.758
 2.541	10.690
 2.540	10.624
 2.539	10.538
 2.538	10.447
 2.536	10.375
 2.535	10.314
 2.534	10.239
 2.533	10.154
 2.531	10.072
 2.530	10.031
 2.529	 9.985
 2.528	 9.937
 2.526	 9.898
 2.525	 9.854
 2.524	 9.809
 2.523	 9.771
 2.521	 9.739
 2.520	 9.712
 2.519	 9.695
 2.518	 9.680
 2.517	 9.672
 2.515	 9.673
 2.514	 9.675
 2.513	 9.677
 2.512	 9.693
 2.510	 9.710
 2.509	 9.726
 2.508	 9.737
 2.507	 9.759
 2.506	 9.758
 2.504	 9.774
 2.503	 9.806
 2.502	 9.837
 2.501	 9.851
 2.500	 9.885
 2.498	 9.909
 2.497	 9.927
 2.496	 9.940
 2.495	 9.963
 2.494	 9.998
 2.492	10.020
 2.491	10.042
 2.490	10.069
 2.489	10.085
 2.488	10.120
 2.486	10.133
 2.485	10.161
 2.484	10.187
 2.483	10.203
 2.482	10.219
 2.480	10.238
 2.479	10.244
 2.478	10.261
 2.477	10.274
 2.476	10.273
 2.475	10.267
 2.473	10.280
 2.472	10.293
 2.471	10.293
 2.470	10.280
 2.469	10.283
 2.467	10.299
 2.466	10.314
 2.465	10.316
 2.464	10.321
 2.463	10.331
 2.462	10.341
 2.460	10.367
 2.459	10.373
 2.458	10.367
 2.457	10.386
 2.456	10.418
 2.455	10.442
 2.453	10.443
 2.452	10.441
 2.451	10.465
 2.450	10.502
 2.449	10.532
 2.448	10.554
 2.447	10.581
 2.445	10.610
 2.444	10.625
 2.443	10.653
 2.442	10.684
 2.441	10.719
 2.440	10.752
 2.438	10.775
 2.437	10.785
 2.436	10.801
 2.435	10.834
 2.434	10.851
 2.433	10.885
 2.432	10.908
 2.430	10.918
 2.429	10.928
 2.428	10.940
 2.427	10.980
 2.426	10.997
 2.425	10.997
 2.424	10.994
 2.423	11.007
 2.421	11.030
 2.420	11.040
 2.419	11.055
 2.418	11.067
 2.417	11.085
 2.416	11.098
 2.415	11.096
 2.413	11.104
 2.412	11.110
 2.411	11.130
 2.410	11.151
 2.409	11.147
 2.408	11.136
 2.407	11.145
 2.406	11.149
 2.405	11.141
 2.403	11.150
 2.402	11.157
 2.401	11.155
 2.400	11.169
 2.399	11.163
 2.398	11.165
 2.397	11.175
 2.396	11.181
 2.395	11.185
 2.393	11.188
 2.392	11.193
 2.391	11.194
 2.390	11.188
 2.389	11.191
 2.388	11.207
 2.387	11.223
 2.386	11.224
 2.385	11.207
 2.384	11.208
 2.382	11.234
 2.381	11.231
 2.380	11.227
 2.379	11.225
 2.378	11.220
 2.377	11.240
 2.376	11.237
 2.375	11.239
 2.374	11.234
 2.373	11.234
 2.372	11.219
 2.370	11.220
 2.369	11.234
 2.368	11.215
 2.367	11.211
 2.366	11.192
 2.365	11.185
 2.364	11.194
 2.363	11.191
 2.362	11.175
 2.361	11.163
 2.360	11.154
 2.359	11.148
 2.358	11.142
 2.356	11.133
 2.355	11.114
 2.354	11.100
 2.353	11.061
 2.352	11.042
 2.351	11.010
 2.350	10.959
 2.349	10.930
 2.348	10.896
 2.347	10.845
 2.346	10.812
 2.345	10.763
 2.344	10.712
 2.343	10.682
 2.342	10.640
 2.340	10.599
 2.339	10.570
 2.338	10.535
 2.337	10.497
 2.336	10.454
 2.335	10.430
 2.334	10.403
 2.333	10.360
 2.332	10.313
 2.331	10.287
 2.330	10.280
 2.329	10.254
 2.328	10.222
 2.327	10.206
 2.326	10.206
 2.325	10.223
 2.324	10.218
 2.323	10.186
 2.322	10.190
 2.321	10.199
 2.320	10.202
 2.318	10.195
 2.317	10.191
 2.316	10.203
 2.315	10.225
 2.314	10.233
 2.313	10.241
 2.312	10.258
 2.311	10.250
 2.310	10.245
 2.309	10.271
 2.308	10.295
 2.307	10.285
 2.306	10.290
 2.305	10.308
 2.304	10.321
 2.303	10.326
 2.302	10.330
 2.301	10.347
 2.300	10.350
 2.299	10.360
 2.298	10.368
 2.297	10.366
 2.296	10.360
 2.295	10.372
 2.294	10.408
 2.293	10.426
 2.292	10.434
 2.291	10.471
 2.290	10.483
 2.289	10.499
 2.288	10.528
 2.287	10.546
 2.286	10.556
 2.285	10.543
 2.284	10.528
 2.283	10.536
 2.282	10.532
 2.281	10.530
 2.280	10.544
 2.279	10.545
 2.278	10.536
 2.277	10.538
 2.276	10.534
 2.275	10.530
 2.274	10.531
 2.273	10.557
 2.272	10.565
 2.271	10.550
 2.270	10.559
 2.269	10.565
 2.268	10.586
 2.267	10.605
 2.266	10.611
 2.265	10.645
 2.264	10.654
 2.263	10.678
 2.262	10.686
 2.261	10.711
 2.260	10.741
 2.259	10.734
 2.258	10.747
 2.257	10.755
 2.256	10.768
 2.255	10.797
 2.254	10.808
 2.253	10.814
 2.252	10.800
 2.251	10.816
 2.250	10.836
 2.249	10.869
 2.248	10.866
 2.247	10.872
 2.246	10.900
 2.245	10.907
 2.244	10.915
 2.243	10.934
 2.242	10.936
 2.241	10.950
 2.240	10.959
 2.239	10.968
 2.238	10.991
 2.237	10.996
 2.236	10.993
 2.236	11.011
 2.235	11.030
 2.234	11.021
 2.233	11.036
 2.232	11.045
 2.231	11.047
 2.230	11.039
 2.229	11.058
 2.228	11.053
 2.227	11.048
 2.226	11.051
 2.225	11.060
 2.224	11.065
 2.223	11.069
 2.222	11.068
 2.221	11.070
 2.220	11.085
 2.219	11.087
 2.218	11.086
 2.217	11.093
 2.216	11.082
 2.215	11.109
 2.215	11.134
 2.214	11.137
 2.213	11.126
 2.212	11.129
 2.211	11.137
 2.210	11.127
 2.209	11.158
 2.208	11.172
 2.207	11.157
 2.206	11.158
 2.205	11.194
 2.204	11.210
 2.203	11.199
 2.202	11.200
 2.201	11.206
 2.200	11.223
 2.199	11.224
 2.199	11.224
 2.198	11.254
 2.197	11.274
 2.196	11.242
 2.195	11.236
 2.194	11.251
 2.193	11.265
 2.192	11.270
 2.191	11.272
 2.190	11.264
 2.189	11.273
 2.188	11.281
 2.187	11.271
 2.186	11.278
 2.186	11.292
 2.185	11.321
 2.184	11.319
 2.183	11.308
 2.182	11.307
 2.181	11.290
 2.180	11.294
 2.179	11.305
 2.178	11.305
 2.177	11.284
 2.176	11.295
 2.175	11.321
 2.175	11.296
 2.174	11.276
 2.173	11.276
 2.172	11.292
 2.171	11.289
 2.170	11.291
 2.169	11.304
 2.168	11.285
 2.167	11.264
 2.166	11.272
 2.165	11.272
 2.165	11.285
 2.164	11.273
 2.163	11.262
 2.162	11.249
 2.161	11.257
 2.160	11.288
 2.159	11.263
 2.158	11.285
 2.157	11.303
 2.156	11.322
 2.156	11.313
 2.155	11.295
 2.154	11.317
 2.153	11.333
 2.152	11.307
 2.151	11.312
 2.150	11.313
 2.149	11.309
 2.148	11.326
 2.148	11.317
 2.147	11.294
 2.146	11.280
 2.145	11.274
 2.144	11.289
 2.143	11.291
 2.142	11.278
 2.141	11.273
 2.140	11.304
 2.140	11.319
 2.139	11.298
 2.138	11.298
 2.137	11.310
 2.136	11.319
 2.135	11.326
 2.134	11.324
 2.133	11.320
 2.133	11.314
 2.132	11.336
 2.131	11.336
 2.130	11.327
 2.129	11.333
 2.128	11.342
 2.127	11.335
 2.126	11.351
 2.126	11.356
 2.125	11.365
 2.124	11.365
 2.123	11.388
 2.122	11.395
 2.121	11.410
 2.120	11.408
 2.119	11.416
 2.119	11.434
 2.118	11.393
 2.117	11.350
 2.116	11.384
 2.115	11.398
 2.114	11.399
 2.113	11.419
 2.113	11.422
 2.112	11.407
 2.111	11.437
 2.110	11.450
 2.109	11.438
 2.108	11.434
 2.107	11.431
 2.107	11.445
 2.106	11.437
 2.105	11.438
 2.104	11.466
 2.103	11.473
 2.102	11.478
 2.101	11.466
 2.101	11.475
 2.100	11.478
 2.099	11.507
 2.098	11.528
 2.097	11.515
 2.096	11.507
 2.095	11.485
 2.095	11.495
 2.094	11.531
 2.093	11.543
 2.092	11.565
 2.091	11.547
 2.090	11.551
 2.090	11.567
 2.089	11.594
 2.088	11.581
 2.087	11.559
 2.086	11.559
 2.085	11.559
 2.085	11.571
 2.084	11.595
 2.083	11.575
 2.082	11.531
 2.081	11.554
 2.080	11.593
 2.079	11.560
