Name:  Reddish brown fine sandy loam
Type:  Soils
Class:  Alfisol
Subclass:  Paleustalf
Particle Size:  see additional information
Sample No.:  87P2376
Owner:  JHU
Wavelength range:  All
Origin:  Howard Co. Tx. via USDA Soil Conservation service.
Collection Date: N/A
Description:  The parent  material is eolian from level or undulating plains.  Reddish brown fine sandy loam (fine-loamy, mixed thermic aridic).
Measurement:  Directional (10 degree) hemispherical reflectance
First Column:  X
Second Column:  Y
X Units:  Wavelength (micrometers)
Y Units:  Reflectance (percent)
First X Value:  14.0112
Last X Value:  0.4000
Number of X Values:  2844
Additional information:  87P2376a.txt

14.011	 1.827
13.973	 1.818
13.936	 1.811
13.899	 1.822
13.861	 1.863
13.824	 1.915
13.788	 1.964
13.751	 2.003
13.715	 2.038
13.678	 2.067
13.643	 2.086
13.607	 2.101
13.571	 2.117
13.536	 2.132
13.500	 2.147
13.465	 2.166
13.430	 2.197
13.396	 2.233
13.361	 2.269
13.327	 2.308
13.293	 2.352
13.259	 2.394
13.225	 2.436
13.191	 2.483
13.158	 2.541
13.124	 2.602
13.091	 2.670
13.058	 2.753
13.025	 2.860
12.993	 2.994
12.960	 3.164
12.928	 3.368
12.896	 3.584
12.864	 3.768
12.832	 3.873
12.800	 3.863
12.769	 3.728
12.738	 3.501
12.706	 3.249
12.675	 3.047
12.644	 2.949
12.614	 2.967
12.583	 3.069
12.552	 3.187
12.522	 3.245
12.492	 3.182
12.462	 2.976
12.432	 2.645
12.402	 2.241
12.373	 1.834
12.343	 1.492
12.314	 1.259
12.285	 1.148
12.256	 1.138
12.227	 1.196
12.198	 1.286
12.169	 1.381
12.141	 1.465
12.113	 1.531
12.084	 1.583
12.056	 1.627
12.028	 1.669
12.000	 1.713
11.973	 1.763
11.945	 1.819
11.918	 1.872
11.890	 1.917
11.863	 1.952
11.836	 1.981
11.809	 2.007
11.782	 2.037
11.755	 2.072
11.729	 2.115
11.702	 2.160
11.676	 2.205
11.650	 2.244
11.624	 2.275
11.598	 2.297
11.572	 2.314
11.546	 2.324
11.520	 2.335
11.495	 2.349
11.469	 2.367
11.444	 2.388
11.419	 2.408
11.394	 2.429
11.369	 2.449
11.344	 2.469
11.319	 2.493
11.294	 2.521
11.270	 2.552
11.245	 2.582
11.221	 2.610
11.197	 2.636
11.173	 2.664
11.149	 2.698
11.125	 2.739
11.101	 2.783
11.077	 2.829
11.054	 2.871
11.030	 2.902
11.007	 2.917
10.983	 2.924
10.960	 2.925
10.937	 2.922
10.914	 2.913
10.891	 2.906
10.868	 2.901
10.845	 2.894
10.823	 2.887
10.800	 2.884
10.778	 2.886
10.755	 2.892
10.733	 2.898
10.711	 2.907
10.689	 2.919
10.667	 2.935
10.645	 2.954
10.623	 2.975
10.601	 2.998
10.580	 3.023
10.558	 3.054
10.537	 3.089
10.515	 3.131
10.494	 3.181
10.473	 3.236
10.452	 3.295
10.431	 3.359
10.410	 3.431
10.389	 3.508
10.368	 3.588
10.348	 3.667
10.327	 3.747
10.306	 3.825
10.286	 3.904
10.266	 3.987
10.245	 4.080
10.225	 4.184
10.205	 4.293
10.185	 4.405
10.165	 4.519
10.145	 4.639
10.125	 4.763
10.106	 4.892
10.086	 5.024
10.066	 5.161
10.047	 5.301
10.027	 5.442
10.008	 5.581
 9.989	 5.718
 9.970	 5.848
 9.950	 5.964
 9.931	 6.064
 9.912	 6.151
 9.893	 6.233
 9.875	 6.316
 9.856	 6.403
 9.837	 6.497
 9.819	 6.606
 9.800	 6.731
 9.781	 6.869
 9.763	 7.018
 9.745	 7.178
 9.726	 7.345
 9.708	 7.512
 9.690	 7.677
 9.672	 7.846
 9.654	 8.017
 9.636	 8.183
 9.618	 8.345
 9.600	 8.506
 9.582	 8.668
 9.565	 8.836
 9.547	 9.013
 9.530	 9.207
 9.512	 9.415
 9.495	 9.640
 9.477	 9.891
 9.460	10.175
 9.443	10.503
 9.426	10.876
 9.409	11.284
 9.392	11.704
 9.375	12.110
 9.358	12.474
 9.341	12.773
 9.324	12.993
 9.307	13.133
 9.291	13.197
 9.274	13.199
 9.257	13.155
 9.241	13.084
 9.225	13.000
 9.208	12.913
 9.192	12.832
 9.175	12.757
 9.159	12.689
 9.143	12.627
 9.127	12.568
 9.111	12.507
 9.095	12.442
 9.079	12.374
 9.063	12.300
 9.047	12.221
 9.032	12.147
 9.016	12.086
 9.000	12.046
 8.985	12.037
 8.969	12.068
 8.954	12.136
 8.938	12.227
 8.923	12.334
 8.908	12.450
 8.892	12.565
 8.877	12.670
 8.862	12.761
 8.847	12.833
 8.832	12.882
 8.817	12.905
 8.802	12.906
 8.787	12.893
 8.772	12.863
 8.757	12.826
 8.742	12.780
 8.727	12.704
 8.713	12.550
 8.698	12.268
 8.684	11.842
 8.669	11.314
 8.655	10.788
 8.640	10.419
 8.626	10.343
 8.612	10.611
 8.597	11.163
 8.583	11.863
 8.569	12.560
 8.555	13.143
 8.541	13.563
 8.527	13.844
 8.513	14.038
 8.499	14.196
 8.485	14.344
 8.471	14.498
 8.457	14.656
 8.443	14.813
 8.430	14.967
 8.416	15.120
 8.402	15.270
 8.389	15.417
 8.375	15.563
 8.361	15.719
 8.348	15.880
 8.335	16.048
 8.321	16.226
 8.308	16.419
 8.295	16.621
 8.281	16.823
 8.268	17.018
 8.255	17.200
 8.242	17.349
 8.229	17.449
 8.216	17.482
 8.203	17.429
 8.190	17.261
 8.177	16.953
 8.164	16.501
 8.151	15.912
 8.138	15.209
 8.126	14.427
 8.113	13.605
 8.100	12.782
 8.088	11.978
 8.075	11.209
 8.062	10.485
 8.050	 9.809
 8.037	 9.180
 8.025	 8.595
 8.013	 8.046
 8.000	 7.527
 7.988	 7.028
 7.976	 6.542
 7.963	 6.067
 7.951	 5.607
 7.939	 5.168
 7.927	 4.758
 7.915	 4.382
 7.903	 4.047
 7.891	 3.749
 7.879	 3.482
 7.867	 3.245
 7.855	 3.035
 7.843	 2.852
 7.831	 2.692
 7.819	 2.556
 7.808	 2.445
 7.796	 2.352
 7.784	 2.271
 7.772	 2.199
 7.761	 2.128
 7.749	 2.052
 7.737	 1.968
 7.726	 1.879
 7.715	 1.793
 7.703	 1.713
 7.692	 1.643
 7.680	 1.584
 7.669	 1.531
 7.657	 1.477
 7.646	 1.419
 7.635	 1.360
 7.624	 1.306
 7.613	 1.258
 7.601	 1.220
 7.590	 1.191
 7.579	 1.167
 7.568	 1.143
 7.557	 1.118
 7.546	 1.091
 7.535	 1.063
 7.524	 1.036
 7.513	 1.010
 7.502	 0.984
 7.492	 0.960
 7.481	 0.942
 7.470	 0.929
 7.459	 0.918
 7.449	 0.909
 7.438	 0.900
 7.427	 0.891
 7.417	 0.878
 7.406	 0.868
 7.395	 0.863
 7.385	 0.859
 7.374	 0.853
 7.364	 0.848
 7.353	 0.843
 7.343	 0.838
 7.333	 0.835
 7.322	 0.838
 7.312	 0.843
 7.302	 0.849
 7.291	 0.853
 7.281	 0.858
 7.271	 0.864
 7.261	 0.869
 7.251	 0.874
 7.240	 0.877
 7.230	 0.876
 7.220	 0.874
 7.210	 0.872
 7.200	 0.869
 7.190	 0.866
 7.180	 0.866
 7.170	 0.867
 7.160	 0.873
 7.151	 0.884
 7.141	 0.901
 7.131	 0.919
 7.121	 0.930
 7.111	 0.935
 7.102	 0.934
 7.092	 0.927
 7.082	 0.917
 7.072	 0.909
 7.063	 0.903
 7.053	 0.897
 7.044	 0.893
 7.034	 0.894
 7.025	 0.900
 7.015	 0.912
 7.006	 0.925
 6.996	 0.940
 6.987	 0.951
 6.977	 0.959
 6.968	 0.967
 6.959	 0.975
 6.949	 0.986
 6.940	 0.997
 6.931	 1.006
 6.921	 1.013
 6.912	 1.016
 6.903	 1.013
 6.894	 1.008
 6.885	 1.000
 6.875	 0.991
 6.866	 0.984
 6.857	 0.981
 6.848	 0.983
 6.839	 0.987
 6.830	 0.990
 6.821	 0.991
 6.812	 0.990
 6.803	 0.990
 6.794	 0.992
 6.785	 0.998
 6.777	 1.011
 6.768	 1.026
 6.759	 1.038
 6.750	 1.044
 6.741	 1.043
 6.733	 1.036
 6.724	 1.025
 6.715	 1.015
 6.707	 1.011
 6.698	 1.014
 6.689	 1.020
 6.681	 1.029
 6.672	 1.038
 6.663	 1.045
 6.655	 1.052
 6.646	 1.057
 6.638	 1.062
 6.629	 1.067
 6.621	 1.068
 6.612	 1.063
 6.604	 1.054
 6.596	 1.044
 6.587	 1.036
 6.579	 1.034
 6.571	 1.039
 6.562	 1.050
 6.554	 1.061
 6.546	 1.073
 6.537	 1.081
 6.529	 1.085
 6.521	 1.087
 6.513	 1.093
 6.505	 1.105
 6.496	 1.124
 6.488	 1.152
 6.480	 1.190
 6.472	 1.229
 6.464	 1.260
 6.456	 1.278
 6.448	 1.280
 6.440	 1.270
 6.432	 1.253
 6.424	 1.237
 6.416	 1.227
 6.408	 1.227
 6.400	 1.232
 6.392	 1.235
 6.384	 1.229
 6.377	 1.214
 6.369	 1.193
 6.361	 1.170
 6.353	 1.148
 6.345	 1.132
 6.338	 1.121
 6.330	 1.111
 6.322	 1.100
 6.314	 1.087
 6.307	 1.076
 6.299	 1.067
 6.291	 1.060
 6.284	 1.050
 6.276	 1.040
 6.269	 1.029
 6.261	 1.017
 6.253	 1.005
 6.246	 0.998
 6.239	 1.000
 6.231	 1.007
 6.223	 1.009
 6.216	 1.005
 6.209	 0.996
 6.201	 0.981
 6.194	 0.962
 6.186	 0.947
 6.179	 0.942
 6.172	 0.946
 6.164	 0.953
 6.157	 0.961
 6.150	 0.968
 6.142	 0.971
 6.135	 0.970
 6.128	 0.968
 6.121	 0.966
 6.113	 0.968
 6.106	 0.972
 6.099	 0.980
 6.092	 0.986
 6.085	 0.986
 6.078	 0.981
 6.070	 0.972
 6.063	 0.967
 6.056	 0.967
 6.049	 0.977
 6.042	 0.998
 6.035	 1.024
 6.028	 1.046
 6.021	 1.059
 6.014	 1.066
 6.007	 1.066
 6.000	 1.062
 5.993	 1.053
 5.986	 1.047
 5.979	 1.044
 5.973	 1.042
 5.966	 1.039
 5.959	 1.040
 5.952	 1.044
 5.945	 1.052
 5.938	 1.065
 5.931	 1.085
 5.925	 1.112
 5.918	 1.140
 5.911	 1.165
 5.904	 1.187
 5.898	 1.205
 5.891	 1.226
 5.884	 1.253
 5.878	 1.289
 5.871	 1.337
 5.864	 1.390
 5.858	 1.444
 5.851	 1.490
 5.845	 1.527
 5.838	 1.557
 5.831	 1.584
 5.825	 1.613
 5.818	 1.654
 5.812	 1.708
 5.805	 1.766
 5.799	 1.818
 5.792	 1.860
 5.786	 1.891
 5.779	 1.912
 5.773	 1.930
 5.767	 1.956
 5.760	 1.998
 5.754	 2.050
 5.747	 2.102
 5.741	 2.150
 5.735	 2.188
 5.728	 2.210
 5.722	 2.221
 5.716	 2.229
 5.709	 2.238
 5.703	 2.245
 5.697	 2.243
 5.691	 2.229
 5.684	 2.199
 5.678	 2.148
 5.672	 2.080
 5.666	 2.003
 5.660	 1.923
 5.653	 1.846
 5.647	 1.780
 5.641	 1.731
 5.635	 1.698
 5.629	 1.677
 5.623	 1.666
 5.617	 1.662
 5.611	 1.656
 5.604	 1.647
 5.598	 1.635
 5.592	 1.625
 5.586	 1.615
 5.580	 1.608
 5.574	 1.609
 5.568	 1.617
 5.562	 1.629
 5.556	 1.644
 5.551	 1.662
 5.545	 1.684
 5.539	 1.707
 5.533	 1.730
 5.527	 1.755
 5.521	 1.782
 5.515	 1.808
 5.509	 1.837
 5.503	 1.869
 5.497	 1.903
 5.492	 1.938
 5.486	 1.970
 5.480	 2.001
 5.474	 2.028
 5.468	 2.050
 5.463	 2.072
 5.457	 2.092
 5.451	 2.103
 5.446	 2.102
 5.440	 2.086
 5.434	 2.054
 5.428	 2.008
 5.423	 1.954
 5.417	 1.902
 5.411	 1.853
 5.406	 1.807
 5.400	 1.764
 5.394	 1.724
 5.389	 1.686
 5.383	 1.652
 5.378	 1.626
 5.372	 1.606
 5.367	 1.592
 5.361	 1.582
 5.356	 1.574
 5.350	 1.568
 5.345	 1.567
 5.339	 1.570
 5.333	 1.576
 5.328	 1.584
 5.322	 1.592
 5.317	 1.601
 5.312	 1.610
 5.306	 1.623
 5.301	 1.638
 5.295	 1.656
 5.290	 1.675
 5.285	 1.694
 5.279	 1.710
 5.274	 1.726
 5.268	 1.744
 5.263	 1.767
 5.258	 1.795
 5.252	 1.831
 5.247	 1.875
 5.242	 1.925
 5.237	 1.978
 5.231	 2.035
 5.226	 2.092
 5.221	 2.148
 5.215	 2.200
 5.210	 2.249
 5.205	 2.291
 5.200	 2.322
 5.194	 2.342
 5.189	 2.352
 5.184	 2.355
 5.179	 2.353
 5.174	 2.348
 5.169	 2.344
 5.163	 2.341
 5.158	 2.341
 5.153	 2.340
 5.148	 2.340
 5.143	 2.341
 5.138	 2.341
 5.133	 2.340
 5.128	 2.340
 5.123	 2.342
 5.118	 2.346
 5.113	 2.350
 5.107	 2.350
 5.103	 2.346
 5.098	 2.337
 5.093	 2.321
 5.088	 2.303
 5.082	 2.284
 5.077	 2.265
 5.073	 2.249
 5.068	 2.236
 5.063	 2.227
 5.058	 2.225
 5.053	 2.227
 5.048	 2.232
 5.043	 2.238
 5.038	 2.241
 5.033	 2.240
 5.028	 2.237
 5.023	 2.235
 5.019	 2.235
 5.014	 2.238
 5.009	 2.244
 5.004	 2.252
 4.999	 2.259
 4.994	 2.267
 4.990	 2.282
 4.985	 2.309
 4.980	 2.351
 4.975	 2.409
 4.970	 2.481
 4.966	 2.562
 4.961	 2.643
 4.956	 2.719
 4.951	 2.789
 4.947	 2.851
 4.942	 2.907
 4.937	 2.962
 4.933	 3.024
 4.928	 3.098
 4.923	 3.194
 4.919	 3.318
 4.914	 3.479
 4.909	 3.685
 4.905	 3.941
 4.900	 4.248
 4.895	 4.600
 4.891	 4.984
 4.886	 5.387
 4.881	 5.791
 4.877	 6.185
 4.872	 6.561
 4.868	 6.918
 4.863	 7.257
 4.859	 7.578
 4.854	 7.884
 4.849	 8.177
 4.845	 8.454
 4.840	 8.714
 4.836	 8.960
 4.832	 9.192
 4.827	 9.415
 4.822	 9.626
 4.818	 9.829
 4.814	10.026
 4.809	10.217
 4.805	10.402
 4.800	10.582
 4.796	10.758
 4.791	10.933
 4.787	11.101
 4.782	11.262
 4.778	11.416
 4.774	11.563
 4.769	11.704
 4.765	11.840
 4.761	11.973
 4.756	12.100
 4.752	12.219
 4.747	12.325
 4.743	12.418
 4.739	12.496
 4.734	12.559
 4.730	12.605
 4.726	12.626
 4.721	12.615
 4.717	12.563
 4.713	12.457
 4.709	12.290
 4.704	12.060
 4.700	11.778
 4.696	11.472
 4.691	11.186
 4.687	10.970
 4.683	10.867
 4.679	10.897
 4.675	11.055
 4.670	11.313
 4.666	11.630
 4.662	11.971
 4.658	12.312
 4.654	12.644
 4.649	12.967
 4.645	13.289
 4.641	13.605
 4.637	13.914
 4.633	14.209
 4.629	14.478
 4.625	14.716
 4.620	14.922
 4.616	15.101
 4.612	15.257
 4.608	15.394
 4.604	15.515
 4.600	15.623
 4.596	15.718
 4.592	15.797
 4.588	15.861
 4.584	15.908
 4.580	15.936
 4.576	15.944
 4.572	15.929
 4.567	15.891
 4.564	15.828
 4.559	15.732
 4.556	15.598
 4.551	15.423
 4.548	15.205
 4.543	14.947
 4.540	14.658
 4.536	14.347
 4.532	14.014
 4.528	13.656
 4.524	13.268
 4.520	12.850
 4.516	12.408
 4.512	11.960
 4.508	11.529
 4.504	11.141
 4.500	10.812
 4.496	10.549
 4.492	10.347
 4.488	10.195
 4.485	10.075
 4.481	 9.972
 4.477	 9.885
 4.473	 9.821
 4.469	 9.796
 4.465	 9.822
 4.461	 9.908
 4.458	10.050
 4.454	10.226
 4.450	10.412
 4.446	10.592
 4.442	10.757
 4.439	10.907
 4.435	11.049
 4.431	11.192
 4.427	11.342
 4.423	11.505
 4.420	11.679
 4.416	11.867
 4.412	12.069
 4.408	12.283
 4.404	12.512
 4.401	12.758
 4.397	13.021
 4.393	13.300
 4.390	13.591
 4.386	13.891
 4.382	14.199
 4.378	14.509
 4.375	14.822
 4.371	15.138
 4.367	15.449
 4.364	15.747
 4.360	16.025
 4.356	16.281
 4.353	16.515
 4.349	16.725
 4.346	16.916
 4.342	17.088
 4.338	17.239
 4.335	17.366
 4.331	17.466
 4.327	17.538
 4.324	17.580
 4.320	17.594
 4.316	17.581
 4.313	17.547
 4.309	17.497
 4.306	17.436
 4.302	17.375
 4.299	17.323
 4.295	17.290
 4.292	17.278
 4.288	17.289
 4.284	17.322
 4.281	17.371
 4.277	17.437
 4.274	17.527
 4.270	17.646
 4.267	17.800
 4.263	17.977
 4.260	18.155
 4.256	18.311
 4.253	18.419
 4.249	18.476
 4.246	18.485
 4.242	18.468
 4.239	18.450
 4.235	18.453
 4.232	18.485
 4.229	18.546
 4.225	18.628
 4.222	18.721
 4.218	18.811
 4.215	18.891
 4.211	18.956
 4.208	19.007
 4.205	19.049
 4.201	19.085
 4.198	19.128
 4.194	19.188
 4.191	19.273
 4.188	19.381
 4.184	19.504
 4.181	19.639
 4.177	19.775
 4.174	19.904
 4.171	20.024
 4.167	20.141
 4.164	20.256
 4.161	20.369
 4.157	20.479
 4.154	20.588
 4.151	20.695
 4.147	20.793
 4.144	20.888
 4.141	20.987
 4.137	21.089
 4.134	21.199
 4.131	21.322
 4.128	21.457
 4.124	21.596
 4.121	21.735
 4.118	21.875
 4.114	22.011
 4.111	22.142
 4.108	22.276
 4.105	22.418
 4.101	22.568
 4.098	22.718
 4.095	22.864
 4.092	23.002
 4.088	23.127
 4.085	23.238
 4.082	23.341
 4.079	23.437
 4.076	23.526
 4.072	23.600
 4.069	23.661
 4.066	23.715
 4.063	23.763
 4.060	23.804
 4.056	23.837
 4.053	23.860
 4.050	23.869
 4.047	23.863
 4.044	23.851
 4.041	23.841
 4.037	23.834
 4.034	23.829
 4.031	23.829
 4.028	23.831
 4.025	23.835
 4.022	23.839
 4.019	23.841
 4.016	23.844
 4.013	23.845
 4.009	23.846
 4.006	23.850
 4.003	23.862
 4.000	23.887
 3.997	23.920
 3.994	23.961
 3.991	24.009
 3.988	24.061
 3.985	24.116
 3.982	24.171
 3.979	24.232
 3.976	24.300
 3.973	24.372
 3.970	24.449
 3.966	24.530
 3.963	24.614
 3.960	24.696
 3.957	24.775
 3.954	24.852
 3.951	24.923
 3.948	24.987
 3.945	25.047
 3.942	25.104
 3.939	25.158
 3.936	25.209
 3.933	25.254
 3.930	25.292
 3.927	25.317
 3.924	25.331
 3.921	25.337
 3.918	25.333
 3.916	25.316
 3.913	25.287
 3.910	25.245
 3.907	25.194
 3.904	25.138
 3.901	25.081
 3.898	25.024
 3.895	24.963
 3.892	24.896
 3.889	24.820
 3.886	24.736
 3.883	24.650
 3.880	24.565
 3.877	24.481
 3.875	24.398
 3.872	24.319
 3.869	24.243
 3.866	24.172
 3.863	24.110
 3.860	24.061
 3.857	24.024
 3.854	23.996
 3.852	23.973
 3.849	23.950
 3.846	23.925
 3.843	23.898
 3.840	23.868
 3.837	23.838
 3.834	23.814
 3.832	23.802
 3.829	23.800
 3.826	23.809
 3.823	23.822
 3.820	23.833
 3.817	23.833
 3.815	23.819
 3.812	23.794
 3.809	23.759
 3.806	23.716
 3.804	23.669
 3.801	23.619
 3.798	23.566
 3.795	23.511
 3.792	23.453
 3.790	23.389
 3.787	23.317
 3.784	23.237
 3.781	23.150
 3.779	23.058
 3.776	22.961
 3.773	22.858
 3.770	22.751
 3.768	22.640
 3.765	22.530
 3.762	22.427
 3.759	22.333
 3.757	22.247
 3.754	22.166
 3.751	22.090
 3.748	22.020
 3.746	21.951
 3.743	21.884
 3.740	21.818
 3.738	21.755
 3.735	21.698
 3.732	21.649
 3.730	21.611
 3.727	21.586
 3.724	21.570
 3.722	21.555
 3.719	21.541
 3.716	21.532
 3.714	21.527
 3.711	21.527
 3.708	21.532
 3.706	21.542
 3.703	21.553
 3.700	21.560
 3.698	21.562
 3.695	21.560
 3.692	21.555
 3.690	21.549
 3.687	21.545
 3.684	21.541
 3.682	21.534
 3.679	21.524
 3.677	21.509
 3.674	21.487
 3.671	21.463
 3.669	21.441
 3.666	21.418
 3.664	21.390
 3.661	21.357
 3.659	21.317
 3.656	21.265
 3.653	21.199
 3.651	21.126
 3.648	21.050
 3.646	20.973
 3.643	20.900
 3.641	20.836
 3.638	20.777
 3.635	20.713
 3.633	20.640
 3.630	20.557
 3.628	20.466
 3.625	20.372
 3.623	20.282
 3.620	20.198
 3.618	20.123
 3.615	20.051
 3.613	19.978
 3.610	19.898
 3.608	19.816
 3.605	19.730
 3.603	19.641
 3.600	19.552
 3.598	19.469
 3.595	19.390
 3.593	19.311
 3.590	19.231
 3.588	19.154
 3.585	19.074
 3.583	18.989
 3.580	18.900
 3.578	18.809
 3.575	18.716
 3.573	18.620
 3.570	18.525
 3.568	18.440
 3.565	18.362
 3.563	18.289
 3.561	18.216
 3.558	18.136
 3.556	18.048
 3.553	17.948
 3.551	17.841
 3.548	17.734
 3.546	17.631
 3.543	17.532
 3.541	17.437
 3.539	17.342
 3.536	17.245
 3.534	17.145
 3.531	17.040
 3.529	16.924
 3.527	16.799
 3.524	16.664
 3.522	16.518
 3.519	16.363
 3.517	16.199
 3.515	16.028
 3.512	15.850
 3.510	15.666
 3.507	15.491
 3.505	15.338
 3.503	15.217
 3.500	15.136
 3.498	15.091
 3.496	15.072
 3.493	15.058
 3.491	15.031
 3.489	14.982
 3.486	14.915
 3.484	14.835
 3.482	14.750
 3.479	14.665
 3.477	14.586
 3.475	14.511
 3.472	14.432
 3.470	14.349
 3.468	14.270
 3.465	14.194
 3.463	14.117
 3.461	14.032
 3.458	13.943
 3.456	13.845
 3.454	13.736
 3.451	13.621
 3.449	13.507
 3.447	13.394
 3.445	13.281
 3.442	13.169
 3.440	13.058
 3.438	12.941
 3.436	12.809
 3.433	12.661
 3.431	12.494
 3.429	12.313
 3.426	12.131
 3.424	11.964
 3.422	11.822
 3.420	11.705
 3.417	11.611
 3.415	11.532
 3.413	11.461
 3.411	11.402
 3.408	11.360
 3.406	11.334
 3.404	11.322
 3.402	11.316
 3.399	11.306
 3.397	11.280
 3.395	11.237
 3.393	11.181
 3.391	11.114
 3.388	11.041
 3.386	10.963
 3.384	10.885
 3.382	10.805
 3.380	10.729
 3.377	10.667
 3.375	10.619
 3.373	10.581
 3.371	10.551
 3.369	10.522
 3.366	10.491
 3.364	10.450
 3.362	10.402
 3.360	10.349
 3.358	10.292
 3.355	10.232
 3.353	10.171
 3.351	10.112
 3.349	10.053
 3.347	 9.994
 3.345	 9.932
 3.342	 9.866
 3.340	 9.797
 3.338	 9.726
 3.336	 9.656
 3.334	 9.588
 3.332	 9.518
 3.330	 9.447
 3.327	 9.373
 3.325	 9.295
 3.323	 9.214
 3.321	 9.133
 3.319	 9.053
 3.317	 8.975
 3.315	 8.895
 3.313	 8.813
 3.310	 8.733
 3.308	 8.655
 3.306	 8.578
 3.304	 8.504
 3.302	 8.436
 3.300	 8.370
 3.298	 8.301
 3.296	 8.227
 3.294	 8.149
 3.292	 8.070
 3.289	 7.988
 3.287	 7.907
 3.285	 7.832
 3.283	 7.763
 3.281	 7.697
 3.279	 7.634
 3.277	 7.575
 3.275	 7.519
 3.273	 7.458
 3.271	 7.390
 3.269	 7.312
 3.267	 7.227
 3.265	 7.138
 3.263	 7.052
 3.260	 6.978
 3.258	 6.919
 3.256	 6.870
 3.254	 6.821
 3.252	 6.766
 3.250	 6.706
 3.248	 6.644
 3.246	 6.581
 3.244	 6.520
 3.242	 6.460
 3.240	 6.399
 3.238	 6.331
 3.236	 6.258
 3.234	 6.186
 3.232	 6.126
 3.230	 6.078
 3.228	 6.038
 3.226	 5.997
 3.224	 5.950
 3.222	 5.897
 3.220	 5.834
 3.218	 5.770
 3.216	 5.712
 3.214	 5.658
 3.212	 5.603
 3.210	 5.544
 3.208	 5.478
 3.206	 5.409
 3.204	 5.342
 3.202	 5.285
 3.200	 5.238
 3.198	 5.196
 3.196	 5.157
 3.194	 5.118
 3.192	 5.074
 3.190	 5.025
 3.188	 4.976
 3.186	 4.929
 3.184	 4.882
 3.182	 4.832
 3.180	 4.782
 3.179	 4.733
 3.177	 4.684
 3.175	 4.638
 3.173	 4.601
 3.171	 4.568
 3.169	 4.532
 3.167	 4.491
 3.165	 4.444
 3.163	 4.391
 3.161	 4.339
 3.159	 4.292
 3.157	 4.250
 3.155	 4.209
 3.153	 4.165
 3.151	 4.117
 3.150	 4.065
 3.148	 4.015
 3.146	 3.973
 3.144	 3.940
 3.142	 3.909
 3.140	 3.878
 3.138	 3.845
 3.136	 3.810
 3.134	 3.773
 3.132	 3.736
 3.131	 3.701
 3.129	 3.668
 3.127	 3.634
 3.125	 3.603
 3.123	 3.572
 3.121	 3.542
 3.119	 3.511
 3.117	 3.481
 3.115	 3.454
 3.114	 3.433
 3.112	 3.421
 3.110	 3.418
 3.108	 3.416
 3.106	 3.407
 3.104	 3.386
 3.102	 3.359
 3.101	 3.326
 3.099	 3.295
 3.097	 3.269
 3.095	 3.249
 3.093	 3.235
 3.091	 3.221
 3.090	 3.203
 3.088	 3.184
 3.086	 3.160
 3.084	 3.133
 3.082	 3.104
 3.080	 3.083
 3.079	 3.071
 3.077	 3.066
 3.075	 3.063
 3.073	 3.059
 3.071	 3.050
 3.069	 3.036
 3.067	 3.019
 3.066	 3.008
 3.064	 3.001
 3.062	 2.997
 3.060	 2.993
 3.058	 2.986
 3.057	 2.974
 3.055	 2.958
 3.053	 2.941
 3.051	 2.929
 3.050	 2.921
 3.048	 2.917
 3.046	 2.914
 3.044	 2.913
 3.042	 2.909
 3.041	 2.902
 3.039	 2.893
 3.037	 2.883
 3.035	 2.869
 3.033	 2.852
 3.032	 2.838
 3.030	 2.833
 3.028	 2.829
 3.026	 2.825
 3.025	 2.822
 3.023	 2.812
 3.021	 2.793
 3.019	 2.769
 3.018	 2.747
 3.016	 2.733
 3.014	 2.723
 3.012	 2.717
 3.010	 2.715
 3.009	 2.708
 3.007	 2.696
 3.005	 2.681
 3.004	 2.666
 3.002	 2.654
 3.000	 2.641
 2.998	 2.627
 2.997	 2.610
 2.995	 2.591
 2.993	 2.578
 2.991	 2.574
 2.990	 2.579
 2.988	 2.587
 2.986	 2.589
 2.985	 2.582
 2.983	 2.563
 2.981	 2.539
 2.979	 2.520
 2.978	 2.508
 2.976	 2.500
 2.974	 2.490
 2.973	 2.470
 2.971	 2.441
 2.969	 2.408
 2.967	 2.376
 2.966	 2.356
 2.964	 2.350
 2.962	 2.354
 2.961	 2.366
 2.959	 2.380
 2.957	 2.394
 2.956	 2.400
 2.954	 2.401
 2.952	 2.405
 2.951	 2.410
 2.949	 2.409
 2.947	 2.404
 2.946	 2.398
 2.944	 2.388
 2.942	 2.368
 2.941	 2.347
 2.939	 2.335
 2.937	 2.331
 2.936	 2.329
 2.934	 2.336
 2.932	 2.353
 2.931	 2.371
 2.929	 2.384
 2.927	 2.385
 2.926	 2.379
 2.924	 2.364
 2.922	 2.347
 2.921	 2.336
 2.919	 2.339
 2.917	 2.352
 2.916	 2.368
 2.914	 2.377
 2.912	 2.377
 2.911	 2.366
 2.909	 2.352
 2.908	 2.342
 2.906	 2.347
 2.904	 2.364
 2.903	 2.385
 2.901	 2.399
 2.899	 2.411
 2.898	 2.426
 2.896	 2.437
 2.895	 2.446
 2.893	 2.456
 2.891	 2.461
 2.890	 2.455
 2.888	 2.450
 2.886	 2.457
 2.885	 2.475
 2.883	 2.494
 2.882	 2.513
 2.880	 2.525
 2.878	 2.519
 2.877	 2.497
 2.875	 2.476
 2.874	 2.462
 2.872	 2.453
 2.870	 2.450
 2.869	 2.461
 2.867	 2.482
 2.866	 2.502
 2.864	 2.513
 2.863	 2.521
 2.861	 2.527
 2.859	 2.530
 2.858	 2.534
 2.856	 2.552
 2.855	 2.582
 2.853	 2.611
 2.852	 2.632
 2.850	 2.643
 2.848	 2.646
 2.847	 2.645
 2.845	 2.648
 2.844	 2.655
 2.842	 2.661
 2.841	 2.668
 2.839	 2.673
 2.837	 2.672
 2.836	 2.667
 2.834	 2.668
 2.833	 2.679
 2.831	 2.685
 2.830	 2.687
 2.828	 2.688
 2.827	 2.684
 2.825	 2.671
 2.824	 2.655
 2.822	 2.644
 2.821	 2.642
 2.819	 2.645
 2.817	 2.653
 2.816	 2.660
 2.814	 2.660
 2.813	 2.655
 2.811	 2.649
 2.810	 2.640
 2.808	 2.631
 2.807	 2.624
 2.805	 2.619
 2.804	 2.611
 2.802	 2.602
 2.801	 2.596
 2.799	 2.586
 2.798	 2.568
 2.796	 2.544
 2.795	 2.517
 2.793	 2.490
 2.792	 2.469
 2.790	 2.454
 2.789	 2.439
 2.787	 2.414
 2.786	 2.383
 2.784	 2.347
 2.783	 2.309
 2.781	 2.275
 2.780	 2.258
 2.778	 2.254
 2.777	 2.246
 2.775	 2.228
 2.774	 2.196
 2.772	 2.151
 2.771	 2.101
 2.769	 2.054
 2.768	 2.025
 2.766	 2.013
 2.765	 2.010
 2.763	 2.002
 2.762	 1.980
 2.760	 1.949
 2.759	 1.915
 2.757	 1.880
 2.756	 1.860
 2.755	 1.869
 2.753	 1.904
 2.752	 1.952
 2.750	 2.003
 2.749	 2.054
 2.747	 2.093
 2.746	 2.117
 2.744	 2.141
 2.743	 2.175
 2.741	 2.221
 2.740	 2.279
 2.739	 2.354
 2.737	 2.440
 2.736	 2.526
 2.734	 2.617
 2.733	 2.712
 2.731	 2.801
 2.730	 2.888
 2.728	 2.971
 2.727	 3.051
 2.726	 3.127
 2.724	 3.213
 2.723	 3.329
 2.721	 3.471
 2.720	 3.646
 2.719	 3.852
 2.717	 4.057
 2.716	 4.229
 2.714	 4.344
 2.713	 4.396
 2.711	 4.385
 2.710	 4.318
 2.708	 4.233
 2.707	 4.170
 2.706	 4.163
 2.704	 4.240
 2.703	 4.427
 2.701	 4.723
 2.700	 5.112
 2.699	 5.587
 2.697	 6.152
 2.696	 6.828
 2.695	 7.641
 2.693	 8.605
 2.692	 9.709
 2.690	10.903
 2.689	12.131
 2.688	13.344
 2.686	14.496
 2.685	15.546
 2.683	16.466
 2.682	17.251
 2.680	17.946
 2.679	18.588
 2.678	19.186
 2.676	19.770
 2.675	20.351
 2.674	20.876
 2.672	21.284
 2.671	21.582
 2.670	21.872
 2.668	22.208
 2.667	22.586
 2.665	23.062
 2.664	23.645
 2.663	24.253
 2.661	24.788
 2.660	25.221
 2.659	25.569
 2.657	25.836
 2.656	26.032
 2.655	26.240
 2.653	26.480
 2.652	26.741
 2.650	27.004
 2.649	27.240
 2.648	27.428
 2.646	27.579
 2.645	27.729
 2.644	27.917
 2.642	28.126
 2.641	28.350
 2.640	28.587
 2.638	28.770
 2.637	28.846
 2.636	28.831
 2.634	28.753
 2.633	28.651
 2.631	28.558
 2.630	28.555
 2.629	28.705
 2.627	28.927
 2.626	29.168
 2.625	29.407
 2.624	29.546
 2.622	29.559
 2.621	29.479
 2.620	29.411
 2.618	29.436
 2.617	29.540
 2.616	29.763
 2.614	30.070
 2.613	30.313
 2.612	30.423
 2.610	30.378
 2.609	30.225
 2.608	30.032
 2.606	29.880
 2.605	29.900
 2.604	30.137
 2.603	30.458
 2.601	30.702
 2.600	30.758
 2.599	30.599
 2.597	30.289
 2.596	29.975
 2.595	29.843
 2.593	30.017
 2.592	30.386
 2.591	30.755
 2.590	31.008
 2.588	31.096
 2.587	31.053
 2.586	30.975
 2.584	30.947
 2.583	31.044
 2.582	31.234
 2.580	31.409
 2.579	31.534
 2.578	31.583
 2.577	31.562
 2.575	31.512
 2.574	31.461
 2.573	31.479
 2.571	31.588
 2.570	31.731
 2.569	31.877
 2.568	31.976
 2.566	31.980
 2.565	31.902
 2.564	31.800
 2.563	31.765
 2.561	31.850
 2.560	32.036
 2.559	32.278
 2.558	32.495
 2.556	32.622
 2.555	32.649
 2.554	32.608
 2.553	32.561
 2.551	32.562
 2.550	32.614
 2.549	32.684
 2.547	32.746
 2.546	32.795
 2.545	32.834
 2.544	32.858
 2.542	32.880
 2.541	32.913
 2.540	32.942
 2.539	32.948
 2.538	32.942
 2.536	32.942
 2.535	32.958
 2.534	32.983
 2.533	33.016
 2.531	33.061
 2.530	33.109
 2.529	33.151
 2.528	33.195
 2.526	33.242
 2.525	33.290
 2.524	33.328
 2.523	33.357
 2.522	33.375
 2.520	33.380
 2.519	33.382
 2.518	33.396
 2.517	33.422
 2.515	33.458
 2.514	33.510
 2.513	33.569
 2.512	33.620
 2.510	33.654
 2.509	33.679
 2.508	33.703
 2.507	33.719
 2.506	33.729
 2.504	33.744
 2.503	33.761
 2.502	33.780
 2.501	33.806
 2.500	33.849
 2.498	33.922
 2.497	34.015
 2.496	34.106
 2.495	34.184
 2.494	34.237
 2.492	34.265
 2.491	34.275
 2.490	34.278
 2.489	34.297
 2.488	34.344
 2.486	34.406
 2.485	34.475
 2.484	34.548
 2.483	34.624
 2.482	34.694
 2.481	34.746
 2.479	34.793
 2.478	34.847
 2.477	34.897
 2.476	34.934
 2.474	34.964
 2.473	34.998
 2.472	35.028
 2.471	35.053
 2.470	35.090
 2.469	35.146
 2.467	35.212
 2.466	35.277
 2.465	35.337
 2.464	35.394
 2.463	35.447
 2.462	35.500
 2.460	35.556
 2.459	35.612
 2.458	35.663
 2.457	35.706
 2.456	35.736
 2.455	35.755
 2.454	35.777
 2.452	35.812
 2.451	35.859
 2.450	35.905
 2.449	35.949
 2.448	35.995
 2.446	36.041
 2.445	36.089
 2.444	36.148
 2.443	36.223
 2.442	36.302
 2.441	36.377
 2.440	36.447
 2.438	36.512
 2.437	36.572
 2.436	36.634
 2.435	36.706
 2.434	36.779
 2.433	36.855
 2.432	36.939
 2.430	37.025
 2.429	37.107
 2.428	37.182
 2.427	37.255
 2.426	37.335
 2.425	37.422
 2.424	37.522
 2.422	37.627
 2.421	37.727
 2.420	37.816
 2.419	37.884
 2.418	37.936
 2.417	37.991
 2.416	38.057
 2.415	38.142
 2.413	38.231
 2.412	38.317
 2.411	38.405
 2.410	38.482
 2.409	38.536
 2.408	38.574
 2.407	38.606
 2.406	38.641
 2.405	38.676
 2.403	38.718
 2.402	38.772
 2.401	38.825
 2.400	38.860
 2.399	38.884
 2.398	38.907
 2.397	38.931
 2.396	38.962
 2.394	38.999
 2.393	39.032
 2.392	39.056
 2.391	39.072
 2.390	39.082
 2.389	39.085
 2.388	39.078
 2.387	39.069
 2.386	39.058
 2.385	39.053
 2.384	39.072
 2.382	39.131
 2.381	39.223
 2.380	39.328
 2.379	39.427
 2.378	39.512
 2.377	39.578
 2.376	39.620
 2.375	39.651
 2.374	39.688
 2.373	39.724
 2.372	39.755
 2.370	39.779
 2.369	39.803
 2.368	39.833
 2.367	39.857
 2.366	39.889
 2.365	39.934
 2.364	39.978
 2.363	40.021
 2.362	40.062
 2.361	40.104
 2.360	40.150
 2.359	40.197
 2.357	40.258
 2.356	40.330
 2.355	40.393
 2.354	40.441
 2.353	40.479
 2.352	40.507
 2.351	40.523
 2.350	40.534
 2.349	40.552
 2.348	40.575
 2.347	40.602
 2.346	40.642
 2.345	40.711
 2.344	40.800
 2.343	40.885
 2.341	40.958
 2.341	41.005
 2.339	41.018
 2.338	41.017
 2.337	41.030
 2.336	41.080
 2.335	41.167
 2.334	41.286
 2.333	41.418
 2.332	41.534
 2.331	41.612
 2.330	41.651
 2.329	41.672
 2.328	41.699
 2.327	41.750
 2.326	41.844
 2.325	41.965
 2.324	42.091
 2.323	42.192
 2.322	42.252
 2.321	42.284
 2.320	42.299
 2.318	42.313
 2.317	42.342
 2.316	42.372
 2.315	42.399
 2.314	42.423
 2.313	42.442
 2.312	42.465
 2.311	42.496
 2.310	42.539
 2.309	42.595
 2.308	42.656
 2.307	42.723
 2.306	42.793
 2.305	42.851
 2.304	42.893
 2.303	42.918
 2.302	42.925
 2.301	42.920
 2.300	42.929
 2.299	42.968
 2.298	43.035
 2.297	43.118
 2.296	43.202
 2.295	43.270
 2.294	43.305
 2.293	43.314
 2.292	43.320
 2.291	43.339
 2.290	43.372
 2.289	43.411
 2.288	43.448
 2.287	43.481
 2.286	43.501
 2.285	43.517
 2.284	43.532
 2.283	43.549
 2.282	43.563
 2.281	43.571
 2.280	43.578
 2.279	43.593
 2.278	43.610
 2.277	43.624
 2.276	43.627
 2.275	43.616
 2.274	43.594
 2.273	43.578
 2.272	43.579
 2.271	43.593
 2.270	43.605
 2.269	43.607
 2.268	43.597
 2.267	43.583
 2.266	43.570
 2.265	43.580
 2.264	43.600
 2.263	43.603
 2.262	43.565
 2.261	43.490
 2.260	43.399
 2.259	43.309
 2.258	43.230
 2.257	43.182
 2.256	43.151
 2.255	43.114
 2.254	43.064
 2.253	43.012
 2.252	42.970
 2.251	42.939
 2.250	42.922
 2.249	42.918
 2.248	42.903
 2.247	42.871
 2.246	42.815
 2.245	42.746
 2.244	42.686
 2.243	42.646
 2.242	42.635
 2.241	42.642
 2.240	42.647
 2.239	42.635
 2.238	42.587
 2.237	42.516
 2.236	42.447
 2.236	42.392
 2.235	42.354
 2.234	42.333
 2.233	42.327
 2.232	42.316
 2.231	42.291
 2.230	42.261
 2.229	42.235
 2.228	42.211
 2.227	42.180
 2.226	42.132
 2.225	42.059
 2.224	41.954
 2.223	41.821
 2.222	41.677
 2.221	41.548
 2.220	41.451
 2.219	41.378
 2.218	41.314
 2.217	41.249
 2.216	41.162
 2.216	41.038
 2.215	40.892
 2.214	40.733
 2.213	40.560
 2.212	40.380
 2.211	40.216
 2.210	40.092
 2.209	40.001
 2.208	39.970
 2.207	40.027
 2.206	40.144
 2.205	40.279
 2.204	40.416
 2.203	40.543
 2.202	40.650
 2.201	40.735
 2.200	40.834
 2.200	40.951
 2.199	41.055
 2.198	41.141
 2.197	41.228
 2.196	41.317
 2.195	41.401
 2.194	41.499
 2.193	41.620
 2.192	41.732
 2.191	41.808
 2.190	41.873
 2.189	41.951
 2.188	42.035
 2.187	42.111
 2.187	42.194
 2.186	42.288
 2.185	42.363
 2.184	42.419
 2.183	42.476
 2.182	42.544
 2.181	42.622
 2.180	42.703
 2.179	42.791
 2.178	42.880
 2.177	42.953
 2.176	43.019
 2.175	43.085
 2.175	43.158
 2.174	43.241
 2.173	43.325
 2.172	43.394
 2.171	43.451
 2.170	43.506
 2.169	43.575
 2.168	43.664
 2.167	43.767
 2.166	43.872
 2.166	43.960
 2.165	44.011
 2.164	44.047
 2.163	44.085
 2.162	44.123
 2.161	44.169
 2.160	44.230
 2.159	44.310
 2.158	44.407
 2.157	44.495
 2.156	44.577
 2.156	44.645
 2.155	44.681
 2.154	44.691
 2.153	44.696
 2.152	44.724
 2.151	44.785
 2.150	44.864
 2.149	44.966
 2.148	45.085
 2.147	45.193
 2.147	45.262
 2.146	45.297
 2.145	45.331
 2.144	45.372
 2.143	45.403
 2.142	45.421
 2.141	45.413
 2.140	45.361
 2.140	45.269
 2.139	45.187
 2.138	45.174
 2.137	45.236
 2.136	45.332
 2.135	45.418
 2.134	45.465
 2.133	45.453
 2.132	45.404
 2.132	45.349
 2.131	45.326
 2.130	45.348
 2.129	45.391
 2.128	45.438
 2.127	45.493
 2.126	45.539
 2.126	45.558
 2.125	45.538
 2.124	45.504
 2.123	45.477
 2.122	45.460
 2.121	45.455
 2.120	45.472
 2.119	45.506
 2.119	45.514
 2.118	45.484
 2.117	45.452
 2.116	45.433
 2.115	45.423
 2.114	45.402
 2.113	45.371
 2.112	45.348
 2.112	45.306
 2.111	45.251
 2.110	45.224
 2.109	45.238
 2.108	45.280
 2.107	45.328
 2.107	45.377
 2.106	45.425
 2.105	45.453
 2.104	45.465
 2.103	45.472
 2.102	45.475
 2.101	45.473
 2.100	45.471
 2.100	45.468
 2.099	45.452
 2.098	45.435
 2.097	45.430
 2.096	45.428
 2.095	45.427
 2.095	45.426
 2.094	45.443
 2.093	45.471
 2.092	45.472
 2.091	45.455
 2.090	45.447
 2.090	45.446
 2.089	45.422
 2.088	45.368
 2.087	45.321
 2.086	45.267
 2.085	45.172
 2.084	45.142
 2.084	45.147
 2.083	45.211
 2.082	45.418
 2.081	45.260
 2.080	45.384
 2.079	45.280
 2.076	45.314
 2.072	44.967
 2.068	45.046
 2.064	44.911
 2.060	44.877
 2.056	44.429
 2.052	44.359
 2.048	44.143
 2.044	44.145
 2.040	43.854
 2.036	43.573
 2.032	43.318
 2.028	43.464
 2.024	42.993
 2.020	42.688
 2.016	42.554
 2.012	42.419
 2.008	42.279
 2.004	41.971
 2.000	41.646
 1.996	41.338
 1.992	40.699
 1.988	40.411
 1.984	40.021
 1.980	39.445
 1.976	39.239
 1.972	38.780
 1.968	38.431
 1.964	38.183
 1.960	38.094
 1.956	37.653
 1.952	37.257
 1.948	36.776
 1.944	36.483
 1.940	36.263
 1.936	35.535
 1.932	35.198
 1.928	34.745
 1.924	34.841
 1.920	34.719
 1.916	34.217
 1.912	33.788
 1.908	33.858
 1.904	33.574
 1.900	34.068
 1.896	35.214
 1.892	37.011
 1.888	39.050
 1.884	40.309
 1.880	41.957
 1.876	43.282
 1.872	44.315
 1.868	45.442
 1.864	46.783
 1.860	47.307
 1.856	47.433
 1.852	47.349
 1.848	47.776
 1.844	47.887
 1.840	48.087
 1.836	48.162
 1.832	48.325
 1.828	48.377
 1.824	48.448
 1.820	48.245
 1.816	48.253
 1.812	48.468
 1.808	48.179
 1.804	48.185
 1.800	48.264
 1.796	48.190
 1.792	48.105
 1.788	47.871
 1.784	47.920
 1.780	48.129
 1.776	48.068
 1.772	48.073
 1.768	48.172
 1.764	48.216
 1.760	48.316
 1.756	48.590
 1.752	48.489
 1.748	48.222
 1.744	48.228
 1.740	48.388
 1.736	48.377
 1.732	48.366
 1.728	48.405
 1.724	48.512
 1.720	48.511
 1.716	48.291
 1.712	47.945
 1.708	48.105
 1.704	48.080
 1.700	48.007
 1.696	48.105
 1.692	48.328
 1.688	48.352
 1.684	48.217
 1.680	48.105
 1.676	48.074
 1.672	48.111
 1.668	48.130
 1.664	48.099
 1.660	48.392
 1.656	48.274
 1.652	48.199
 1.648	48.099
 1.644	48.249
 1.640	48.411
 1.636	48.037
 1.632	47.775
 1.628	47.626
 1.624	47.637
 1.620	47.906
 1.616	47.246
 1.612	47.195
 1.608	47.164
 1.604	47.344
 1.600	47.319
 1.596	47.361
 1.592	47.591
 1.588	47.673
 1.584	47.623
 1.580	47.484
 1.576	47.066
 1.572	46.959
 1.568	47.090
 1.564	47.353
 1.560	47.214
 1.556	47.017
 1.552	47.100
 1.548	47.131
 1.544	46.951
 1.540	46.877
 1.536	47.147
 1.532	46.835
 1.528	46.476
 1.524	46.249
 1.520	45.899
 1.516	46.045
 1.512	45.831
 1.508	45.676
 1.504	45.451
 1.500	45.102
 1.496	45.593
 1.492	45.544
 1.488	45.387
 1.484	45.266
 1.480	45.121
 1.476	44.809
 1.472	44.700
 1.468	44.434
 1.464	44.373
 1.460	44.317
 1.456	43.867
 1.452	43.513
 1.448	43.481
 1.444	43.541
 1.440	43.376
 1.436	43.267
 1.432	43.188
 1.428	43.066
 1.424	42.820
 1.420	42.359
 1.416	42.124
 1.412	41.717
 1.408	41.437
 1.404	41.397
 1.400	41.706
 1.396	42.479
 1.392	43.399
 1.388	43.673
 1.384	44.071
 1.380	44.573
 1.376	45.065
 1.372	45.401
 1.368	45.680
 1.364	46.015
 1.360	46.080
 1.356	46.089
 1.352	45.864
 1.348	46.261
 1.344	46.126
 1.340	46.117
 1.336	46.055
 1.332	45.987
 1.328	46.232
 1.324	46.267
 1.320	46.242
 1.316	46.401
 1.312	46.620
 1.308	46.620
 1.304	46.525
 1.300	46.355
 1.296	46.404
 1.292	46.310
 1.288	46.678
 1.284	46.657
 1.280	46.613
 1.276	46.480
 1.272	46.306
 1.268	46.081
 1.264	46.018
 1.260	45.780
 1.256	45.831
 1.252	45.331
 1.248	44.676
 1.244	44.700
 1.240	44.525
 1.236	44.485
 1.232	44.544
 1.228	44.640
 1.224	44.888
 1.220	45.487
 1.216	45.518
 1.212	45.170
 1.208	44.525
 1.204	44.365
 1.200	44.058
 1.196	44.010
 1.192	43.963
 1.188	43.869
 1.184	43.822
 1.180	43.799
 1.176	43.706
 1.172	43.654
 1.168	43.654
 1.164	43.590
 1.160	43.443
 1.156	43.407
 1.152	43.338
 1.148	43.432
 1.144	43.952
 1.140	43.796
 1.136	43.422
 1.132	43.017
 1.128	43.826
 1.124	43.874
 1.120	43.373
 1.116	43.346
 1.112	43.621
 1.108	43.693
 1.104	43.385
 1.100	43.196
 1.096	42.807
 1.092	42.905
 1.088	42.999
 1.084	42.760
 1.080	41.847
 1.076	41.962
 1.072	42.285
 1.068	41.985
 1.064	41.639
 1.060	41.961
 1.056	41.984
 1.052	41.892
 1.048	41.730
 1.044	41.915
 1.040	41.441
 1.036	41.181
 1.032	40.666
 1.028	40.809
 1.024	40.764
 1.020	40.418
 1.016	40.477
 1.012	40.365
 1.008	40.294
 1.004	39.916
 1.000	39.847
 0.996	39.715
 0.992	39.368
 0.988	38.964
 0.984	38.868
 0.980	39.020
 0.976	38.664
 0.972	38.306
 0.968	38.496
 0.964	38.221
 0.960	38.305
 0.956	38.241
 0.952	37.858
 0.948	37.602
 0.944	37.410
 0.940	37.031
 0.936	36.852
 0.932	36.871
 0.928	36.523
 0.924	36.289
 0.920	36.248
 0.916	35.959
 0.912	35.766
 0.908	35.886
 0.904	35.398
 0.900	35.203
 0.896	34.831
 0.892	34.852
 0.888	34.539
 0.884	34.559
 0.880	34.324
 0.876	34.067
 0.872	33.768
 0.868	33.825
 0.864	33.722
 0.860	33.665
 0.856	33.484
 0.852	33.240
 0.848	33.269
 0.844	33.265
 0.840	32.828
 0.836	32.842
 0.832	32.885
 0.828	32.784
 0.824	32.582
 0.820	32.656
 0.816	32.191
 0.812	32.109
 0.808	32.109
 0.804	31.712
 0.800	31.859
 0.799	31.622
 0.798	31.616
 0.797	31.680
 0.796	31.619
 0.795	31.956
 0.794	31.639
 0.793	31.842
 0.792	31.301
 0.791	31.282
 0.790	31.462
 0.789	31.423
 0.788	31.262
 0.787	31.320
 0.786	31.623
 0.785	31.407
 0.784	31.682
 0.783	31.682
 0.782	31.385
 0.781	31.344
 0.780	31.324
 0.779	31.324
 0.778	30.947
 0.777	31.043
 0.776	31.402
 0.775	31.163
 0.774	31.324
 0.773	30.851
 0.772	30.870
 0.771	30.846
 0.770	30.885
 0.769	30.866
 0.768	30.646
 0.767	30.461
 0.766	30.765
 0.765	30.684
 0.764	30.344
 0.763	30.306
 0.762	30.344
 0.761	30.161
 0.760	30.104
 0.759	30.104
 0.758	30.104
 0.757	30.362
 0.756	30.438
 0.755	30.121
 0.754	29.774
 0.753	30.077
 0.752	30.096
 0.751	29.855
 0.750	29.742
 0.749	29.761
 0.748	29.798
 0.747	29.640
 0.746	29.345
 0.745	29.400
 0.744	29.549
 0.743	29.624
 0.742	29.447
 0.741	29.382
 0.740	29.205
 0.739	29.066
 0.738	29.066
 0.737	29.103
 0.736	29.066
 0.735	28.824
 0.734	28.813
 0.733	28.667
 0.732	28.631
 0.731	28.831
 0.730	28.674
 0.729	28.552
 0.728	28.607
 0.727	28.548
 0.726	28.408
 0.725	28.233
 0.724	28.197
 0.723	28.058
 0.722	27.937
 0.721	27.954
 0.720	28.062
 0.719	27.654
 0.718	27.783
 0.717	27.470
 0.716	27.367
 0.715	27.384
 0.714	27.611
 0.713	27.507
 0.712	27.352
 0.711	27.029
 0.710	27.230
 0.709	27.186
 0.708	27.257
 0.707	27.135
 0.706	26.812
 0.705	26.500
 0.704	26.517
 0.703	26.551
 0.702	26.463
 0.701	26.595
 0.700	26.490
 0.699	26.185
 0.698	26.498
 0.697	26.413
 0.696	25.979
 0.695	25.974
 0.694	26.215
 0.693	25.892
 0.692	25.910
 0.691	25.807
 0.690	25.705
 0.689	25.564
 0.688	25.598
 0.687	25.491
 0.686	25.626
 0.685	25.802
 0.684	25.729
 0.683	25.353
 0.682	25.269
 0.681	24.798
 0.680	24.887
 0.679	25.020
 0.678	25.053
 0.677	24.723
 0.676	24.374
 0.675	24.326
 0.674	24.423
 0.673	24.315
 0.672	24.461
 0.671	24.380
 0.670	24.158
 0.669	24.122
 0.668	23.862
 0.667	23.802
 0.666	23.630
 0.665	23.756
 0.664	23.711
 0.663	23.695
 0.662	23.932
 0.661	24.013
 0.660	23.697
 0.659	23.649
 0.658	23.180
 0.657	23.133
 0.656	23.009
 0.655	22.680
 0.654	23.038
 0.653	23.007
 0.652	23.007
 0.651	23.007
 0.650	23.305
 0.649	22.992
 0.648	23.023
 0.647	22.540
 0.646	22.665
 0.645	22.635
 0.644	22.461
 0.643	22.226
 0.642	22.181
 0.641	22.106
 0.640	21.777
 0.639	21.769
 0.638	22.058
 0.637	21.977
 0.636	22.109
 0.635	21.797
 0.634	21.782
 0.633	21.641
 0.632	21.297
 0.631	21.597
 0.630	21.326
 0.629	21.326
 0.628	21.590
 0.627	21.560
 0.626	21.157
 0.625	21.191
 0.624	20.516
 0.623	20.404
 0.622	20.404
 0.621	20.565
 0.620	20.357
 0.619	20.608
 0.618	20.551
 0.617	20.736
 0.616	20.165
 0.615	20.069
 0.614	20.042
 0.613	19.916
 0.612	19.791
 0.611	19.939
 0.610	19.433
 0.609	19.433
 0.608	19.158
 0.607	19.455
 0.606	19.331
 0.605	19.219
 0.604	18.585
 0.603	18.523
 0.602	18.448
 0.601	18.869
 0.600	18.722
 0.599	18.259
 0.598	18.362
 0.597	18.643
 0.596	18.272
 0.595	17.846
 0.594	17.641
 0.593	17.562
 0.592	17.637
 0.591	17.520
 0.590	17.470
 0.589	17.366
 0.588	17.014
 0.587	16.968
 0.586	17.054
 0.585	16.641
 0.584	16.249
 0.583	16.295
 0.582	16.226
 0.581	16.143
 0.580	16.337
 0.579	15.773
 0.578	15.822
 0.577	15.366
 0.576	15.588
 0.575	15.415
 0.574	14.896
 0.573	14.759
 0.572	14.344
 0.571	14.169
 0.570	13.978
 0.569	13.747
 0.568	13.987
 0.567	13.881
 0.566	13.303
 0.565	13.358
 0.564	13.358
 0.563	12.800
 0.562	13.019
 0.561	12.359
 0.560	12.159
 0.559	11.830
 0.558	11.681
 0.557	11.656
 0.556	11.401
 0.555	11.123
 0.554	10.753
 0.553	10.500
 0.552	10.384
 0.551	10.059
 0.550	 9.987
 0.549	 9.811
 0.548	 9.847
 0.547	 9.597
 0.546	 9.450
 0.545	 9.457
 0.544	 9.374
 0.543	 9.151
 0.542	 8.886
 0.541	 8.628
 0.540	 8.661
 0.539	 8.515
 0.538	 8.496
 0.537	 8.258
 0.536	 8.232
 0.535	 8.113
 0.534	 8.151
 0.533	 7.918
 0.532	 7.743
 0.531	 7.731
 0.530	 7.719
 0.529	 7.332
 0.528	 7.332
 0.527	 7.338
 0.526	 7.230
 0.525	 7.213
 0.524	 7.218
 0.523	 6.969
 0.522	 6.723
 0.521	 6.897
 0.520	 6.925
 0.519	 6.618
 0.518	 6.618
 0.517	 6.678
 0.516	 6.535
 0.515	 6.546
 0.514	 6.499
 0.513	 6.493
 0.512	 6.520
 0.511	 6.541
 0.510	 6.535
 0.509	 5.973
 0.508	 5.973
 0.507	 5.838
 0.506	 5.871
 0.505	 5.550
 0.504	 5.564
 0.503	 5.559
 0.502	 5.595
 0.501	 5.599
 0.500	 5.469
 0.499	 5.595
 0.498	 5.633
 0.497	 5.233
 0.496	 5.624
 0.495	 5.656
 0.494	 5.411
 0.493	 5.216
 0.492	 5.060
 0.491	 4.906
 0.490	 5.069
 0.489	 4.930
 0.488	 5.073
 0.487	 4.951
 0.486	 4.796
 0.485	 4.673
 0.484	 4.700
 0.483	 4.696
 0.482	 4.692
 0.481	 4.712
 0.480	 4.712
 0.479	 4.696
 0.478	 4.255
 0.477	 4.258
 0.476	 4.265
 0.475	 4.113
 0.474	 4.110
 0.473	 3.864
 0.472	 3.858
 0.471	 3.855
 0.470	 3.852
 0.469	 4.110
 0.468	 3.693
 0.467	 3.855
 0.466	 3.734
 0.465	 3.864
 0.464	 3.707
 0.463	 3.713
 0.462	 3.534
 0.461	 3.579
 0.460	 3.421
 0.459	 3.746
 0.458	 3.797
 0.457	 3.386
 0.456	 3.379
 0.455	 3.051
 0.454	 3.053
 0.453	 3.059
 0.452	 2.927
 0.451	 3.061
 0.450	 3.065
 0.449	 2.917
 0.448	 2.790
 0.447	 2.778
 0.446	 2.611
 0.445	 2.619
 0.444	 2.751
 0.443	 2.582
 0.442	 2.124
 0.441	 2.456
 0.440	 2.462
 0.439	 2.456
 0.438	 1.998
 0.437	 2.001
 0.436	 2.004
 0.435	 2.011
 0.434	 1.837
 0.433	 1.839
 0.432	 1.838
 0.431	 1.668
 0.430	 1.669
 0.429	 1.500
 0.428	 1.499
 0.427	 1.369
 0.426	 1.200
 0.425	 1.330
 0.424	 1.499
 0.423	 1.329
 0.422	 1.196
 0.421	 0.849
 0.420	 0.979
 0.419	 0.983
 0.418	 0.816
 0.417	 0.823
 0.416	 0.953
 0.415	 0.786
 0.414	 0.784
 0.413	 0.779
 0.412	 0.610
 0.411	 0.745
 0.410	 0.619
 0.409	 0.615
 0.408	 0.610
 0.407	 0.270
 0.406	 0.266
 0.405	 0.392
 0.404	 0.266
 0.403	 0.262
 0.402	 0.251
 0.401	 0.086
 0.400	 0.071
