Name: Portulacaria afra
Type: vegetation
Class: Shrub
Genus: Portulacaria
Species: afra
Sample No.: JPL064
Owner: JPL
Wavelength Range: All
Origin: 34.12645; - 118.11028; WGS84
Collection Date: 2/2/2016
Description: Samples were collected at the Huntington Garden in San Marino California as part of a JPL Subcontract studying HyTES imagery. Samples were taken to JPL and processed within 48 hours of collection. The same leaves were processed in the Nicolet and then measured using the ASD.
Measurement: Bidirectional and directional hemispherical reflectance
First Column: X
Second Column: Y
X Units: Wavelength (micrometer)
Y Units: Reflectance (percentage)
First X Value: 0.35
Last X Value: 15.3869
Number of X Values: 3889
Additional Information: 

 0.350	3.9617
 0.351	2.3565
 0.352	3.6421
 0.353	4.5732
 0.354	3.2084
 0.355	3.6827
 0.356	4.5810
 0.357	4.8358
 0.358	3.9513
 0.359	3.4416
 0.360	3.8093
 0.361	4.3907
 0.362	3.2323
 0.363	3.3932
 0.364	4.0615
 0.365	3.9695
 0.366	4.3984
 0.367	4.1478
 0.368	3.6997
 0.369	4.4809
 0.370	4.4284
 0.371	3.4522
 0.372	2.2908
 0.373	2.6970
 0.374	3.4289
 0.375	3.8101
 0.376	3.6002
 0.377	3.9218
 0.378	3.6646
 0.379	3.1706
 0.380	3.9424
 0.381	4.2614
 0.382	4.0894
 0.383	3.7210
 0.384	3.5941
 0.385	3.4799
 0.386	3.4317
 0.387	3.5598
 0.388	3.7270
 0.389	3.8149
 0.390	3.8164
 0.391	3.8323
 0.392	3.8430
 0.393	3.8582
 0.394	3.8308
 0.395	3.5026
 0.396	3.4720
 0.397	3.6812
 0.398	3.7733
 0.399	3.7077
 0.400	3.6394
 0.401	3.6503
 0.402	3.6992
 0.403	3.6177
 0.404	3.5209
 0.405	3.5111
 0.406	3.3971
 0.407	3.1896
 0.408	3.0791
 0.409	3.3245
 0.410	3.6723
 0.411	3.7265
 0.412	3.5011
 0.413	3.7686
 0.414	3.7336
 0.415	3.6059
 0.416	3.7725
 0.417	3.8454
 0.418	3.8856
 0.419	3.8839
 0.420	3.7593
 0.421	3.7424
 0.422	3.7437
 0.423	3.6980
 0.424	3.7577
 0.425	3.8730
 0.426	3.9995
 0.427	4.0827
 0.428	3.9858
 0.429	3.9323
 0.430	4.0239
 0.431	4.1613
 0.432	4.1593
 0.433	4.0858
 0.434	4.0621
 0.435	4.1219
 0.436	4.1807
 0.437	4.2512
 0.438	4.4025
 0.439	4.3970
 0.440	4.3963
 0.441	4.5109
 0.442	4.6125
 0.443	4.5669
 0.444	4.4881
 0.445	4.5485
 0.446	4.5693
 0.447	4.5965
 0.448	4.6554
 0.449	4.7300
 0.450	4.7921
 0.451	4.8018
 0.452	4.7636
 0.453	4.8308
 0.454	4.8805
 0.455	4.8925
 0.456	4.9073
 0.457	4.8479
 0.458	4.8391
 0.459	4.9314
 0.460	4.9978
 0.461	5.0582
 0.462	5.0555
 0.463	4.9607
 0.464	4.9978
 0.465	5.0359
 0.466	5.0088
 0.467	4.9407
 0.468	4.9957
 0.469	5.0301
 0.470	4.9478
 0.471	4.9723
 0.472	5.0214
 0.473	5.0683
 0.474	5.1071
 0.475	5.0547
 0.476	5.0487
 0.477	5.1215
 0.478	5.1023
 0.479	5.0804
 0.480	5.0718
 0.481	5.0720
 0.482	5.0815
 0.483	5.0506
 0.484	5.0098
 0.485	5.0528
 0.486	5.0914
 0.487	5.0959
 0.488	5.0777
 0.489	5.1242
 0.490	5.1416
 0.491	5.1482
 0.492	5.2061
 0.493	5.2756
 0.494	5.3252
 0.495	5.3390
 0.496	5.3168
 0.497	5.3889
 0.498	5.4927
 0.499	5.5426
 0.500	5.6072
 0.501	5.6804
 0.502	5.7689
 0.503	5.8864
 0.504	5.9689
 0.505	6.0490
 0.506	6.1601
 0.507	6.3061
 0.508	6.4029
 0.509	6.5243
 0.510	6.7726
 0.511	6.9182
 0.512	7.0675
 0.513	7.2705
 0.514	7.4657
 0.515	7.6312
 0.516	7.8247
 0.517	8.0892
 0.518	8.3375
 0.519	8.5596
 0.520	8.7815
 0.521	9.0500
 0.522	9.3086
 0.523	9.5625
 0.524	9.8143
 0.525	10.033
 0.526	10.269
 0.527	10.516
 0.528	10.742
 0.529	10.954
 0.530	11.145
 0.531	11.320
 0.532	11.491
 0.533	11.653
 0.534	11.810
 0.535	11.956
 0.536	12.061
 0.537	12.185
 0.538	12.310
 0.539	12.375
 0.540	12.475
 0.541	12.597
 0.542	12.715
 0.543	12.812
 0.544	12.880
 0.545	12.928
 0.546	12.967
 0.547	12.977
 0.548	12.997
 0.549	13.035
 0.550	13.055
 0.551	13.064
 0.552	13.071
 0.553	13.079
 0.554	13.072
 0.555	13.040
 0.556	12.982
 0.557	12.904
 0.558	12.836
 0.559	12.751
 0.560	12.638
 0.561	12.536
 0.562	12.455
 0.563	12.369
 0.564	12.248
 0.565	12.126
 0.566	12.009
 0.567	11.887
 0.568	11.733
 0.569	11.609
 0.570	11.478
 0.571	11.306
 0.572	11.167
 0.573	11.020
 0.574	10.872
 0.575	10.760
 0.576	10.629
 0.577	10.509
 0.578	10.415
 0.579	10.307
 0.580	10.221
 0.581	10.142
 0.582	10.051
 0.583	9.9904
 0.584	9.9281
 0.585	9.8548
 0.586	9.7875
 0.587	9.7134
 0.588	9.6560
 0.589	9.6240
 0.590	9.5569
 0.591	9.5069
 0.592	9.4747
 0.593	9.4341
 0.594	9.4136
 0.595	9.3921
 0.596	9.3638
 0.597	9.3600
 0.598	9.3313
 0.599	9.2976
 0.600	9.2841
 0.601	9.2325
 0.602	9.1824
 0.603	9.1421
 0.604	9.0872
 0.605	9.0206
 0.606	8.9547
 0.607	8.8911
 0.608	8.7943
 0.609	8.7118
 0.610	8.6425
 0.611	8.5640
 0.612	8.4890
 0.613	8.3811
 0.614	8.2420
 0.615	8.1375
 0.616	8.0580
 0.617	7.9840
 0.618	7.9024
 0.619	7.8429
 0.620	7.7931
 0.621	7.7498
 0.622	7.7154
 0.623	7.6658
 0.624	7.6121
 0.625	7.5699
 0.626	7.5520
 0.627	7.5477
 0.628	7.5483
 0.629	7.5479
 0.630	7.5577
 0.631	7.5735
 0.632	7.5788
 0.633	7.5464
 0.634	7.5368
 0.635	7.5255
 0.636	7.4855
 0.637	7.4419
 0.638	7.4070
 0.639	7.3658
 0.640	7.2921
 0.641	7.2173
 0.642	7.1456
 0.643	7.0703
 0.644	6.9701
 0.645	6.8816
 0.646	6.8096
 0.647	6.7463
 0.648	6.6804
 0.649	6.5996
 0.650	6.5175
 0.651	6.4652
 0.652	6.4151
 0.653	6.3602
 0.654	6.3004
 0.655	6.2422
 0.656	6.1910
 0.657	6.1282
 0.658	6.0345
 0.659	5.9439
 0.660	5.8622
 0.661	5.7838
 0.662	5.6934
 0.663	5.5944
 0.664	5.5079
 0.665	5.4446
 0.666	5.3763
 0.667	5.3108
 0.668	5.2619
 0.669	5.2415
 0.670	5.2238
 0.671	5.2003
 0.672	5.1781
 0.673	5.1834
 0.674	5.1850
 0.675	5.1877
 0.676	5.2040
 0.677	5.2383
 0.678	5.2842
 0.679	5.3352
 0.680	5.3847
 0.681	5.4229
 0.682	5.4881
 0.683	5.5933
 0.684	5.6985
 0.685	5.8329
 0.686	5.9942
 0.687	6.1755
 0.688	6.3887
 0.689	6.6443
 0.690	6.9537
 0.691	7.3269
 0.692	7.7495
 0.693	8.2438
 0.694	8.8203
 0.695	9.4554
 0.696	10.140
 0.697	10.866
 0.698	11.630
 0.699	12.470
 0.700	13.318
 0.701	14.169
 0.702	15.074
 0.703	15.979
 0.704	16.888
 0.705	17.803
 0.706	18.716
 0.707	19.621
 0.708	20.517
 0.709	21.410
 0.710	22.289
 0.711	23.173
 0.712	24.062
 0.713	24.946
 0.714	25.819
 0.715	26.672
 0.716	27.507
 0.717	28.356
 0.718	29.195
 0.719	30.007
 0.720	30.786
 0.721	31.565
 0.722	32.327
 0.723	33.059
 0.724	33.757
 0.725	34.425
 0.726	35.061
 0.727	35.670
 0.728	36.265
 0.729	36.812
 0.730	37.318
 0.731	37.798
 0.732	38.240
 0.733	38.660
 0.734	39.056
 0.735	39.420
 0.736	39.763
 0.737	40.082
 0.738	40.375
 0.739	40.652
 0.740	40.906
 0.741	41.141
 0.742	41.363
 0.743	41.577
 0.744	41.765
 0.745	41.923
 0.746	42.063
 0.747	42.206
 0.748	42.336
 0.749	42.441
 0.750	42.532
 0.751	42.637
 0.752	42.730
 0.753	42.783
 0.754	42.851
 0.755	42.916
 0.756	42.969
 0.757	43.013
 0.758	43.045
 0.759	43.092
 0.760	43.156
 0.761	43.185
 0.762	43.209
 0.763	43.235
 0.764	43.266
 0.765	43.297
 0.766	43.304
 0.767	43.301
 0.768	43.323
 0.769	43.362
 0.770	43.385
 0.771	43.382
 0.772	43.385
 0.773	43.400
 0.774	43.420
 0.775	43.435
 0.776	43.441
 0.777	43.453
 0.778	43.467
 0.779	43.474
 0.780	43.493
 0.781	43.512
 0.782	43.520
 0.783	43.513
 0.784	43.513
 0.785	43.528
 0.786	43.552
 0.787	43.547
 0.788	43.538
 0.789	43.543
 0.790	43.571
 0.791	43.577
 0.792	43.572
 0.793	43.567
 0.794	43.573
 0.795	43.589
 0.796	43.604
 0.797	43.607
 0.798	43.600
 0.799	43.588
 0.800	43.589
 0.801	43.604
 0.802	43.598
 0.803	43.587
 0.804	43.578
 0.805	43.571
 0.806	43.565
 0.807	43.557
 0.808	43.547
 0.809	43.540
 0.810	43.546
 0.811	43.539
 0.812	43.511
 0.813	43.492
 0.814	43.498
 0.815	43.499
 0.816	43.472
 0.817	43.463
 0.818	43.443
 0.819	43.422
 0.820	43.421
 0.821	43.408
 0.822	43.376
 0.823	43.332
 0.824	43.292
 0.825	43.269
 0.826	43.246
 0.827	43.217
 0.828	43.199
 0.829	43.165
 0.830	43.117
 0.831	43.072
 0.832	43.043
 0.833	43.013
 0.834	42.976
 0.835	42.936
 0.836	42.908
 0.837	42.908
 0.838	42.914
 0.839	42.882
 0.840	42.883
 0.841	42.891
 0.842	42.883
 0.843	42.860
 0.844	42.833
 0.845	42.843
 0.846	42.891
 0.847	42.868
 0.848	42.853
 0.849	42.847
 0.850	42.835
 0.851	42.825
 0.852	42.840
 0.853	42.855
 0.854	42.830
 0.855	42.825
 0.856	42.833
 0.857	42.847
 0.858	42.861
 0.859	42.859
 0.860	42.848
 0.861	42.840
 0.862	42.850
 0.863	42.871
 0.864	42.894
 0.865	42.905
 0.866	42.886
 0.867	42.867
 0.868	42.870
 0.869	42.899
 0.870	42.896
 0.871	42.892
 0.872	42.892
 0.873	42.886
 0.874	42.885
 0.875	42.894
 0.876	42.906
 0.877	42.898
 0.878	42.897
 0.879	42.907
 0.880	42.911
 0.881	42.878
 0.882	42.886
 0.883	42.908
 0.884	42.905
 0.885	42.872
 0.886	42.854
 0.887	42.852
 0.888	42.849
 0.889	42.823
 0.890	42.806
 0.891	42.803
 0.892	42.812
 0.893	42.831
 0.894	42.817
 0.895	42.782
 0.896	42.771
 0.897	42.793
 0.898	42.790
 0.899	42.765
 0.900	42.776
 0.901	42.759
 0.902	42.732
 0.903	42.712
 0.904	42.707
 0.905	42.700
 0.906	42.694
 0.907	42.688
 0.908	42.670
 0.909	42.632
 0.910	42.602
 0.911	42.598
 0.912	42.593
 0.913	42.542
 0.914	42.481
 0.915	42.452
 0.916	42.436
 0.917	42.388
 0.918	42.322
 0.919	42.275
 0.920	42.253
 0.921	42.173
 0.922	42.061
 0.923	41.992
 0.924	41.928
 0.925	41.840
 0.926	41.734
 0.927	41.639
 0.928	41.549
 0.929	41.387
 0.930	41.191
 0.931	41.092
 0.932	41.014
 0.933	40.889
 0.934	40.714
 0.935	40.564
 0.936	40.440
 0.937	40.275
 0.938	40.061
 0.939	39.880
 0.940	39.673
 0.941	39.472
 0.942	39.294
 0.943	39.104
 0.944	38.868
 0.945	38.643
 0.946	38.442
 0.947	38.146
 0.948	37.879
 0.949	37.579
 0.950	37.220
 0.951	37.005
 0.952	36.675
 0.953	36.285
 0.954	35.958
 0.955	35.726
 0.956	35.464
 0.957	35.180
 0.958	34.918
 0.959	34.648
 0.960	34.464
 0.961	34.322
 0.962	34.164
 0.963	34.089
 0.964	33.999
 0.965	33.875
 0.966	33.745
 0.967	33.664
 0.968	33.574
 0.969	33.487
 0.970	33.447
 0.971	33.477
 0.972	33.443
 0.973	33.417
 0.974	33.501
 0.975	33.442
 0.976	33.389
 0.977	33.395
 0.978	33.441
 0.979	33.464
 0.980	33.451
 0.981	33.403
 0.982	33.360
 0.983	33.528
 0.984	33.583
 0.985	33.537
 0.986	33.565
 0.987	33.648
 0.988	33.761
 0.989	33.853
 0.990	33.876
 0.991	33.848
 0.992	33.878
 0.993	33.956
 0.994	34.028
 0.995	34.147
 0.996	34.298
 0.997	34.444
 0.998	34.547
 0.999	34.590
 1.000	34.605
 1.001	34.924
 1.002	35.033
 1.003	35.148
 1.004	35.266
 1.005	35.404
 1.006	35.501
 1.007	35.575
 1.008	35.677
 1.009	35.775
 1.010	35.875
 1.011	35.994
 1.012	36.109
 1.013	36.204
 1.014	36.319
 1.015	36.448
 1.016	36.603
 1.017	36.725
 1.018	36.828
 1.019	36.931
 1.020	37.029
 1.021	37.155
 1.022	37.287
 1.023	37.422
 1.024	37.594
 1.025	37.705
 1.026	37.774
 1.027	37.876
 1.028	37.945
 1.029	38.041
 1.030	38.193
 1.031	38.306
 1.032	38.398
 1.033	38.494
 1.034	38.588
 1.035	38.676
 1.036	38.793
 1.037	38.918
 1.038	39.020
 1.039	39.117
 1.040	39.217
 1.041	39.314
 1.042	39.388
 1.043	39.445
 1.044	39.526
 1.045	39.606
 1.046	39.678
 1.047	39.779
 1.048	39.852
 1.049	39.887
 1.050	39.934
 1.051	39.973
 1.052	40.026
 1.053	40.078
 1.054	40.133
 1.055	40.186
 1.056	40.253
 1.057	40.295
 1.058	40.313
 1.059	40.356
 1.060	40.411
 1.061	40.443
 1.062	40.492
 1.063	40.511
 1.064	40.468
 1.065	40.471
 1.066	40.491
 1.067	40.507
 1.068	40.529
 1.069	40.583
 1.070	40.590
 1.071	40.568
 1.072	40.568
 1.073	40.554
 1.074	40.559
 1.075	40.596
 1.076	40.595
 1.077	40.581
 1.078	40.566
 1.079	40.538
 1.080	40.503
 1.081	40.459
 1.082	40.421
 1.083	40.379
 1.084	40.331
 1.085	40.282
 1.086	40.237
 1.087	40.192
 1.088	40.144
 1.089	40.089
 1.090	40.040
 1.091	39.981
 1.092	39.899
 1.093	39.841
 1.094	39.803
 1.095	39.743
 1.096	39.684
 1.097	39.618
 1.098	39.536
 1.099	39.457
 1.100	39.374
 1.101	39.301
 1.102	39.229
 1.103	39.157
 1.104	39.107
 1.105	39.050
 1.106	38.976
 1.107	38.896
 1.108	38.808
 1.109	38.696
 1.110	38.605
 1.111	38.520
 1.112	38.432
 1.113	38.348
 1.114	38.263
 1.115	38.185
 1.116	38.089
 1.117	37.993
 1.118	37.879
 1.119	37.750
 1.120	37.603
 1.121	37.469
 1.122	37.323
 1.123	37.144
 1.124	36.948
 1.125	36.732
 1.126	36.488
 1.127	36.226
 1.128	35.954
 1.129	35.652
 1.130	35.320
 1.131	34.968
 1.132	34.607
 1.133	34.207
 1.134	33.765
 1.135	33.317
 1.136	32.845
 1.137	32.353
 1.138	31.868
 1.139	31.376
 1.140	30.866
 1.141	30.369
 1.142	29.879
 1.143	29.402
 1.144	28.943
 1.145	28.503
 1.146	28.076
 1.147	27.645
 1.148	27.265
 1.149	26.915
 1.150	26.590
 1.151	26.309
 1.152	26.030
 1.153	25.756
 1.154	25.515
 1.155	25.292
 1.156	25.097
 1.157	24.943
 1.158	24.813
 1.159	24.690
 1.160	24.580
 1.161	24.480
 1.162	24.388
 1.163	24.314
 1.164	24.254
 1.165	24.196
 1.166	24.149
 1.167	24.097
 1.168	24.042
 1.169	24.002
 1.170	23.967
 1.171	23.932
 1.172	23.911
 1.173	23.884
 1.174	23.849
 1.175	23.824
 1.176	23.811
 1.177	23.791
 1.178	23.769
 1.179	23.750
 1.180	23.728
 1.181	23.702
 1.182	23.682
 1.183	23.652
 1.184	23.622
 1.185	23.597
 1.186	23.569
 1.187	23.539
 1.188	23.513
 1.189	23.485
 1.190	23.461
 1.191	23.438
 1.192	23.426
 1.193	23.421
 1.194	23.411
 1.195	23.407
 1.196	23.400
 1.197	23.390
 1.198	23.393
 1.199	23.399
 1.200	23.413
 1.201	23.426
 1.202	23.436
 1.203	23.456
 1.204	23.477
 1.205	23.495
 1.206	23.512
 1.207	23.535
 1.208	23.559
 1.209	23.588
 1.210	23.626
 1.211	23.660
 1.212	23.692
 1.213	23.722
 1.214	23.753
 1.215	23.784
 1.216	23.811
 1.217	23.849
 1.218	23.890
 1.219	23.926
 1.220	23.965
 1.221	24.002
 1.222	24.033
 1.223	24.066
 1.224	24.097
 1.225	24.131
 1.226	24.174
 1.227	24.213
 1.228	24.255
 1.229	24.302
 1.230	24.340
 1.231	24.376
 1.232	24.414
 1.233	24.447
 1.234	24.480
 1.235	24.517
 1.236	24.552
 1.237	24.584
 1.238	24.617
 1.239	24.653
 1.240	24.690
 1.241	24.730
 1.242	24.774
 1.243	24.813
 1.244	24.844
 1.245	24.875
 1.246	24.909
 1.247	24.943
 1.248	24.977
 1.249	25.010
 1.250	25.040
 1.251	25.062
 1.252	25.078
 1.253	25.092
 1.254	25.110
 1.255	25.130
 1.256	25.152
 1.257	25.177
 1.258	25.190
 1.259	25.205
 1.260	25.223
 1.261	25.232
 1.262	25.236
 1.263	25.238
 1.264	25.232
 1.265	25.224
 1.266	25.225
 1.267	25.223
 1.268	25.224
 1.269	25.216
 1.270	25.198
 1.271	25.181
 1.272	25.158
 1.273	25.135
 1.274	25.108
 1.275	25.079
 1.276	25.048
 1.277	25.002
 1.278	24.950
 1.279	24.893
 1.280	24.834
 1.281	24.778
 1.282	24.724
 1.283	24.667
 1.284	24.604
 1.285	24.534
 1.286	24.458
 1.287	24.380
 1.288	24.300
 1.289	24.210
 1.290	24.117
 1.291	24.024
 1.292	23.921
 1.293	23.818
 1.294	23.710
 1.295	23.601
 1.296	23.483
 1.297	23.356
 1.298	23.227
 1.299	23.086
 1.300	22.949
 1.301	22.819
 1.302	22.686
 1.303	22.548
 1.304	22.401
 1.305	22.246
 1.306	22.082
 1.307	21.912
 1.308	21.742
 1.309	21.573
 1.310	21.404
 1.311	21.229
 1.312	21.043
 1.313	20.856
 1.314	20.665
 1.315	20.466
 1.316	20.271
 1.317	20.082
 1.318	19.886
 1.319	19.688
 1.320	19.493
 1.321	19.295
 1.322	19.094
 1.323	18.892
 1.324	18.690
 1.325	18.487
 1.326	18.289
 1.327	18.091
 1.328	17.882
 1.329	17.676
 1.330	17.473
 1.331	17.270
 1.332	17.081
 1.333	16.893
 1.334	16.703
 1.335	16.521
 1.336	16.339
 1.337	16.163
 1.338	15.996
 1.339	15.825
 1.340	15.659
 1.341	15.500
 1.342	15.341
 1.343	15.191
 1.344	15.047
 1.345	14.903
 1.346	14.759
 1.347	14.622
 1.348	14.485
 1.349	14.357
 1.350	14.236
 1.351	14.125
 1.352	14.013
 1.353	13.900
 1.354	13.786
 1.355	13.669
 1.356	13.555
 1.357	13.442
 1.358	13.327
 1.359	13.212
 1.360	13.095
 1.361	12.978
 1.362	12.859
 1.363	12.735
 1.364	12.609
 1.365	12.475
 1.366	12.337
 1.367	12.196
 1.368	12.047
 1.369	11.888
 1.370	11.721
 1.371	11.548
 1.372	11.366
 1.373	11.184
 1.374	11.002
 1.375	10.807
 1.376	10.602
 1.377	10.387
 1.378	10.163
 1.379	9.9376
 1.380	9.7120
 1.381	9.4847
 1.382	9.2560
 1.383	9.0234
 1.384	8.7952
 1.385	8.5667
 1.386	8.3417
 1.387	8.1156
 1.388	7.9011
 1.389	7.6908
 1.390	7.4887
 1.391	7.3003
 1.392	7.1188
 1.393	6.9449
 1.394	6.7793
 1.395	6.6229
 1.396	6.4752
 1.397	6.3383
 1.398	6.2127
 1.399	6.0942
 1.400	5.9840
 1.401	5.8824
 1.402	5.7848
 1.403	5.6937
 1.404	5.6142
 1.405	5.5415
 1.406	5.4743
 1.407	5.4139
 1.408	5.3550
 1.409	5.2983
 1.410	5.2476
 1.411	5.2024
 1.412	5.1603
 1.413	5.1222
 1.414	5.0883
 1.415	5.0563
 1.416	5.0288
 1.417	5.0011
 1.418	4.9743
 1.419	4.9529
 1.420	4.9316
 1.421	4.9135
 1.422	4.9008
 1.423	4.8821
 1.424	4.8622
 1.425	4.8464
 1.426	4.8309
 1.427	4.8153
 1.428	4.8047
 1.429	4.7923
 1.430	4.7760
 1.431	4.7669
 1.432	4.7634
 1.433	4.7565
 1.434	4.7521
 1.435	4.7448
 1.436	4.7345
 1.437	4.7243
 1.438	4.7173
 1.439	4.7145
 1.440	4.7123
 1.441	4.7100
 1.442	4.7084
 1.443	4.7032
 1.444	4.6983
 1.445	4.6936
 1.446	4.6900
 1.447	4.6918
 1.448	4.6935
 1.449	4.6957
 1.450	4.6955
 1.451	4.6891
 1.452	4.6858
 1.453	4.6852
 1.454	4.6829
 1.455	4.6872
 1.456	4.6923
 1.457	4.6926
 1.458	4.6972
 1.459	4.6974
 1.460	4.6962
 1.461	4.7015
 1.462	4.7063
 1.463	4.7155
 1.464	4.7271
 1.465	4.7325
 1.466	4.7387
 1.467	4.7452
 1.468	4.7485
 1.469	4.7583
 1.470	4.7683
 1.471	4.7776
 1.472	4.7904
 1.473	4.8021
 1.474	4.8148
 1.475	4.8273
 1.476	4.8418
 1.477	4.8547
 1.478	4.8668
 1.479	4.8832
 1.480	4.8971
 1.481	4.9134
 1.482	4.9292
 1.483	4.9403
 1.484	4.9548
 1.485	4.9693
 1.486	4.9852
 1.487	5.0060
 1.488	5.0266
 1.489	5.0461
 1.490	5.0639
 1.491	5.0803
 1.492	5.0969
 1.493	5.1094
 1.494	5.1280
 1.495	5.1511
 1.496	5.1729
 1.497	5.1974
 1.498	5.2199
 1.499	5.2414
 1.500	5.2616
 1.501	5.2813
 1.502	5.3013
 1.503	5.3194
 1.504	5.3406
 1.505	5.3649
 1.506	5.3878
 1.507	5.4099
 1.508	5.4338
 1.509	5.4591
 1.510	5.4801
 1.511	5.5053
 1.512	5.5321
 1.513	5.5538
 1.514	5.5776
 1.515	5.6035
 1.516	5.6281
 1.517	5.6545
 1.518	5.6840
 1.519	5.7116
 1.520	5.7394
 1.521	5.7670
 1.522	5.7912
 1.523	5.8145
 1.524	5.8336
 1.525	5.8530
 1.526	5.8786
 1.527	5.9044
 1.528	5.9342
 1.529	5.9654
 1.530	5.9914
 1.531	6.0184
 1.532	6.0435
 1.533	6.0730
 1.534	6.1044
 1.535	6.1297
 1.536	6.1622
 1.537	6.1922
 1.538	6.2221
 1.539	6.2577
 1.540	6.2830
 1.541	6.3086
 1.542	6.3338
 1.543	6.3590
 1.544	6.3948
 1.545	6.4294
 1.546	6.4644
 1.547	6.4975
 1.548	6.5192
 1.549	6.5413
 1.550	6.5645
 1.551	6.5860
 1.552	6.6192
 1.553	6.6546
 1.554	6.6833
 1.555	6.7160
 1.556	6.7475
 1.557	6.7753
 1.558	6.8081
 1.559	6.8379
 1.560	6.8618
 1.561	6.8871
 1.562	6.9120
 1.563	6.9399
 1.564	6.9700
 1.565	7.0013
 1.566	7.0323
 1.567	7.0628
 1.568	7.0953
 1.569	7.1273
 1.570	7.1584
 1.571	7.1845
 1.572	7.2112
 1.573	7.2393
 1.574	7.2661
 1.575	7.2991
 1.576	7.3358
 1.577	7.3667
 1.578	7.3936
 1.579	7.4263
 1.580	7.4515
 1.581	7.4768
 1.582	7.5095
 1.583	7.5326
 1.584	7.5589
 1.585	7.5855
 1.586	7.6118
 1.587	7.6452
 1.588	7.6738
 1.589	7.7035
 1.590	7.7345
 1.591	7.7588
 1.592	7.7828
 1.593	7.8079
 1.594	7.8304
 1.595	7.8538
 1.596	7.8763
 1.597	7.8964
 1.598	7.9185
 1.599	7.9412
 1.600	7.9691
 1.601	7.9987
 1.602	8.0257
 1.603	8.0520
 1.604	8.0721
 1.605	8.0938
 1.606	8.1160
 1.607	8.1389
 1.608	8.1654
 1.609	8.1878
 1.610	8.2103
 1.611	8.2333
 1.612	8.2516
 1.613	8.2711
 1.614	8.2906
 1.615	8.3018
 1.616	8.3234
 1.617	8.3527
 1.618	8.3784
 1.619	8.4088
 1.620	8.4308
 1.621	8.4480
 1.622	8.4628
 1.623	8.4769
 1.624	8.4998
 1.625	8.5177
 1.626	8.5382
 1.627	8.5627
 1.628	8.5764
 1.629	8.5926
 1.630	8.6059
 1.631	8.6221
 1.632	8.6419
 1.633	8.6606
 1.634	8.6812
 1.635	8.6992
 1.636	8.7150
 1.637	8.7284
 1.638	8.7356
 1.639	8.7514
 1.640	8.7720
 1.641	8.7897
 1.642	8.8150
 1.643	8.8303
 1.644	8.8356
 1.645	8.8470
 1.646	8.8567
 1.647	8.8683
 1.648	8.8813
 1.649	8.8919
 1.650	8.8975
 1.651	8.9023
 1.652	8.9065
 1.653	8.9128
 1.654	8.9234
 1.655	8.9330
 1.656	8.9426
 1.657	8.9502
 1.658	8.9544
 1.659	8.9581
 1.660	8.9664
 1.661	8.9725
 1.662	8.9792
 1.663	8.9916
 1.664	8.9956
 1.665	8.9967
 1.666	8.9980
 1.667	8.9954
 1.668	8.9968
 1.669	9.0025
 1.670	9.0103
 1.671	9.0190
 1.672	9.0242
 1.673	9.0258
 1.674	9.0242
 1.675	9.0210
 1.676	9.0196
 1.677	9.0120
 1.678	9.0030
 1.679	8.9994
 1.680	8.9921
 1.681	8.9922
 1.682	8.9943
 1.683	8.9820
 1.684	8.9730
 1.685	8.9670
 1.686	8.9610
 1.687	8.9626
 1.688	8.9662
 1.689	8.9677
 1.690	8.9626
 1.691	8.9560
 1.692	8.9432
 1.693	8.9158
 1.694	8.9020
 1.695	8.8944
 1.696	8.8823
 1.697	8.8783
 1.698	8.8653
 1.699	8.8406
 1.700	8.8238
 1.701	8.8059
 1.702	8.7925
 1.703	8.7871
 1.704	8.7750
 1.705	8.7666
 1.706	8.7491
 1.707	8.7222
 1.708	8.6999
 1.709	8.6700
 1.710	8.6508
 1.711	8.6389
 1.712	8.6243
 1.713	8.6156
 1.714	8.5906
 1.715	8.5600
 1.716	8.5300
 1.717	8.4945
 1.718	8.4677
 1.719	8.4518
 1.720	8.4373
 1.721	8.4171
 1.722	8.3934
 1.723	8.3709
 1.724	8.3425
 1.725	8.3196
 1.726	8.3032
 1.727	8.2790
 1.728	8.2630
 1.729	8.2467
 1.730	8.2230
 1.731	8.2005
 1.732	8.1685
 1.733	8.1428
 1.734	8.1247
 1.735	8.1017
 1.736	8.0803
 1.737	8.0555
 1.738	8.0251
 1.739	7.9982
 1.740	7.9718
 1.741	7.9457
 1.742	7.9238
 1.743	7.8963
 1.744	7.8644
 1.745	7.8341
 1.746	7.8033
 1.747	7.7718
 1.748	7.7391
 1.749	7.7100
 1.750	7.6804
 1.751	7.6518
 1.752	7.6274
 1.753	7.5988
 1.754	7.5674
 1.755	7.5371
 1.756	7.5084
 1.757	7.4894
 1.758	7.4657
 1.759	7.4423
 1.760	7.4225
 1.761	7.3790
 1.762	7.3469
 1.763	7.3121
 1.764	7.2858
 1.765	7.2752
 1.766	7.2586
 1.767	7.2452
 1.768	7.2264
 1.769	7.2006
 1.770	7.1805
 1.771	7.1564
 1.772	7.1417
 1.773	7.1406
 1.774	7.1276
 1.775	7.1173
 1.776	7.0972
 1.777	7.0617
 1.778	7.0382
 1.779	7.0117
 1.780	6.9985
 1.781	6.9971
 1.782	6.9910
 1.783	6.9913
 1.784	6.9873
 1.785	6.9813
 1.786	6.9732
 1.787	6.9641
 1.788	6.9506
 1.789	6.9484
 1.790	6.9646
 1.791	6.9646
 1.792	6.9584
 1.793	6.9519
 1.794	6.9228
 1.795	6.9166
 1.796	6.9311
 1.797	6.9367
 1.798	6.9548
 1.799	6.9593
 1.800	6.9469
 1.801	6.9450
 1.802	6.9464
 1.803	6.9418
 1.804	6.9356
 1.805	6.9361
 1.806	6.9334
 1.807	6.9359
 1.808	6.9508
 1.809	6.9503
 1.810	6.9398
 1.811	6.9320
 1.812	6.9396
 1.813	6.9370
 1.814	6.9417
 1.815	6.9547
 1.816	6.9414
 1.817	6.9355
 1.818	6.9396
 1.819	6.9454
 1.820	6.9462
 1.821	6.9577
 1.822	6.9538
 1.823	6.9210
 1.824	6.9098
 1.825	6.9035
 1.826	6.9021
 1.827	6.9231
 1.828	6.9280
 1.829	6.9299
 1.830	6.9197
 1.831	6.8672
 1.832	6.8371
 1.833	6.8178
 1.834	6.8013
 1.835	6.7710
 1.836	6.7520
 1.837	6.7579
 1.838	6.7586
 1.839	6.7402
 1.840	6.6965
 1.841	6.6680
 1.842	6.6313
 1.843	6.6064
 1.844	6.5938
 1.845	6.5802
 1.846	6.5433
 1.847	6.5278
 1.848	6.5057
 1.849	6.4700
 1.850	6.4300
 1.851	6.3949
 1.852	6.3224
 1.853	6.2576
 1.854	6.1995
 1.855	6.1499
 1.856	6.1160
 1.857	6.0644
 1.858	6.0064
 1.859	5.9371
 1.860	5.8535
 1.861	5.7634
 1.862	5.6836
 1.863	5.6179
 1.864	5.5730
 1.865	5.5238
 1.866	5.4679
 1.867	5.4007
 1.868	5.3235
 1.869	5.2428
 1.870	5.1602
 1.871	5.0742
 1.872	4.9904
 1.873	4.9058
 1.874	4.8377
 1.875	4.7744
 1.876	4.7023
 1.877	4.6354
 1.878	4.5679
 1.879	4.5011
 1.880	4.4362
 1.881	4.3782
 1.882	4.3211
 1.883	4.2602
 1.884	4.1984
 1.885	4.1448
 1.886	4.0940
 1.887	4.0419
 1.888	3.9984
 1.889	3.9491
 1.890	3.8913
 1.891	3.8427
 1.892	3.7979
 1.893	3.7473
 1.894	3.6980
 1.895	3.6610
 1.896	3.6231
 1.897	3.5890
 1.898	3.5712
 1.899	3.5720
 1.900	3.5606
 1.901	3.5477
 1.902	3.5343
 1.903	3.5244
 1.904	3.4953
 1.905	3.4662
 1.906	3.4588
 1.907	3.4434
 1.908	3.4293
 1.909	3.4117
 1.910	3.3882
 1.911	3.3735
 1.912	3.3515
 1.913	3.3464
 1.914	3.3584
 1.915	3.3687
 1.916	3.3744
 1.917	3.3651
 1.918	3.3482
 1.919	3.3330
 1.920	3.3220
 1.921	3.3177
 1.922	3.3083
 1.923	3.2999
 1.924	3.2951
 1.925	3.2918
 1.926	3.2775
 1.927	3.2793
 1.928	3.2646
 1.929	3.2550
 1.930	3.2668
 1.931	3.2806
 1.932	3.3007
 1.933	3.3145
 1.934	3.3290
 1.935	3.3344
 1.936	3.3424
 1.937	3.3368
 1.938	3.3159
 1.939	3.2948
 1.940	3.2821
 1.941	3.2673
 1.942	3.2676
 1.943	3.2810
 1.944	3.2901
 1.945	3.3045
 1.946	3.3100
 1.947	3.3116
 1.948	3.3183
 1.949	3.3212
 1.950	3.3264
 1.951	3.3423
 1.952	3.3410
 1.953	3.3517
 1.954	3.3640
 1.955	3.3669
 1.956	3.3660
 1.957	3.3728
 1.958	3.3702
 1.959	3.3739
 1.960	3.3911
 1.961	3.4054
 1.962	3.4143
 1.963	3.4354
 1.964	3.4486
 1.965	3.4603
 1.966	3.4722
 1.967	3.4728
 1.968	3.4822
 1.969	3.5008
 1.970	3.5080
 1.971	3.5143
 1.972	3.5163
 1.973	3.5139
 1.974	3.5046
 1.975	3.4897
 1.976	3.4803
 1.977	3.4886
 1.978	3.4931
 1.979	3.5031
 1.980	3.5328
 1.981	3.5468
 1.982	3.5529
 1.983	3.5599
 1.984	3.5586
 1.985	3.5640
 1.986	3.5656
 1.987	3.5792
 1.988	3.6018
 1.989	3.6329
 1.990	3.6508
 1.991	3.6586
 1.992	3.6605
 1.993	3.6441
 1.994	3.6375
 1.995	3.6230
 1.996	3.6240
 1.997	3.6333
 1.998	3.6414
 1.999	3.6523
 2.000	3.6783
 2.001	3.6969
 2.002	3.7180
 2.003	3.7451
 2.004	3.7547
 2.005	3.7627
 2.006	3.7618
 2.007	3.7624
 2.008	3.7522
 2.009	3.7556
 2.010	3.7634
 2.011	3.7719
 2.012	3.7872
 2.013	3.8036
 2.014	3.8243
 2.015	3.8295
 2.016	3.8267
 2.017	3.8381
 2.018	3.8489
 2.019	3.8595
 2.020	3.8672
 2.021	3.8805
 2.022	3.8907
 2.023	3.8989
 2.024	3.9016
 2.025	3.9031
 2.026	3.9015
 2.027	3.8879
 2.028	3.8751
 2.029	3.8824
 2.030	3.8909
 2.031	3.8978
 2.032	3.9067
 2.033	3.9239
 2.034	3.9437
 2.035	3.9643
 2.036	4.0032
 2.037	4.0252
 2.038	4.0391
 2.039	4.0463
 2.040	4.0396
 2.041	4.0392
 2.042	4.0340
 2.043	4.0344
 2.044	4.0330
 2.045	4.0325
 2.046	4.0415
 2.047	4.0579
 2.048	4.0649
 2.049	4.0763
 2.050	4.0827
 2.051	4.0717
 2.052	4.0777
 2.053	4.0953
 2.054	4.1129
 2.055	4.1510
 2.056	4.1609
 2.057	4.1729
 2.058	4.1742
 2.059	4.1674
 2.060	4.1355
 2.061	4.1372
 2.062	4.1467
 2.063	4.1551
 2.064	4.1817
 2.065	4.1969
 2.066	4.1974
 2.067	4.2150
 2.068	4.2549
 2.069	4.2726
 2.070	4.2871
 2.071	4.2957
 2.072	4.2855
 2.073	4.2770
 2.074	4.2737
 2.075	4.2724
 2.076	4.2726
 2.077	4.2740
 2.078	4.2785
 2.079	4.2828
 2.080	4.2959
 2.081	4.3201
 2.082	4.3347
 2.083	4.3593
 2.084	4.3689
 2.085	4.3549
 2.086	4.3569
 2.087	4.3604
 2.088	4.3643
 2.089	4.3727
 2.090	4.3920
 2.091	4.4063
 2.092	4.4187
 2.093	4.4302
 2.094	4.4458
 2.095	4.4562
 2.096	4.4667
 2.097	4.4680
 2.098	4.4558
 2.099	4.4566
 2.100	4.4568
 2.101	4.4568
 2.102	4.4694
 2.103	4.4755
 2.104	4.4648
 2.105	4.4694
 2.106	4.4817
 2.107	4.5050
 2.108	4.5179
 2.109	4.5384
 2.110	4.5489
 2.111	4.5471
 2.112	4.5518
 2.113	4.5552
 2.114	4.5641
 2.115	4.5774
 2.116	4.5867
 2.117	4.5966
 2.118	4.6091
 2.119	4.6194
 2.120	4.6317
 2.121	4.6450
 2.122	4.6693
 2.123	4.6805
 2.124	4.6915
 2.125	4.6881
 2.126	4.6578
 2.127	4.6729
 2.128	4.6979
 2.129	4.7261
 2.130	4.8043
 2.131	4.8290
 2.132	4.8272
 2.133	4.8227
 2.134	4.7869
 2.135	4.7703
 2.136	4.7526
 2.137	4.7404
 2.138	4.7358
 2.139	4.7363
 2.140	4.7424
 2.141	4.7465
 2.142	4.7592
 2.143	4.7824
 2.144	4.7936
 2.145	4.8123
 2.146	4.8096
 2.147	4.7874
 2.148	4.7809
 2.149	4.7598
 2.150	4.7617
 2.151	4.7877
 2.152	4.8008
 2.153	4.8263
 2.154	4.8333
 2.155	4.8116
 2.156	4.8182
 2.157	4.8406
 2.158	4.8503
 2.159	4.8786
 2.160	4.8920
 2.161	4.8760
 2.162	4.8447
 2.163	4.8394
 2.164	4.8381
 2.165	4.8363
 2.166	4.8441
 2.167	4.8553
 2.168	4.8656
 2.169	4.8760
 2.170	4.9034
 2.171	4.9128
 2.172	4.9110
 2.173	4.9064
 2.174	4.8893
 2.175	4.8826
 2.176	4.8630
 2.177	4.8665
 2.178	4.9016
 2.179	4.9172
 2.180	4.9440
 2.181	4.9543
 2.182	4.9482
 2.183	4.9317
 2.184	4.9140
 2.185	4.8815
 2.186	4.8731
 2.187	4.8651
 2.188	4.8694
 2.189	4.8990
 2.190	4.9088
 2.191	4.9189
 2.192	4.9207
 2.193	4.9130
 2.194	4.9069
 2.195	4.8909
 2.196	4.8852
 2.197	4.8832
 2.198	4.8818
 2.199	4.8910
 2.200	4.8903
 2.201	4.8774
 2.202	4.8755
 2.203	4.8757
 2.204	4.8777
 2.205	4.8817
 2.206	4.9002
 2.207	4.9100
 2.208	4.9205
 2.209	4.9184
 2.210	4.9105
 2.211	4.9062
 2.212	4.8916
 2.213	4.8857
 2.214	4.8872
 2.215	4.8883
 2.216	4.8808
 2.217	4.8931
 2.218	4.9292
 2.219	4.9409
 2.220	4.9518
 2.221	4.9595
 2.222	4.9553
 2.223	4.9479
 2.224	4.9411
 2.225	4.9329
 2.226	4.9114
 2.227	4.8973
 2.228	4.8908
 2.229	4.8801
 2.230	4.8813
 2.231	4.8531
 2.232	4.8284
 2.233	4.8092
 2.234	4.8030
 2.235	4.8017
 2.236	4.8092
 2.237	4.8333
 2.238	4.8459
 2.239	4.8560
 2.240	4.8648
 2.241	4.8833
 2.242	4.8814
 2.243	4.8766
 2.244	4.8519
 2.245	4.7810
 2.246	4.7618
 2.247	4.7597
 2.248	4.7487
 2.249	4.7650
 2.250	4.7695
 2.251	4.7509
 2.252	4.7505
 2.253	4.7665
 2.254	4.7783
 2.255	4.8084
 2.256	4.8072
 2.257	4.7806
 2.258	4.7717
 2.259	4.7545
 2.260	4.7323
 2.261	4.7229
 2.262	4.7115
 2.263	4.6504
 2.264	4.6078
 2.265	4.6280
 2.266	4.6291
 2.267	4.6237
 2.268	4.6401
 2.269	4.6407
 2.270	4.6039
 2.271	4.6061
 2.272	4.6423
 2.273	4.6606
 2.274	4.6798
 2.275	4.6915
 2.276	4.6990
 2.277	4.7042
 2.278	4.7081
 2.279	4.6994
 2.280	4.6873
 2.281	4.6657
 2.282	4.6155
 2.283	4.5940
 2.284	4.5892
 2.285	4.5744
 2.286	4.5639
 2.287	4.5513
 2.288	4.5165
 2.289	4.5099
 2.290	4.5344
 2.291	4.5482
 2.292	4.5929
 2.293	4.5931
 2.294	4.5617
 2.295	4.5248
 2.296	4.4346
 2.297	4.3874
 2.298	4.3440
 2.299	4.3348
 2.300	4.3552
 2.301	4.3881
 2.302	4.4196
 2.303	4.4290
 2.304	4.4149
 2.305	4.3980
 2.306	4.3947
 2.307	4.3839
 2.308	4.3753
 2.309	4.3636
 2.310	4.3215
 2.311	4.3133
 2.312	4.3112
 2.313	4.3289
 2.314	4.3269
 2.315	4.3250
 2.316	4.3174
 2.317	4.2990
 2.318	4.2886
 2.319	4.2809
 2.320	4.2913
 2.321	4.3020
 2.322	4.3279
 2.323	4.3914
 2.324	4.4070
 2.325	4.4109
 2.326	4.3972
 2.327	4.3373
 2.328	4.3222
 2.329	4.3268
 2.330	4.3205
 2.331	4.3165
 2.332	4.3316
 2.333	4.3651
 2.334	4.3621
 2.335	4.3717
 2.336	4.3567
 2.337	4.2698
 2.338	4.2349
 2.339	4.2268
 2.340	4.2115
 2.341	4.2220
 2.342	4.2116
 2.343	4.1792
 2.344	4.1705
 2.345	4.1537
 2.346	4.1560
 2.347	4.2059
 2.348	4.2168
 2.349	4.2160
 2.350	4.2145
 2.351	4.1963
 2.352	4.1738
 2.353	4.1431
 2.354	4.1182
 2.355	4.0841
 2.356	4.0354
 2.357	4.0279
 2.358	4.0126
 2.359	4.0180
 2.360	4.0506
 2.361	4.0605
 2.362	4.0654
 2.363	4.0383
 2.364	4.0202
 2.365	4.0292
 2.366	4.0220
 2.367	4.0325
 2.368	4.0130
 2.369	3.9990
 2.370	4.0053
 2.371	4.0101
 2.372	4.0679
 2.373	4.0941
 2.374	4.1238
 2.375	4.1510
 2.376	4.1251
 2.377	4.0923
 2.378	4.0546
 2.379	4.0412
 2.380	4.0405
 2.381	4.0797
 2.382	4.1087
 2.383	4.1331
 2.384	4.1541
 2.385	4.0800
 2.386	4.0277
 2.387	3.9682
 2.388	3.9202
 2.389	3.9743
 2.390	3.9873
 2.391	3.9857
 2.392	4.0456
 2.393	4.0511
 2.394	4.0579
 2.395	4.1177
 2.396	4.0925
 2.397	4.0351
 2.398	3.9892
 2.399	3.8845
 2.400	3.8048
 2.401	3.8230
 2.402	3.8348
 2.403	3.8777
 2.404	3.9294
 2.405	3.8809
 2.406	3.8350
 2.407	3.7977
 2.408	3.7490
 2.409	3.7449
 2.410	3.8327
 2.411	3.9007
 2.412	3.8871
 2.413	3.8998
 2.414	3.8589
 2.415	3.8378
 2.416	3.8944
 2.417	3.8983
 2.418	3.9069
 2.419	3.8978
 2.420	3.9001
 2.421	3.9359
 2.422	3.9250
 2.423	3.9248
 2.424	3.9297
 2.425	3.8871
 2.426	3.9089
 2.427	3.9866
 2.428	3.9536
 2.429	3.9130
 2.430	3.9258
 2.431	3.8855
 2.432	3.8449
 2.433	3.7997
 2.434	3.6464
 2.435	3.5193
 2.436	3.4901
 2.437	3.4827
 2.438	3.4957
 2.439	3.5282
 2.440	3.4956
 2.441	3.4954
 2.442	3.6215
 2.443	3.6627
 2.444	3.7078
 2.445	3.8243
 2.446	3.8898
 2.447	3.8490
 2.448	3.7461
 2.449	3.6346
 2.450	3.4932
 2.451	3.5753
 2.452	3.7777
 2.453	3.7972
 2.454	3.8044
 2.455	3.7467
 2.456	3.5738
 2.457	3.5641
 2.458	3.7059
 2.459	3.7582
 2.460	3.7807
 2.461	3.8267
 2.462	3.7425
 2.463	3.7672
 2.464	3.8669
 2.465	3.8816
 2.466	3.8602
 2.467	3.7752
 2.468	3.6541
 2.469	3.5304
 2.470	3.4986
 2.471	3.5466
 2.472	3.5278
 2.473	3.5165
 2.474	3.5879
 2.475	3.6504
 2.476	3.6447
 2.477	3.7086
 2.478	3.6998
 2.479	3.5070
 2.480	3.4450
 2.481	3.5131
 2.482	3.4305
 2.483	3.4496
 2.484	3.3750
 2.485	3.2505
 2.486	3.1750
 2.487	3.1094
 2.488	3.1866
 2.489	3.2853
 2.490	3.2788
 2.491	3.4585
 2.492	3.5281
 2.493	3.2625
 2.494	3.3245
 2.495	3.2870
 2.496	3.2510
 2.497	3.7098
 2.498	3.8474
 2.499	3.8635
 2.500	3.9003
 2.500	4.6413
 2.501	4.6333
 2.503	4.5870
 2.504	4.6336
 2.505	4.6629
 2.506	4.6516
 2.507	4.6208
 2.509	4.6707
 2.510	4.6195
 2.511	4.6069
 2.512	4.5868
 2.514	4.6032
 2.515	4.5994
 2.516	4.6103
 2.517	4.6161
 2.518	4.6335
 2.520	4.6253
 2.521	4.7084
 2.522	4.6724
 2.523	4.6651
 2.525	4.6650
 2.526	4.7401
 2.527	4.7077
 2.528	4.6437
 2.530	4.6326
 2.531	4.7030
 2.532	4.7330
 2.533	4.7429
 2.534	4.6514
 2.536	4.6487
 2.537	4.6875
 2.538	4.6895
 2.539	4.6741
 2.541	4.7098
 2.542	4.6766
 2.543	4.6643
 2.544	4.6075
 2.546	4.6047
 2.547	4.6136
 2.548	4.6518
 2.549	4.6178
 2.551	4.6144
 2.552	4.6414
 2.553	4.6562
 2.554	4.6397
 2.556	4.6515
 2.557	4.6408
 2.558	4.6818
 2.559	4.6453
 2.561	4.6508
 2.562	4.6934
 2.563	4.7230
 2.565	4.6474
 2.566	4.6559
 2.567	4.6763
 2.568	4.6558
 2.570	4.6149
 2.571	4.6657
 2.572	4.6599
 2.573	4.7092
 2.575	4.6774
 2.576	4.6472
 2.577	4.6383
 2.579	4.6307
 2.580	4.5810
 2.581	4.6408
 2.582	4.6466
 2.584	4.6520
 2.585	4.6059
 2.586	4.5853
 2.588	4.5710
 2.589	4.5892
 2.590	4.6226
 2.591	4.6918
 2.593	4.6693
 2.594	4.6706
 2.595	4.6048
 2.597	4.5832
 2.598	4.5849
 2.599	4.6379
 2.601	4.6559
 2.602	4.6550
 2.603	4.5956
 2.604	4.6120
 2.606	4.5363
 2.607	4.5397
 2.608	4.5025
 2.610	4.5664
 2.611	4.6242
 2.612	4.5925
 2.614	4.5747
 2.615	4.6368
 2.616	4.6095
 2.618	4.5852
 2.619	4.5239
 2.620	4.5049
 2.622	4.5013
 2.623	4.5378
 2.624	4.5621
 2.626	4.5959
 2.627	4.5330
 2.628	4.5440
 2.630	4.5282
 2.631	4.5440
 2.632	4.5059
 2.634	4.5256
 2.635	4.5240
 2.636	4.5024
 2.638	4.4735
 2.639	4.5306
 2.640	4.5178
 2.642	4.4885
 2.643	4.4072
 2.644	4.4020
 2.646	4.4288
 2.647	4.4882
 2.648	4.4816
 2.650	4.5012
 2.651	4.4678
 2.652	4.4428
 2.654	4.4158
 2.655	4.4227
 2.657	4.3574
 2.658	4.3556
 2.659	4.3474
 2.661	4.3815
 2.662	4.3504
 2.663	4.3945
 2.665	4.3837
 2.666	4.3755
 2.667	4.3688
 2.669	4.4006
 2.670	4.3828
 2.672	4.3911
 2.673	4.3413
 2.674	4.3937
 2.676	4.4080
 2.677	4.3948
 2.678	4.3423
 2.680	4.4117
 2.681	4.3691
 2.683	4.3444
 2.684	4.3644
 2.685	4.3558
 2.687	4.3189
 2.688	4.4084
 2.690	4.3593
 2.691	4.3324
 2.692	4.2825
 2.694	4.1894
 2.695	4.1405
 2.697	4.2195
 2.698	4.2230
 2.699	4.2134
 2.701	4.2363
 2.702	4.3082
 2.704	4.2825
 2.705	4.2854
 2.706	4.2689
 2.708	4.2711
 2.709	4.2655
 2.711	4.3189
 2.712	4.2462
 2.713	4.2523
 2.715	4.2433
 2.716	4.3053
 2.718	4.2955
 2.719	4.2923
 2.721	4.2855
 2.722	4.3024
 2.723	4.2697
 2.725	4.2474
 2.726	4.2174
 2.728	4.2627
 2.729	4.2401
 2.731	4.2183
 2.732	4.1920
 2.734	4.2281
 2.735	4.2271
 2.736	4.2779
 2.738	4.2363
 2.739	4.2469
 2.741	4.2483
 2.742	4.2250
 2.744	4.1650
 2.745	4.1888
 2.747	4.1816
 2.748	4.1993
 2.749	4.2177
 2.751	4.2550
 2.752	4.2099
 2.754	4.1910
 2.755	4.1866
 2.757	4.2567
 2.758	4.2064
 2.760	4.1649
 2.761	4.1951
 2.763	4.2806
 2.764	4.2408
 2.766	4.2272
 2.767	4.2109
 2.769	4.2411
 2.770	4.2536
 2.772	4.2883
 2.773	4.2690
 2.774	4.3053
 2.776	4.2768
 2.777	4.2662
 2.779	4.2085
 2.780	4.2138
 2.782	4.2126
 2.783	4.2476
 2.785	4.2382
 2.786	4.2422
 2.788	4.1845
 2.789	4.2216
 2.791	4.2229
 2.792	4.2021
 2.794	4.1917
 2.795	4.2526
 2.797	4.2764
 2.798	4.3176
 2.800	4.2710
 2.801	4.2574
 2.803	4.2340
 2.804	4.2863
 2.806	4.2829
 2.808	4.2997
 2.809	4.2634
 2.811	4.2851
 2.812	4.2362
 2.814	4.2261
 2.815	4.2273
 2.817	4.2539
 2.818	4.2421
 2.820	4.2418
 2.821	4.2064
 2.823	4.2280
 2.824	4.2057
 2.826	4.2601
 2.827	4.2847
 2.829	4.2794
 2.831	4.2422
 2.832	4.2867
 2.834	4.2161
 2.835	4.1602
 2.837	4.1682
 2.838	4.2352
 2.840	4.1903
 2.841	4.2270
 2.843	4.2535
 2.844	4.2663
 2.846	4.2085
 2.848	4.2784
 2.849	4.2620
 2.851	4.2225
 2.852	4.1934
 2.854	4.2883
 2.855	4.3463
 2.857	4.3277
 2.859	4.2038
 2.860	4.2064
 2.862	4.2214
 2.863	4.3048
 2.865	4.2590
 2.866	4.2900
 2.868	4.3216
 2.870	4.3348
 2.871	4.3465
 2.873	4.3383
 2.874	4.2107
 2.876	4.1903
 2.878	4.1756
 2.879	4.2384
 2.881	4.2377
 2.882	4.2169
 2.884	4.2425
 2.886	4.3065
 2.887	4.2616
 2.889	4.2652
 2.890	4.2254
 2.892	4.2759
 2.894	4.2707
 2.895	4.2834
 2.897	4.2333
 2.899	4.3058
 2.900	4.2897
 2.902	4.2895
 2.903	4.2835
 2.905	4.3644
 2.907	4.3365
 2.908	4.2953
 2.910	4.2470
 2.912	4.2727
 2.913	4.2357
 2.915	4.2685
 2.916	4.2824
 2.918	4.2377
 2.920	4.2082
 2.921	4.2679
 2.923	4.3020
 2.925	4.3537
 2.926	4.3128
 2.928	4.2905
 2.930	4.2925
 2.931	4.3607
 2.933	4.3592
 2.935	4.3870
 2.936	4.3278
 2.938	4.3489
 2.940	4.3134
 2.941	4.3106
 2.943	4.3370
 2.945	4.3357
 2.946	4.3218
 2.948	4.3161
 2.950	4.2912
 2.951	4.3171
 2.953	4.2645
 2.955	4.3145
 2.956	4.3375
 2.958	4.3022
 2.960	4.2706
 2.961	4.3050
 2.963	4.2770
 2.965	4.3236
 2.967	4.3337
 2.968	4.3044
 2.970	4.2577
 2.972	4.2945
 2.973	4.2464
 2.975	4.2705
 2.977	4.2843
 2.978	4.3160
 2.980	4.3053
 2.982	4.3183
 2.984	4.3389
 2.985	4.3704
 2.987	4.2744
 2.989	4.2845
 2.990	4.2822
 2.992	4.2871
 2.994	4.2879
 2.996	4.3991
 2.997	4.3896
 2.999	4.3446
 3.001	4.3132
 3.003	4.3185
 3.004	4.2768
 3.006	4.2774
 3.008	4.2895
 3.010	4.3148
 3.011	4.2875
 3.013	4.2566
 3.015	4.2520
 3.017	4.3081
 3.018	4.2999
 3.020	4.3572
 3.022	4.3036
 3.024	4.2663
 3.025	4.3026
 3.027	4.3627
 3.029	4.3299
 3.031	4.3397
 3.032	4.3007
 3.034	4.3003
 3.036	4.2921
 3.038	4.3134
 3.040	4.3141
 3.041	4.3273
 3.043	4.2624
 3.045	4.2582
 3.047	4.2532
 3.048	4.2260
 3.050	4.1699
 3.052	4.2498
 3.054	4.2795
 3.056	4.3457
 3.057	4.3081
 3.059	4.2936
 3.061	4.2839
 3.063	4.3107
 3.065	4.2290
 3.067	4.2332
 3.068	4.2712
 3.070	4.2984
 3.072	4.2858
 3.074	4.2853
 3.076	4.2431
 3.077	4.3353
 3.079	4.3440
 3.081	4.3060
 3.083	4.2420
 3.085	4.2667
 3.087	4.2934
 3.088	4.2715
 3.090	4.1923
 3.092	4.2620
 3.094	4.2825
 3.096	4.2451
 3.098	4.2420
 3.100	4.2676
 3.101	4.2342
 3.103	4.2600
 3.105	4.2701
 3.107	4.2809
 3.109	4.2522
 3.111	4.2648
 3.113	4.2234
 3.114	4.1986
 3.116	4.1709
 3.118	4.2064
 3.120	4.2738
 3.122	4.3116
 3.124	4.2298
 3.126	4.1940
 3.128	4.2062
 3.129	4.2739
 3.131	4.2815
 3.133	4.2800
 3.135	4.2808
 3.137	4.3087
 3.139	4.2585
 3.141	4.2365
 3.143	4.2173
 3.145	4.1889
 3.147	4.1710
 3.148	4.2346
 3.150	4.2008
 3.152	4.1990
 3.154	4.1839
 3.156	4.1979
 3.158	4.1958
 3.160	4.2285
 3.162	4.1880
 3.164	4.1726
 3.166	4.1405
 3.168	4.1638
 3.170	4.2015
 3.172	4.2381
 3.173	4.2210
 3.175	4.2515
 3.177	4.2261
 3.179	4.1928
 3.181	4.1364
 3.183	4.1394
 3.185	4.1260
 3.187	4.1844
 3.189	4.1638
 3.191	4.1270
 3.193	4.1204
 3.195	4.1525
 3.197	4.1557
 3.199	4.1288
 3.201	4.0818
 3.203	4.0952
 3.205	4.0787
 3.207	4.1324
 3.209	4.1347
 3.211	4.1500
 3.213	4.1581
 3.215	4.2070
 3.217	4.1382
 3.219	4.0902
 3.221	4.0583
 3.223	4.0866
 3.225	4.1026
 3.227	4.1242
 3.229	4.0945
 3.231	4.0880
 3.233	4.0799
 3.235	4.1073
 3.237	4.1139
 3.239	4.1185
 3.241	4.0827
 3.243	4.0903
 3.245	4.0963
 3.247	4.1092
 3.249	4.0557
 3.251	4.0131
 3.253	3.9802
 3.255	4.0193
 3.257	4.0349
 3.259	4.0592
 3.261	4.0578
 3.263	4.0482
 3.265	4.0138
 3.267	4.0572
 3.270	4.0609
 3.272	4.0651
 3.274	4.0384
 3.276	4.0461
 3.278	4.0075
 3.280	3.9857
 3.282	3.9744
 3.284	4.0269
 3.286	4.0255
 3.288	4.0296
 3.290	3.9932
 3.292	3.9944
 3.294	3.9791
 3.297	3.9540
 3.299	3.9337
 3.301	3.9817
 3.303	3.9523
 3.305	3.9309
 3.307	3.9477
 3.309	3.9429
 3.311	3.9124
 3.313	3.9326
 3.316	3.9389
 3.318	3.9418
 3.320	3.8588
 3.322	3.8246
 3.324	3.8152
 3.326	3.8448
 3.328	3.8287
 3.330	3.8357
 3.333	3.8031
 3.335	3.8316
 3.337	3.8228
 3.339	3.8062
 3.341	3.7656
 3.343	3.7674
 3.345	3.7606
 3.348	3.7987
 3.350	3.7905
 3.352	3.7643
 3.354	3.6980
 3.356	3.6854
 3.358	3.6709
 3.361	3.6682
 3.363	3.6098
 3.365	3.6196
 3.367	3.5940
 3.369	3.5201
 3.372	3.4590
 3.374	3.4763
 3.376	3.4930
 3.378	3.5045
 3.380	3.4562
 3.383	3.4590
 3.385	3.4576
 3.387	3.4805
 3.389	3.4406
 3.391	3.4013
 3.394	3.3887
 3.396	3.3367
 3.398	3.2565
 3.400	3.2688
 3.403	3.2295
 3.405	3.1838
 3.407	3.1440
 3.409	3.2012
 3.411	3.2568
 3.414	3.3628
 3.416	3.5669
 3.418	3.8900
 3.420	4.3641
 3.423	5.0738
 3.425	5.8944
 3.427	6.7069
 3.430	7.1795
 3.432	7.1292
 3.434	6.7023
 3.436	6.2379
 3.439	5.8729
 3.441	5.6320
 3.443	5.3835
 3.445	5.3084
 3.448	5.2749
 3.450	5.1946
 3.452	5.0885
 3.455	5.0350
 3.457	4.9689
 3.459	4.9801
 3.462	4.9388
 3.464	4.9041
 3.466	4.8626
 3.469	4.8100
 3.471	4.7589
 3.473	4.7304
 3.476	4.6429
 3.478	4.6060
 3.480	4.5641
 3.483	4.5117
 3.485	4.4215
 3.487	4.3353
 3.490	4.2089
 3.492	4.0893
 3.494	3.9537
 3.497	3.8599
 3.499	3.8109
 3.501	3.8404
 3.504	3.9463
 3.506	4.4616
 3.508	5.5648
 3.511	6.6982
 3.513	7.0208
 3.516	6.7531
 3.518	6.3601
 3.520	6.0195
 3.523	5.7766
 3.525	5.6704
 3.528	5.5372
 3.530	5.4635
 3.532	5.3267
 3.535	5.2254
 3.537	5.1658
 3.540	5.1708
 3.542	5.1300
 3.544	5.0812
 3.547	5.0545
 3.549	5.0457
 3.552	4.9877
 3.554	4.9748
 3.557	4.9663
 3.559	4.9451
 3.561	4.9272
 3.564	4.9086
 3.566	4.8824
 3.569	4.8618
 3.571	4.8441
 3.574	4.8635
 3.576	4.8280
 3.579	4.7966
 3.581	4.7689
 3.584	4.7825
 3.586	4.8025
 3.589	4.7759
 3.591	4.6921
 3.594	4.7087
 3.596	4.7572
 3.599	4.8017
 3.601	4.7908
 3.604	4.7529
 3.606	4.7278
 3.609	4.7249
 3.611	4.7008
 3.614	4.6910
 3.616	4.6985
 3.619	4.7466
 3.621	4.7136
 3.624	4.7002
 3.626	4.7013
 3.629	4.6955
 3.631	4.6980
 3.634	4.7317
 3.636	4.6811
 3.639	4.6294
 3.641	4.5864
 3.644	4.6346
 3.647	4.6685
 3.649	4.6975
 3.652	4.6724
 3.654	4.6476
 3.657	4.6219
 3.659	4.6133
 3.662	4.5958
 3.665	4.6075
 3.667	4.6097
 3.670	4.6071
 3.672	4.6005
 3.675	4.6339
 3.678	4.6423
 3.680	4.6594
 3.683	4.6482
 3.685	4.6450
 3.688	4.6399
 3.691	4.6483
 3.693	4.6214
 3.696	4.6392
 3.699	4.6384
 3.701	4.6291
 3.704	4.5912
 3.707	4.5824
 3.709	4.5765
 3.712	4.5868
 3.715	4.6174
 3.717	4.6399
 3.720	4.6100
 3.723	4.6335
 3.725	4.6290
 3.728	4.6129
 3.731	4.6044
 3.733	4.6246
 3.736	4.6348
 3.739	4.6203
 3.741	4.6089
 3.744	4.6693
 3.747	4.6707
 3.749	4.6169
 3.752	4.6141
 3.755	4.6789
 3.758	4.6740
 3.760	4.6416
 3.763	4.6418
 3.766	4.6483
 3.769	4.5987
 3.771	4.5840
 3.774	4.5720
 3.777	4.5944
 3.779	4.5970
 3.782	4.6252
 3.785	4.6367
 3.788	4.6247
 3.791	4.6090
 3.793	4.6344
 3.796	4.6342
 3.799	4.6232
 3.802	4.6025
 3.804	4.6128
 3.807	4.6294
 3.810	4.6595
 3.813	4.6293
 3.816	4.6143
 3.818	4.6153
 3.821	4.6213
 3.824	4.6041
 3.827	4.5909
 3.830	4.5872
 3.833	4.6075
 3.835	4.5823
 3.838	4.5661
 3.841	4.5676
 3.844	4.6201
 3.847	4.6100
 3.850	4.6013
 3.852	4.6006
 3.855	4.5813
 3.858	4.5819
 3.861	4.5972
 3.864	4.5923
 3.867	4.6213
 3.870	4.6075
 3.873	4.6280
 3.876	4.6120
 3.878	4.6188
 3.881	4.6034
 3.884	4.6137
 3.887	4.5903
 3.890	4.5923
 3.893	4.5885
 3.896	4.6144
 3.899	4.6233
 3.902	4.5964
 3.905	4.5747
 3.908	4.5871
 3.911	4.5777
 3.914	4.5547
 3.917	4.5276
 3.919	4.5650
 3.922	4.5993
 3.925	4.6192
 3.928	4.6072
 3.931	4.6011
 3.934	4.5981
 3.937	4.6049
 3.940	4.5993
 3.943	4.6200
 3.946	4.5871
 3.949	4.5772
 3.952	4.5629
 3.955	4.5728
 3.958	4.5914
 3.961	4.5881
 3.964	4.5769
 3.967	4.6062
 3.970	4.6058
 3.974	4.5877
 3.977	4.5515
 3.980	4.5414
 3.983	4.5312
 3.986	4.5737
 3.989	4.6089
 3.992	4.6153
 3.995	4.6074
 3.998	4.5959
 4.001	4.5655
 4.004	4.5833
 4.007	4.5746
 4.010	4.5658
 4.014	4.5588
 4.017	4.5620
 4.020	4.5448
 4.023	4.5552
 4.026	4.5540
 4.029	4.5664
 4.032	4.5590
 4.035	4.5664
 4.039	4.5628
 4.042	4.5590
 4.045	4.5442
 4.048	4.5599
 4.051	4.5594
 4.054	4.5526
 4.057	4.5080
 4.061	4.5177
 4.064	4.5349
 4.067	4.5302
 4.070	4.5369
 4.073	4.5578
 4.077	4.5350
 4.080	4.5311
 4.083	4.5420
 4.086	4.5517
 4.089	4.5627
 4.093	4.5391
 4.096	4.5229
 4.099	4.5483
 4.102	4.5202
 4.106	4.5290
 4.109	4.5372
 4.112	4.5139
 4.115	4.4871
 4.119	4.5145
 4.122	4.5012
 4.125	4.4821
 4.129	4.5124
 4.132	4.5331
 4.135	4.5099
 4.138	4.4921
 4.142	4.4878
 4.145	4.5003
 4.148	4.4838
 4.152	4.4969
 4.155	4.5259
 4.158	4.4917
 4.162	4.4804
 4.165	4.5284
 4.168	4.5270
 4.172	4.5021
 4.175	4.4656
 4.178	4.4932
 4.182	4.4754
 4.185	4.4299
 4.189	4.4272
 4.192	4.4672
 4.195	4.4919
 4.199	4.5076
 4.202	4.4910
 4.206	4.5311
 4.209	4.6011
 4.212	4.6331
 4.216	4.6319
 4.219	4.6633
 4.223	4.6586
 4.226	4.6887
 4.230	4.7050
 4.233	4.7469
 4.236	4.6895
 4.240	4.7455
 4.243	4.7494
 4.247	4.6561
 4.250	4.6303
 4.254	4.6189
 4.257	4.5789
 4.261	4.6248
 4.264	4.6935
 4.268	4.6666
 4.271	4.5612
 4.275	4.5529
 4.278	4.5387
 4.282	4.5934
 4.285	4.6153
 4.289	4.6412
 4.293	4.6334
 4.296	4.5868
 4.300	4.5656
 4.303	4.5787
 4.307	4.5380
 4.310	4.5024
 4.314	4.5196
 4.318	4.5741
 4.321	4.5320
 4.325	4.4978
 4.328	4.5124
 4.332	4.4843
 4.336	4.4739
 4.339	4.4738
 4.343	4.4652
 4.347	4.4579
 4.350	4.4311
 4.354	4.3949
 4.358	4.3657
 4.361	4.3939
 4.365	4.4232
 4.369	4.4066
 4.372	4.4005
 4.376	4.3944
 4.380	4.3681
 4.383	4.3671
 4.387	4.3884
 4.391	4.3924
 4.394	4.3775
 4.398	4.4138
 4.402	4.4125
 4.406	4.4086
 4.409	4.4021
 4.413	4.3694
 4.417	4.3505
 4.421	4.3639
 4.424	4.3599
 4.428	4.3331
 4.432	4.2991
 4.436	4.3151
 4.440	4.3265
 4.443	4.3245
 4.447	4.3456
 4.451	4.3767
 4.455	4.3561
 4.459	4.3215
 4.463	4.3267
 4.466	4.3651
 4.470	4.3710
 4.474	4.3487
 4.478	4.3136
 4.482	4.2865
 4.486	4.3080
 4.490	4.3275
 4.493	4.3599
 4.497	4.3588
 4.501	4.3072
 4.505	4.2811
 4.509	4.3038
 4.513	4.3126
 4.517	4.3301
 4.521	4.3418
 4.525	4.3418
 4.529	4.3180
 4.533	4.2897
 4.537	4.2859
 4.541	4.2924
 4.545	4.3056
 4.549	4.2798
 4.553	4.2404
 4.557	4.2601
 4.561	4.2607
 4.565	4.2507
 4.569	4.2744
 4.573	4.3049
 4.577	4.3143
 4.581	4.2916
 4.585	4.2700
 4.589	4.2466
 4.593	4.2421
 4.597	4.2874
 4.601	4.2880
 4.605	4.2908
 4.609	4.3207
 4.613	4.3234
 4.617	4.2977
 4.622	4.2882
 4.626	4.2696
 4.630	4.2515
 4.634	4.2579
 4.638	4.2520
 4.642	4.2617
 4.646	4.2906
 4.651	4.2906
 4.655	4.2592
 4.659	4.2301
 4.663	4.2197
 4.667	4.2268
 4.672	4.2719
 4.676	4.3020
 4.680	4.2823
 4.684	4.2340
 4.688	4.2326
 4.693	4.2518
 4.697	4.2792
 4.701	4.3186
 4.705	4.3090
 4.710	4.2664
 4.714	4.3038
 4.718	4.2995
 4.723	4.2650
 4.727	4.2559
 4.731	4.2576
 4.736	4.2656
 4.740	4.2653
 4.744	4.2284
 4.749	4.2088
 4.753	4.1936
 4.757	4.2367
 4.762	4.2626
 4.766	4.2439
 4.770	4.2395
 4.775	4.2492
 4.779	4.2390
 4.784	4.2323
 4.788	4.2332
 4.792	4.2474
 4.797	4.2556
 4.801	4.2627
 4.806	4.2566
 4.810	4.2546
 4.815	4.2458
 4.819	4.2142
 4.824	4.2297
 4.828	4.2685
 4.833	4.2788
 4.837	4.2808
 4.842	4.2522
 4.846	4.2201
 4.851	4.2222
 4.855	4.2505
 4.860	4.2796
 4.864	4.2835
 4.869	4.2287
 4.874	4.2281
 4.878	4.2508
 4.883	4.2496
 4.887	4.2494
 4.892	4.2120
 4.897	4.2015
 4.901	4.2673
 4.906	4.2698
 4.910	4.2252
 4.915	4.2078
 4.920	4.2028
 4.924	4.2298
 4.929	4.2491
 4.934	4.2522
 4.939	4.2456
 4.943	4.2165
 4.948	4.2290
 4.953	4.2332
 4.957	4.2341
 4.962	4.2607
 4.967	4.2864
 4.972	4.2452
 4.976	4.2519
 4.981	4.2725
 4.986	4.2782
 4.991	4.2742
 4.996	4.3031
 5.000	4.3320
 5.005	4.2786
 5.010	4.2301
 5.015	4.2487
 5.020	4.2770
 5.025	4.2961
 5.030	4.2510
 5.034	4.2095
 5.039	4.2300
 5.044	4.2730
 5.049	4.2600
 5.054	4.2443
 5.059	4.2504
 5.064	4.2504
 5.069	4.2293
 5.074	4.2673
 5.079	4.2892
 5.084	4.2945
 5.089	4.2773
 5.094	4.2520
 5.099	4.2442
 5.104	4.2855
 5.109	4.2721
 5.114	4.2746
 5.119	4.2864
 5.124	4.3130
 5.129	4.3089
 5.134	4.2882
 5.139	4.2677
 5.144	4.2593
 5.149	4.2654
 5.155	4.2986
 5.160	4.2903
 5.165	4.3171
 5.170	4.3211
 5.175	4.2941
 5.180	4.2547
 5.185	4.2699
 5.191	4.3057
 5.196	4.3145
 5.201	4.3076
 5.206	4.2922
 5.211	4.3123
 5.217	4.3516
 5.222	4.3065
 5.227	4.2745
 5.233	4.2659
 5.238	4.2720
 5.243	4.2641
 5.248	4.2499
 5.254	4.2706
 5.259	4.3038
 5.264	4.2635
 5.270	4.2533
 5.275	4.2615
 5.280	4.2996
 5.286	4.2903
 5.291	4.2918
 5.297	4.2965
 5.302	4.2602
 5.308	4.2318
 5.313	4.2305
 5.318	4.2523
 5.324	4.2902
 5.329	4.2841
 5.335	4.2783
 5.340	4.2902
 5.346	4.2918
 5.351	4.3187
 5.357	4.3414
 5.362	4.3045
 5.368	4.2874
 5.374	4.2399
 5.379	4.2407
 5.385	4.2556
 5.390	4.2441
 5.396	4.2310
 5.401	4.2595
 5.407	4.2264
 5.413	4.2538
 5.418	4.2482
 5.424	4.2131
 5.430	4.2049
 5.435	4.2461
 5.441	4.2538
 5.447	4.2657
 5.453	4.2188
 5.458	4.2130
 5.464	4.2189
 5.470	4.2225
 5.476	4.2129
 5.481	4.2305
 5.487	4.2107
 5.493	4.2453
 5.499	4.2417
 5.505	4.2163
 5.511	4.1996
 5.516	4.1945
 5.522	4.1600
 5.528	4.1421
 5.534	4.1466
 5.540	4.1745
 5.546	4.1515
 5.552	4.1896
 5.558	4.1597
 5.564	4.1387
 5.570	4.1443
 5.576	4.187
 5.582	4.1634
 5.588	4.1388
 5.594	4.1366
 5.600	4.1239
 5.606	4.0965
 5.612	4.1094
 5.618	4.0972
 5.624	4.0870
 5.630	4.0792
 5.636	4.1068
 5.642	4.1162
 5.649	4.1134
 5.655	4.0437
 5.661	4.0291
 5.667	3.9931
 5.673	3.9849
 5.680	3.9640
 5.686	3.9567
 5.692	3.8869
 5.698	3.8415
 5.705	3.7991
 5.711	3.7958
 5.717	3.7499
 5.723	3.7008
 5.730	3.6143
 5.736	3.5617
 5.742	3.5039
 5.749	3.6016
 5.755	3.7953
 5.762	3.9890
 5.768	4.1369
 5.774	4.2303
 5.781	4.2540
 5.787	4.2284
 5.794	4.1642
 5.800	4.2248
 5.807	4.2619
 5.813	4.2930
 5.820	4.2801
 5.826	4.3309
 5.833	4.3545
 5.839	4.3989
 5.846	4.4128
 5.853	4.4577
 5.859	4.4613
 5.866	4.5263
 5.873	4.5470
 5.879	4.5670
 5.886	4.5236
 5.893	4.5084
 5.899	4.5021
 5.906	4.5720
 5.913	4.5854
 5.919	4.5928
 5.926	4.5751
 5.933	4.5858
 5.940	4.5769
 5.947	4.6082
 5.953	4.5877
 5.960	4.6019
 5.967	4.6164
 5.974	4.5976
 5.981	4.5264
 5.988	4.5617
 5.995	4.5652
 6.002	4.5766
 6.009	4.5086
 6.016	4.5513
 6.023	4.5597
 6.030	4.5648
 6.037	4.5399
 6.044	4.5369
 6.051	4.4869
 6.058	4.5400
 6.065	4.5478
 6.072	4.5571
 6.079	4.5375
 6.086	4.5026
 6.093	4.4341
 6.101	4.5141
 6.108	4.5056
 6.115	4.5092
 6.122	4.4966
 6.129	4.5187
 6.137	4.4843
 6.144	4.4832
 6.151	4.4604
 6.158	4.5284
 6.166	4.5479
 6.173	4.5534
 6.180	4.5147
 6.188	4.5359
 6.195	4.5456
 6.203	4.5708
 6.210	4.5459
 6.218	4.5810
 6.225	4.5999
 6.232	4.6508
 6.240	4.6365
 6.248	4.6412
 6.255	4.6141
 6.263	4.6412
 6.270	4.5877
 6.278	4.5565
 6.285	4.5443
 6.293	4.6170
 6.301	4.5691
 6.308	4.5818
 6.316	4.5593
 6.324	4.5508
 6.331	4.5081
 6.339	4.5186
 6.347	4.5145
 6.355	4.5645
 6.362	4.5492
 6.370	4.4966
 6.378	4.4382
 6.386	4.4918
 6.394	4.4428
 6.402	4.4240
 6.410	4.4069
 6.418	4.4619
 6.426	4.4231
 6.434	4.4181
 6.442	4.3818
 6.450	4.3788
 6.458	4.3315
 6.466	4.3370
 6.474	4.3215
 6.482	4.3448
 6.490	4.2861
 6.498	4.2557
 6.506	4.2555
 6.514	4.3162
 6.523	4.3235
 6.531	4.3441
 6.539	4.2870
 6.547	4.3143
 6.556	4.3181
 6.564	4.3115
 6.572	4.2517
 6.580	4.2420
 6.589	4.2258
 6.597	4.2541
 6.606	4.2128
 6.614	4.2169
 6.623	4.1959
 6.631	4.2397
 6.639	4.2115
 6.648	4.2484
 6.657	4.2433
 6.665	4.2308
 6.674	4.1809
 6.682	4.1795
 6.691	4.1689
 6.700	4.1471
 6.708	4.0752
 6.717	4.1432
 6.726	4.1157
 6.734	4.1161
 6.743	4.0353
 6.752	3.9890
 6.761	3.9248
 6.769	3.9163
 6.778	3.9976
 6.787	4.3846
 6.796	4.5523
 6.805	4.3733
 6.814	4.1774
 6.823	4.2387
 6.832	4.5515
 6.841	4.9317
 6.850	4.8460
 6.859	4.6566
 6.868	4.5217
 6.877	4.5328
 6.886	4.5460
 6.896	4.5655
 6.905	4.5219
 6.914	4.5322
 6.923	4.4577
 6.932	4.4680
 6.942	4.4506
 6.951	4.5032
 6.960	4.5319
 6.970	4.5160
 6.979	4.4422
 6.988	4.4876
 6.998	4.4200
 7.007	4.4193
 7.017	4.4218
 7.026	4.4799
 7.036	4.4501
 7.045	4.4129
 7.055	4.3562
 7.065	4.4192
 7.074	4.4401
 7.084	4.5016
 7.094	4.4661
 7.103	4.4781
 7.113	4.4431
 7.123	4.4793
 7.133	4.4242
 7.142	4.3932
 7.152	4.3849
 7.162	4.3745
 7.172	4.2924
 7.182	4.3640
 7.192	4.3460
 7.202	4.3471
 7.212	4.2947
 7.222	4.2918
 7.232	4.2227
 7.242	4.2559
 7.252	4.2698
 7.262	4.3370
 7.273	4.2603
 7.283	4.2771
 7.293	4.2788
 7.303	4.3257
 7.314	4.2644
 7.324	4.2640
 7.334	4.2322
 7.345	4.2897
 7.355	4.2999
 7.366	4.3368
 7.376	4.2508
 7.387	4.2647
 7.397	4.2108
 7.408	4.2679
 7.418	4.2849
 7.429	4.2710
 7.440	4.1559
 7.450	4.1948
 7.461	4.2092
 7.472	4.2341
 7.483	4.1583
 7.493	4.2097
 7.504	4.2181
 7.515	4.2323
 7.526	4.1982
 7.537	4.2490
 7.548	4.2055
 7.559	4.2248
 7.570	4.1973
 7.581	4.2443
 7.592	4.2490
 7.603	4.2776
 7.614	4.2070
 7.626	4.2460
 7.637	4.1971
 7.648	4.2360
 7.659	4.1659
 7.671	4.1382
 7.682	4.1354
 7.694	4.1893
 7.705	4.1952
 7.716	4.2392
 7.728	4.1476
 7.739	4.1424
 7.751	4.1125
 7.763	4.1300
 7.774	4.0734
 7.786	4.1212
 7.798	4.1027
 7.809	4.1373
 7.821	4.0960
 7.833	4.1353
 7.845	4.0688
 7.857	4.0887
 7.869	4.0546
 7.881	4.0913
 7.893	4.0631
 7.905	4.1328
 7.917	4.0522
 7.929	4.0443
 7.941	4.0058
 7.953	4.0543
 7.965	3.9969
 7.978	4.0186
 7.990	4.0026
 8.002	4.0753
 8.015	4.0201
 8.027	4.0712
 8.039	4.0406
 8.052	4.1221
 8.064	4.1158
 8.077	4.1628
 8.090	4.1050
 8.102	4.1619
 8.115	4.1286
 8.128	4.1933
 8.140	4.1060
 8.153	4.1191
 8.166	4.1346
 8.179	4.2115
 8.192	4.1209
 8.205	4.1100
 8.218	4.0373
 8.231	4.1112
 8.244	4.0664
 8.257	4.1286
 8.270	4.0858
 8.283	4.1033
 8.297	4.0003
 8.310	4.0163
 8.323	3.9436
 8.337	4.0380
 8.350	3.9903
 8.364	4.0634
 8.377	4.0176
 8.391	4.0692
 8.404	4.0457
 8.418	4.1456
 8.432	4.0473
 8.445	4.0392
 8.459	3.9652
 8.473	4.0037
 8.487	4.0287
 8.501	4.1054
 8.515	3.9696
 8.529	4.0866
 8.543	4.0640
 8.557	4.1329
 8.571	4.0799
 8.585	4.1722
 8.599	4.1639
 8.614	4.2754
 8.628	4.2361
 8.642	4.3039
 8.657	4.2653
 8.671	4.3640
 8.686	4.2446
 8.700	4.1976
 8.715	4.1584
 8.730	4.2845
 8.744	4.2238
 8.759	4.2762
 8.774	4.2342
 8.789	4.3110
 8.804	4.2148
 8.819	4.2431
 8.834	4.1880
 8.849	4.2959
 8.864	4.2006
 8.879	4.2906
 8.894	4.2261
 8.910	4.1767
 8.925	4.0469
 8.940	4.1999
 8.956	4.1549
 8.971	4.2324
 8.987	4.1663
 9.002	4.1859
 9.018	4.1278
 9.034	4.2469
 9.050	4.2534
 9.065	4.3532
 9.081	4.3113
 9.097	4.3694
 9.113	4.2757
 9.129	4.2979
 9.145	4.2064
 9.162	4.2889
 9.178	4.3295
 9.194	4.4508
 9.210	4.3060
 9.227	4.3038
 9.243	4.2285
 9.260	4.2818
 9.276	4.1305
 9.293	4.2270
 9.310	4.1828
 9.326	4.2379
 9.343	4.2257
 9.360	4.3347
 9.377	4.1823
 9.394	4.2121
 9.411	4.1364
 9.428	4.2121
 9.445	4.0900
 9.462	4.2149
 9.480	4.1656
 9.497	4.2426
 9.515	4.1453
 9.532	4.2184
 9.550	4.1820
 9.567	4.2401
 9.585	4.1668
 9.603	4.2414
 9.620	4.1613
 9.638	4.2452
 9.656	4.1364
 9.674	4.1961
 9.692	4.1274
 9.711	4.2401
 9.729	4.1453
 9.747	4.1916
 9.765	4.0748
 9.784	4.1950
 9.802	4.1676
 9.821	4.2034
 9.839	4.0547
 9.858	4.1125
 9.877	4.0380
 9.896	4.1455
 9.915	4.1184
 9.934	4.1399
 9.953	4.0258
 9.972	4.1336
 9.991	4.0575
10.010	4.1013
10.030	4.0142
10.049	4.0952
10.069	4.0354
10.088	4.1125
10.108	3.9910
10.128	4.0771
10.148	3.9829
10.167	4.0389
10.187	3.9538
10.207	4.0574
10.228	4.0190
10.248	4.0866
10.268	4.0253
10.289	4.1311
10.309	4.0467
10.330	4.0977
10.350	4.0286
10.371	4.0923
10.392	3.9627
10.412	3.9873
10.433	3.9696
10.454	4.1368
10.476	4.0539
10.497	4.0818
10.518	3.9301
10.539	4.0349
10.561	4.0737
10.582	4.1677
10.604	3.9551
10.626	4.0044
10.648	3.9273
10.670	4.0083
10.692	3.9686
10.714	4.0718
10.736	3.9274
10.758	3.9880
10.780	3.8860
10.803	3.9884
10.825	3.9324
10.848	4.0478
10.871	3.9174
10.894	3.9812
10.917	3.8997
10.940	3.9818
10.963	3.8987
10.986	4.0796
11.009	3.9806
11.033	3.9909
11.056	3.9018
11.080	4.0034
11.104	3.8923
11.127	3.9715
11.151	3.8694
11.175	4.0088
11.200	3.9438
11.224	3.9876
11.248	3.8374
11.273	3.9818
11.297	3.9284
11.322	4.0690
11.347	4.0130
11.372	4.0118
11.397	3.9108
11.422	4.0967
11.447	3.9882
11.472	4.0705
11.498	4.0114
11.523	4.1348
11.549	4.0749
11.575	4.1354
11.600	4.0110
11.626	4.1117
11.653	3.9099
11.679	4.0409
11.705	4.0802
11.732	4.2481
11.758	4.1483
11.785	4.2282
11.812	4.1343
11.839	4.2862
11.866	4.1464
11.893	4.2710
11.920	4.2626
11.948	4.3850
11.976	4.2095
12.003	4.3341
12.031	4.2776
12.059	4.4251
12.087	4.3098
12.115	4.5530
12.144	4.4886
12.172	4.5436
12.201	4.4057
12.230	4.5353
12.259	4.4297
12.288	4.6857
12.317	4.6162
12.346	4.6141
12.376	4.4798
12.405	4.6416
12.435	4.5761
12.465	4.8004
12.495	4.7061
12.525	4.7822
12.555	4.6050
12.586	4.7967
12.617	4.7313
12.647	4.7879
12.678	4.6277
12.709	4.7598
12.741	4.6453
12.772	4.8299
12.803	4.7086
12.835	4.8149
12.867	4.7233
12.899	4.8728
12.931	4.7561
12.964	4.9797
12.996	4.8972
13.029	5.0502
13.061	4.7622
13.094	4.8284
13.128	4.7338
13.161	4.9638
13.194	4.7990
13.228	4.9133
13.262	4.7328
13.296	4.9196
13.330	4.8664
13.364	4.9914
13.399	4.8950
13.434	5.1935
13.469	4.9791
13.504	4.9979
13.539	4.8383
13.574	5.0253
13.610	4.9200
13.646	5.1473
13.682	5.1406
13.718	5.4098
13.754	5.1228
13.791	5.1384
13.828	4.9598
13.865	5.3029
13.902	5.4422
13.939	5.6987
13.977	5.4753
14.015	5.6607
14.053	5.3702
14.091	5.4858
14.129	5.1741
14.168	5.3297
14.207	5.0578
14.246	5.3003
14.285	5.1793
14.324	5.3725
14.364	5.1668
14.404	5.3320
14.444	5.1448
14.484	5.3743
14.525	5.1230
14.566	5.4825
14.607	5.2742
14.648	5.5266
14.690	5.2951
14.731	5.5055
14.773	5.1762
14.815	5.4798
14.858	5.2013
14.901	5.4984
14.944	5.0663
14.987	5.1534
15.030	4.7909
15.074	5.1848
15.118	4.9325
15.162	5.2710
15.206	5.1153
15.251	5.5327
15.296	5.0871
15.341	5.4546
15.387	0

