Name: Aloe bainesii
Type: vegetation
Class: Tree
Genus: Aloe
Species: bainesii
Sample No.: JPL058
Owner: JPL
Wavelength Range: All
Origin: 34.12733; - 118.111; WGS84
Collection Date: 2/2/2016
Description: Samples were collected at the Huntington Garden in San Marino California as part of a JPL Subcontract studying HyTES imagery. Samples were taken to JPL and processed within 48 hours of collection. The same leaves were processed in the Nicolet and then measured using the ASD.
Measurement: Bidirectional and directional hemispherical reflectance
First Column: X
Second Column: Y
X Units: Wavelength (micrometer)
Y Units: Reflectance (percentage)
First X Value: 0.35
Last X Value: 15.3869
Number of X Values: 3889
Additional Information: jpl.asdnicolet.vegetation.tree.aloe.bainesii.jpl058.ancillary.txt

 0.350	10.882
 0.351	13.745
 0.352	15.767
 0.353	14.299
 0.354	9.1945
 0.355	6.7521
 0.356	9.0894
 0.357	12.241
 0.358	10.935
 0.359	7.4279
 0.360	6.3626
 0.361	8.4932
 0.362	9.8349
 0.363	9.4932
 0.364	8.8179
 0.365	9.2995
 0.366	9.6954
 0.367	9.5717
 0.368	8.8417
 0.369	7.9673
 0.370	9.5831
 0.371	10.596
 0.372	9.6038
 0.373	9.0557
 0.374	8.0921
 0.375	8.0898
 0.376	10.170
 0.377	11.054
 0.378	11.008
 0.379	10.536
 0.380	10.191
 0.381	9.3822
 0.382	8.6442
 0.383	8.5540
 0.384	9.0775
 0.385	9.6951
 0.386	8.9805
 0.387	6.4815
 0.388	9.4486
 0.389	11.338
 0.390	10.064
 0.391	8.2007
 0.392	9.1730
 0.393	10.415
 0.394	9.6727
 0.395	9.1065
 0.396	9.6236
 0.397	10.469
 0.398	10.342
 0.399	10.567
 0.400	10.401
 0.401	9.7914
 0.402	9.7942
 0.403	9.9915
 0.404	10.009
 0.405	9.7119
 0.406	9.7388
 0.407	9.7071
 0.408	9.6737
 0.409	9.9401
 0.410	10.028
 0.411	10.272
 0.412	10.629
 0.413	10.099
 0.414	10.456
 0.415	11.104
 0.416	10.961
 0.417	10.487
 0.418	10.296
 0.419	10.404
 0.420	10.300
 0.421	10.494
 0.422	10.689
 0.423	10.636
 0.424	10.527
 0.425	10.528
 0.426	10.675
 0.427	10.895
 0.428	10.912
 0.429	10.778
 0.430	10.712
 0.431	11.121
 0.432	11.224
 0.433	11.112
 0.434	11.057
 0.435	11.034
 0.436	11.145
 0.437	11.328
 0.438	11.408
 0.439	11.400
 0.440	11.465
 0.441	11.629
 0.442	11.562
 0.443	11.668
 0.444	11.863
 0.445	11.918
 0.446	11.955
 0.447	12.030
 0.448	12.120
 0.449	12.117
 0.450	12.235
 0.451	12.340
 0.452	12.330
 0.453	12.503
 0.454	12.622
 0.455	12.567
 0.456	12.363
 0.457	12.559
 0.458	12.813
 0.459	12.854
 0.460	12.773
 0.461	12.676
 0.462	12.671
 0.463	12.809
 0.464	12.916
 0.465	12.957
 0.466	12.965
 0.467	13.027
 0.468	13.132
 0.469	13.143
 0.470	13.052
 0.471	13.319
 0.472	13.392
 0.473	13.322
 0.474	13.429
 0.475	13.331
 0.476	13.217
 0.477	13.240
 0.478	13.390
 0.479	13.468
 0.480	13.509
 0.481	13.590
 0.482	13.595
 0.483	13.506
 0.484	13.444
 0.485	13.626
 0.486	13.653
 0.487	13.617
 0.488	13.651
 0.489	13.762
 0.490	13.790
 0.491	13.776
 0.492	13.836
 0.493	13.858
 0.494	13.930
 0.495	14.096
 0.496	14.316
 0.497	14.416
 0.498	14.452
 0.499	14.504
 0.500	14.404
 0.501	14.549
 0.502	14.866
 0.503	14.926
 0.504	15.170
 0.505	15.351
 0.506	15.345
 0.507	15.579
 0.508	15.807
 0.509	15.985
 0.510	16.162
 0.511	16.453
 0.512	16.698
 0.513	16.875
 0.514	17.181
 0.515	17.429
 0.516	17.688
 0.517	18.050
 0.518	18.455
 0.519	18.745
 0.520	18.938
 0.521	19.195
 0.522	19.597
 0.523	20.021
 0.524	20.366
 0.525	20.637
 0.526	20.993
 0.527	21.364
 0.528	21.619
 0.529	21.909
 0.530	22.206
 0.531	22.478
 0.532	22.703
 0.533	22.930
 0.534	23.215
 0.535	23.559
 0.536	23.760
 0.537	23.952
 0.538	24.181
 0.539	24.419
 0.540	24.647
 0.541	24.926
 0.542	25.271
 0.543	25.608
 0.544	25.785
 0.545	25.841
 0.546	25.885
 0.547	25.946
 0.548	26.008
 0.549	26.096
 0.550	26.283
 0.551	26.378
 0.552	26.429
 0.553	26.509
 0.554	26.551
 0.555	26.569
 0.556	26.568
 0.557	26.546
 0.558	26.534
 0.559	26.492
 0.560	26.429
 0.561	26.501
 0.562	26.478
 0.563	26.401
 0.564	26.401
 0.565	26.432
 0.566	26.418
 0.567	26.341
 0.568	26.257
 0.569	26.148
 0.570	26.004
 0.571	25.842
 0.572	25.775
 0.573	25.674
 0.574	25.536
 0.575	25.441
 0.576	25.369
 0.577	25.306
 0.578	25.245
 0.579	25.199
 0.580	25.146
 0.581	25.094
 0.582	25.056
 0.583	25.026
 0.584	24.939
 0.585	24.819
 0.586	24.783
 0.587	24.720
 0.588	24.699
 0.589	24.753
 0.590	24.702
 0.591	24.614
 0.592	24.542
 0.593	24.528
 0.594	24.553
 0.595	24.563
 0.596	24.531
 0.597	24.485
 0.598	24.419
 0.599	24.372
 0.600	24.383
 0.601	24.455
 0.602	24.405
 0.603	24.247
 0.604	24.180
 0.605	24.147
 0.606	24.084
 0.607	23.958
 0.608	23.824
 0.609	23.702
 0.610	23.614
 0.611	23.567
 0.612	23.496
 0.613	23.330
 0.614	23.074
 0.615	22.856
 0.616	22.614
 0.617	22.411
 0.618	22.307
 0.619	22.216
 0.620	22.134
 0.621	22.050
 0.622	21.953
 0.623	21.854
 0.624	21.763
 0.625	21.702
 0.626	21.727
 0.627	21.669
 0.628	21.576
 0.629	21.568
 0.630	21.652
 0.631	21.680
 0.632	21.612
 0.633	21.545
 0.634	21.479
 0.635	21.419
 0.636	21.356
 0.637	21.234
 0.638	21.114
 0.639	20.981
 0.640	20.789
 0.641	20.664
 0.642	20.516
 0.643	20.309
 0.644	20.119
 0.645	19.916
 0.646	19.708
 0.647	19.517
 0.648	19.370
 0.649	19.180
 0.650	18.979
 0.651	18.885
 0.652	18.782
 0.653	18.681
 0.654	18.593
 0.655	18.472
 0.656	18.337
 0.657	18.170
 0.658	17.953
 0.659	17.743
 0.660	17.557
 0.661	17.369
 0.662	17.112
 0.663	16.828
 0.664	16.589
 0.665	16.431
 0.666	16.257
 0.667	16.088
 0.668	15.927
 0.669	15.779
 0.670	15.674
 0.671	15.601
 0.672	15.550
 0.673	15.519
 0.674	15.490
 0.675	15.474
 0.676	15.484
 0.677	15.524
 0.678	15.543
 0.679	15.557
 0.680	15.630
 0.681	15.765
 0.682	15.913
 0.683	16.078
 0.684	16.361
 0.685	16.706
 0.686	17.130
 0.687	17.661
 0.688	18.275
 0.689	18.971
 0.690	19.789
 0.691	20.783
 0.692	21.843
 0.693	22.968
 0.694	24.182
 0.695	25.505
 0.696	26.925
 0.697	28.398
 0.698	29.881
 0.699	31.441
 0.700	32.987
 0.701	34.495
 0.702	36.013
 0.703	37.590
 0.704	39.130
 0.705	40.574
 0.706	42.020
 0.707	43.428
 0.708	44.813
 0.709	46.205
 0.710	47.556
 0.711	48.884
 0.712	50.197
 0.713	51.499
 0.714	52.783
 0.715	54.068
 0.716	55.359
 0.717	56.630
 0.718	57.861
 0.719	59.062
 0.720	60.256
 0.721	61.449
 0.722	62.632
 0.723	63.779
 0.724	64.864
 0.725	65.920
 0.726	66.918
 0.727	67.855
 0.728	68.828
 0.729	69.731
 0.730	70.551
 0.731	71.323
 0.732	72.085
 0.733	72.804
 0.734	73.465
 0.735	74.078
 0.736	74.676
 0.737	75.255
 0.738	75.790
 0.739	76.216
 0.740	76.666
 0.741	77.120
 0.742	77.515
 0.743	77.901
 0.744	78.264
 0.745	78.598
 0.746	78.901
 0.747	79.139
 0.748	79.379
 0.749	79.645
 0.750	79.836
 0.751	80.006
 0.752	80.160
 0.753	80.300
 0.754	80.456
 0.755	80.605
 0.756	80.731
 0.757	80.832
 0.758	80.921
 0.759	80.982
 0.760	81.027
 0.761	81.121
 0.762	81.207
 0.763	81.275
 0.764	81.330
 0.765	81.362
 0.766	81.440
 0.767	81.520
 0.768	81.501
 0.769	81.506
 0.770	81.561
 0.771	81.651
 0.772	81.715
 0.773	81.734
 0.774	81.762
 0.775	81.825
 0.776	81.820
 0.777	81.837
 0.778	81.884
 0.779	81.930
 0.780	81.917
 0.781	81.917
 0.782	81.944
 0.783	81.950
 0.784	82.035
 0.785	82.100
 0.786	82.097
 0.787	82.146
 0.788	82.120
 0.789	82.084
 0.790	82.127
 0.791	82.172
 0.792	82.265
 0.793	82.337
 0.794	82.269
 0.795	82.273
 0.796	82.312
 0.797	82.343
 0.798	82.352
 0.799	82.368
 0.800	82.381
 0.801	82.377
 0.802	82.358
 0.803	82.394
 0.804	82.447
 0.805	82.457
 0.806	82.534
 0.807	82.574
 0.808	82.546
 0.809	82.502
 0.810	82.582
 0.811	82.681
 0.812	82.712
 0.813	82.679
 0.814	82.633
 0.815	82.635
 0.816	82.694
 0.817	82.660
 0.818	82.649
 0.819	82.647
 0.820	82.606
 0.821	82.651
 0.822	82.681
 0.823	82.651
 0.824	82.594
 0.825	82.559
 0.826	82.564
 0.827	82.578
 0.828	82.516
 0.829	82.382
 0.830	82.272
 0.831	82.265
 0.832	82.303
 0.833	82.288
 0.834	82.230
 0.835	82.183
 0.836	82.118
 0.837	82.136
 0.838	82.180
 0.839	82.090
 0.840	82.077
 0.841	82.111
 0.842	82.144
 0.843	82.147
 0.844	82.151
 0.845	82.135
 0.846	82.096
 0.847	82.093
 0.848	82.099
 0.849	82.139
 0.850	82.211
 0.851	82.159
 0.852	82.087
 0.853	82.058
 0.854	82.083
 0.855	82.069
 0.856	82.070
 0.857	82.086
 0.858	82.055
 0.859	82.068
 0.860	82.104
 0.861	82.111
 0.862	82.016
 0.863	81.970
 0.864	81.983
 0.865	82.005
 0.866	81.931
 0.867	81.927
 0.868	81.897
 0.869	81.740
 0.870	81.765
 0.871	81.833
 0.872	81.835
 0.873	81.728
 0.874	81.698
 0.875	81.718
 0.876	81.709
 0.877	81.585
 0.878	81.490
 0.879	81.416
 0.880	81.370
 0.881	81.409
 0.882	81.353
 0.883	81.312
 0.884	81.342
 0.885	81.247
 0.886	81.044
 0.887	80.947
 0.888	81.061
 0.889	80.946
 0.890	80.891
 0.891	80.895
 0.892	80.847
 0.893	80.780
 0.894	80.650
 0.895	80.555
 0.896	80.639
 0.897	80.673
 0.898	80.589
 0.899	80.428
 0.900	80.320
 0.901	80.331
 0.902	80.346
 0.903	80.271
 0.904	80.087
 0.905	80.014
 0.906	79.941
 0.907	79.810
 0.908	79.786
 0.909	79.803
 0.910	79.801
 0.911	79.715
 0.912	79.441
 0.913	79.406
 0.914	79.428
 0.915	79.261
 0.916	79.213
 0.917	79.053
 0.918	78.838
 0.919	78.706
 0.920	78.541
 0.921	78.429
 0.922	78.281
 0.923	77.985
 0.924	77.894
 0.925	77.831
 0.926	77.641
 0.927	77.267
 0.928	76.954
 0.929	76.834
 0.930	76.756
 0.931	76.381
 0.932	76.010
 0.933	75.686
 0.934	75.426
 0.935	75.231
 0.936	74.954
 0.937	74.670
 0.938	74.377
 0.939	73.929
 0.940	73.685
 0.941	73.391
 0.942	72.920
 0.943	72.571
 0.944	72.238
 0.945	71.833
 0.946	71.317
 0.947	70.738
 0.948	70.168
 0.949	69.786
 0.950	69.567
 0.951	68.933
 0.952	68.406
 0.953	67.916
 0.954	67.309
 0.955	66.723
 0.956	66.292
 0.957	65.921
 0.958	65.482
 0.959	64.998
 0.960	64.666
 0.961	64.420
 0.962	64.126
 0.963	63.815
 0.964	63.512
 0.965	63.450
 0.966	63.715
 0.967	63.559
 0.968	63.287
 0.969	63.108
 0.970	63.084
 0.971	62.896
 0.972	62.832
 0.973	62.958
 0.974	63.155
 0.975	63.064
 0.976	62.886
 0.977	62.762
 0.978	62.750
 0.979	62.755
 0.980	62.631
 0.981	62.573
 0.982	62.816
 0.983	63.006
 0.984	62.981
 0.985	62.922
 0.986	63.065
 0.987	63.026
 0.988	63.118
 0.989	63.160
 0.990	62.929
 0.991	63.285
 0.992	63.435
 0.993	63.442
 0.994	63.707
 0.995	63.942
 0.996	64.088
 0.997	64.231
 0.998	64.463
 0.999	64.572
 1.000	64.691
 1.001	62.459
 1.002	62.654
 1.003	62.815
 1.004	63.060
 1.005	63.260
 1.006	63.350
 1.007	63.561
 1.008	63.764
 1.009	63.957
 1.010	64.168
 1.011	64.466
 1.012	64.666
 1.013	64.821
 1.014	64.984
 1.015	65.129
 1.016	65.228
 1.017	65.333
 1.018	65.446
 1.019	65.603
 1.020	65.783
 1.021	65.995
 1.022	66.289
 1.023	66.534
 1.024	66.798
 1.025	67.007
 1.026	67.202
 1.027	67.362
 1.028	67.434
 1.029	67.588
 1.030	67.749
 1.031	67.930
 1.032	68.160
 1.033	68.429
 1.034	68.570
 1.035	68.733
 1.036	68.866
 1.037	69.005
 1.038	69.173
 1.039	69.432
 1.040	69.530
 1.041	69.539
 1.042	69.600
 1.043	69.531
 1.044	69.636
 1.045	69.895
 1.046	70.087
 1.047	70.376
 1.048	70.556
 1.049	70.648
 1.050	70.751
 1.051	70.825
 1.052	70.851
 1.053	70.917
 1.054	70.996
 1.055	71.064
 1.056	71.123
 1.057	71.206
 1.058	71.313
 1.059	71.390
 1.060	71.498
 1.061	71.542
 1.062	71.486
 1.063	71.516
 1.064	71.550
 1.065	71.603
 1.066	71.783
 1.067	71.848
 1.068	71.867
 1.069	71.828
 1.070	71.827
 1.071	71.768
 1.072	71.764
 1.073	71.794
 1.074	71.836
 1.075	71.909
 1.076	71.935
 1.077	71.977
 1.078	71.990
 1.079	71.984
 1.080	71.923
 1.081	71.832
 1.082	71.735
 1.083	71.529
 1.084	71.415
 1.085	71.399
 1.086	71.319
 1.087	71.241
 1.088	71.176
 1.089	71.113
 1.090	71.025
 1.091	70.952
 1.092	70.937
 1.093	70.845
 1.094	70.715
 1.095	70.576
 1.096	70.349
 1.097	70.223
 1.098	70.160
 1.099	70.053
 1.100	70.022
 1.101	69.919
 1.102	69.769
 1.103	69.557
 1.104	69.356
 1.105	69.146
 1.106	68.990
 1.107	68.851
 1.108	68.727
 1.109	68.666
 1.110	68.546
 1.111	68.412
 1.112	68.260
 1.113	68.049
 1.114	67.888
 1.115	67.781
 1.116	67.606
 1.117	67.449
 1.118	67.247
 1.119	66.974
 1.120	66.689
 1.121	66.453
 1.122	66.162
 1.123	65.875
 1.124	65.561
 1.125	65.190
 1.126	64.758
 1.127	64.323
 1.128	63.855
 1.129	63.377
 1.130	62.902
 1.131	62.369
 1.132	61.822
 1.133	61.203
 1.134	60.503
 1.135	59.818
 1.136	59.112
 1.137	58.354
 1.138	57.628
 1.139	56.892
 1.140	56.114
 1.141	55.345
 1.142	54.616
 1.143	53.888
 1.144	53.203
 1.145	52.557
 1.146	51.953
 1.147	51.364
 1.148	50.827
 1.149	50.350
 1.150	49.876
 1.151	49.422
 1.152	49.005
 1.153	48.602
 1.154	48.250
 1.155	47.942
 1.156	47.667
 1.157	47.417
 1.158	47.200
 1.159	46.988
 1.160	46.804
 1.161	46.627
 1.162	46.455
 1.163	46.313
 1.164	46.175
 1.165	46.067
 1.166	46.004
 1.167	45.909
 1.168	45.809
 1.169	45.727
 1.170	45.642
 1.171	45.574
 1.172	45.547
 1.173	45.484
 1.174	45.401
 1.175	45.324
 1.176	45.253
 1.177	45.184
 1.178	45.158
 1.179	45.119
 1.180	45.038
 1.181	44.964
 1.182	44.863
 1.183	44.744
 1.184	44.665
 1.185	44.618
 1.186	44.576
 1.187	44.524
 1.188	44.465
 1.189	44.386
 1.190	44.325
 1.191	44.266
 1.192	44.221
 1.193	44.194
 1.194	44.162
 1.195	44.127
 1.196	44.095
 1.197	44.089
 1.198	44.050
 1.199	44.030
 1.200	44.044
 1.201	44.007
 1.202	44.002
 1.203	44.026
 1.204	44.010
 1.205	44.019
 1.206	44.048
 1.207	44.054
 1.208	44.060
 1.209	44.081
 1.210	44.118
 1.211	44.148
 1.212	44.177
 1.213	44.216
 1.214	44.251
 1.215	44.302
 1.216	44.362
 1.217	44.448
 1.218	44.528
 1.219	44.577
 1.220	44.643
 1.221	44.716
 1.222	44.795
 1.223	44.919
 1.224	45.031
 1.225	45.135
 1.226	45.256
 1.227	45.351
 1.228	45.448
 1.229	45.537
 1.230	45.591
 1.231	45.661
 1.232	45.734
 1.233	45.809
 1.234	45.880
 1.235	45.960
 1.236	46.034
 1.237	46.100
 1.238	46.154
 1.239	46.232
 1.240	46.270
 1.241	46.327
 1.242	46.380
 1.243	46.413
 1.244	46.486
 1.245	46.521
 1.246	46.584
 1.247	46.688
 1.248	46.743
 1.249	46.803
 1.250	46.849
 1.251	46.865
 1.252	46.893
 1.253	46.926
 1.254	46.991
 1.255	47.048
 1.256	47.087
 1.257	47.150
 1.258	47.187
 1.259	47.202
 1.260	47.192
 1.261	47.204
 1.262	47.202
 1.263	47.198
 1.264	47.238
 1.265	47.272
 1.266	47.282
 1.267	47.278
 1.268	47.249
 1.269	47.202
 1.270	47.156
 1.271	47.141
 1.272	47.118
 1.273	47.102
 1.274	47.087
 1.275	47.008
 1.276	46.935
 1.277	46.903
 1.278	46.843
 1.279	46.799
 1.280	46.770
 1.281	46.686
 1.282	46.603
 1.283	46.510
 1.284	46.391
 1.285	46.282
 1.286	46.163
 1.287	46.063
 1.288	45.978
 1.289	45.917
 1.290	45.831
 1.291	45.735
 1.292	45.624
 1.293	45.469
 1.294	45.344
 1.295	45.216
 1.296	45.048
 1.297	44.914
 1.298	44.773
 1.299	44.629
 1.300	44.516
 1.301	44.358
 1.302	44.163
 1.303	43.963
 1.304	43.753
 1.305	43.577
 1.306	43.380
 1.307	43.141
 1.308	42.923
 1.309	42.709
 1.310	42.496
 1.311	42.300
 1.312	42.080
 1.313	41.819
 1.314	41.569
 1.315	41.312
 1.316	41.051
 1.317	40.787
 1.318	40.541
 1.319	40.268
 1.320	39.988
 1.321	39.688
 1.322	39.380
 1.323	39.083
 1.324	38.786
 1.325	38.494
 1.326	38.192
 1.327	37.905
 1.328	37.623
 1.329	37.343
 1.330	37.059
 1.331	36.755
 1.332	36.452
 1.333	36.152
 1.334	35.873
 1.335	35.605
 1.336	35.342
 1.337	35.071
 1.338	34.793
 1.339	34.531
 1.340	34.263
 1.341	33.997
 1.342	33.755
 1.343	33.496
 1.344	33.250
 1.345	33.014
 1.346	32.784
 1.347	32.559
 1.348	32.339
 1.349	32.132
 1.350	31.930
 1.351	31.743
 1.352	31.566
 1.353	31.377
 1.354	31.178
 1.355	30.986
 1.356	30.789
 1.357	30.603
 1.358	30.425
 1.359	30.244
 1.360	30.058
 1.361	29.852
 1.362	29.626
 1.363	29.393
 1.364	29.171
 1.365	28.958
 1.366	28.738
 1.367	28.518
 1.368	28.263
 1.369	27.977
 1.370	27.693
 1.371	27.395
 1.372	27.092
 1.373	26.794
 1.374	26.465
 1.375	26.114
 1.376	25.750
 1.377	25.358
 1.378	24.956
 1.379	24.564
 1.380	24.138
 1.381	23.701
 1.382	23.261
 1.383	22.804
 1.384	22.345
 1.385	21.885
 1.386	21.424
 1.387	20.951
 1.388	20.496
 1.389	20.045
 1.390	19.598
 1.391	19.171
 1.392	18.741
 1.393	18.324
 1.394	17.929
 1.395	17.539
 1.396	17.185
 1.397	16.836
 1.398	16.504
 1.399	16.204
 1.400	15.895
 1.401	15.620
 1.402	15.366
 1.403	15.106
 1.404	14.879
 1.405	14.671
 1.406	14.472
 1.407	14.307
 1.408	14.167
 1.409	14.024
 1.410	13.885
 1.411	13.751
 1.412	13.615
 1.413	13.491
 1.414	13.389
 1.415	13.292
 1.416	13.200
 1.417	13.114
 1.418	13.026
 1.419	12.948
 1.420	12.886
 1.421	12.829
 1.422	12.770
 1.423	12.718
 1.424	12.664
 1.425	12.611
 1.426	12.560
 1.427	12.513
 1.428	12.462
 1.429	12.422
 1.430	12.392
 1.431	12.359
 1.432	12.333
 1.433	12.307
 1.434	12.276
 1.435	12.254
 1.436	12.239
 1.437	12.223
 1.438	12.207
 1.439	12.199
 1.440	12.185
 1.441	12.177
 1.442	12.174
 1.443	12.156
 1.444	12.146
 1.445	12.135
 1.446	12.113
 1.447	12.107
 1.448	12.095
 1.449	12.086
 1.450	12.103
 1.451	12.110
 1.452	12.114
 1.453	12.123
 1.454	12.119
 1.455	12.124
 1.456	12.137
 1.457	12.139
 1.458	12.143
 1.459	12.146
 1.460	12.139
 1.461	12.132
 1.462	12.129
 1.463	12.132
 1.464	12.148
 1.465	12.178
 1.466	12.210
 1.467	12.243
 1.468	12.280
 1.469	12.317
 1.470	12.351
 1.471	12.381
 1.472	12.407
 1.473	12.439
 1.474	12.470
 1.475	12.493
 1.476	12.528
 1.477	12.551
 1.478	12.589
 1.479	12.631
 1.480	12.660
 1.481	12.716
 1.482	12.765
 1.483	12.801
 1.484	12.848
 1.485	12.888
 1.486	12.928
 1.487	12.983
 1.488	13.034
 1.489	13.078
 1.490	13.127
 1.491	13.176
 1.492	13.217
 1.493	13.254
 1.494	13.299
 1.495	13.336
 1.496	13.394
 1.497	13.479
 1.498	13.543
 1.499	13.603
 1.500	13.658
 1.501	13.705
 1.502	13.754
 1.503	13.804
 1.504	13.866
 1.505	13.930
 1.506	13.998
 1.507	14.086
 1.508	14.153
 1.509	14.212
 1.510	14.264
 1.511	14.297
 1.512	14.341
 1.513	14.395
 1.514	14.447
 1.515	14.522
 1.516	14.604
 1.517	14.672
 1.518	14.737
 1.519	14.797
 1.520	14.849
 1.521	14.908
 1.522	14.982
 1.523	15.062
 1.524	15.132
 1.525	15.192
 1.526	15.264
 1.527	15.334
 1.528	15.415
 1.529	15.504
 1.530	15.560
 1.531	15.614
 1.532	15.655
 1.533	15.692
 1.534	15.758
 1.535	15.825
 1.536	15.896
 1.537	15.979
 1.538	16.057
 1.539	16.142
 1.540	16.217
 1.541	16.279
 1.542	16.336
 1.543	16.388
 1.544	16.449
 1.545	16.509
 1.546	16.582
 1.547	16.657
 1.548	16.713
 1.549	16.790
 1.550	16.861
 1.551	16.927
 1.552	17.018
 1.553	17.090
 1.554	17.158
 1.555	17.215
 1.556	17.258
 1.557	17.311
 1.558	17.354
 1.559	17.425
 1.560	17.497
 1.561	17.560
 1.562	17.636
 1.563	17.683
 1.564	17.730
 1.565	17.785
 1.566	17.847
 1.567	17.943
 1.568	18.025
 1.569	18.096
 1.570	18.170
 1.571	18.226
 1.572	18.276
 1.573	18.328
 1.574	18.372
 1.575	18.419
 1.576	18.465
 1.577	18.525
 1.578	18.596
 1.579	18.647
 1.580	18.722
 1.581	18.788
 1.582	18.831
 1.583	18.891
 1.584	18.940
 1.585	19.010
 1.586	19.077
 1.587	19.135
 1.588	19.191
 1.589	19.231
 1.590	19.285
 1.591	19.330
 1.592	19.377
 1.593	19.429
 1.594	19.472
 1.595	19.542
 1.596	19.603
 1.597	19.641
 1.598	19.686
 1.599	19.718
 1.600	19.747
 1.601	19.793
 1.602	19.843
 1.603	19.901
 1.604	19.969
 1.605	20.030
 1.606	20.085
 1.607	20.135
 1.608	20.175
 1.609	20.220
 1.610	20.258
 1.611	20.279
 1.612	20.304
 1.613	20.331
 1.614	20.373
 1.615	20.416
 1.616	20.459
 1.617	20.507
 1.618	20.534
 1.619	20.564
 1.620	20.610
 1.621	20.657
 1.622	20.713
 1.623	20.775
 1.624	20.818
 1.625	20.854
 1.626	20.890
 1.627	20.914
 1.628	20.931
 1.629	20.956
 1.630	20.981
 1.631	21.003
 1.632	21.023
 1.633	21.049
 1.634	21.067
 1.635	21.095
 1.636	21.142
 1.637	21.173
 1.638	21.193
 1.639	21.244
 1.640	21.309
 1.641	21.358
 1.642	21.434
 1.643	21.460
 1.644	21.438
 1.645	21.432
 1.646	21.423
 1.647	21.435
 1.648	21.472
 1.649	21.493
 1.650	21.515
 1.651	21.529
 1.652	21.536
 1.653	21.552
 1.654	21.564
 1.655	21.580
 1.656	21.607
 1.657	21.606
 1.658	21.605
 1.659	21.626
 1.660	21.619
 1.661	21.620
 1.662	21.641
 1.663	21.638
 1.664	21.631
 1.665	21.641
 1.666	21.656
 1.667	21.661
 1.668	21.665
 1.669	21.676
 1.670	21.679
 1.671	21.669
 1.672	21.653
 1.673	21.623
 1.674	21.593
 1.675	21.581
 1.676	21.583
 1.677	21.594
 1.678	21.594
 1.679	21.590
 1.680	21.581
 1.681	21.566
 1.682	21.529
 1.683	21.465
 1.684	21.421
 1.685	21.385
 1.686	21.357
 1.687	21.351
 1.688	21.334
 1.689	21.280
 1.690	21.234
 1.691	21.178
 1.692	21.123
 1.693	21.069
 1.694	21.023
 1.695	20.978
 1.696	20.949
 1.697	20.945
 1.698	20.908
 1.699	20.864
 1.700	20.804
 1.701	20.715
 1.702	20.638
 1.703	20.560
 1.704	20.491
 1.705	20.417
 1.706	20.346
 1.707	20.288
 1.708	20.220
 1.709	20.149
 1.710	20.090
 1.711	20.035
 1.712	19.963
 1.713	19.891
 1.714	19.826
 1.715	19.740
 1.716	19.683
 1.717	19.637
 1.718	19.568
 1.719	19.521
 1.720	19.482
 1.721	19.428
 1.722	19.364
 1.723	19.298
 1.724	19.231
 1.725	19.165
 1.726	19.126
 1.727	19.095
 1.728	19.049
 1.729	19.013
 1.730	18.960
 1.731	18.919
 1.732	18.865
 1.733	18.845
 1.734	18.871
 1.735	18.866
 1.736	18.857
 1.737	18.861
 1.738	18.857
 1.739	18.848
 1.740	18.851
 1.741	18.857
 1.742	18.854
 1.743	18.836
 1.744	18.839
 1.745	18.799
 1.746	18.707
 1.747	18.646
 1.748	18.571
 1.749	18.525
 1.750	18.505
 1.751	18.462
 1.752	18.427
 1.753	18.376
 1.754	18.308
 1.755	18.240
 1.756	18.159
 1.757	18.085
 1.758	18.026
 1.759	17.982
 1.760	17.956
 1.761	17.871
 1.762	17.825
 1.763	17.784
 1.764	17.755
 1.765	17.774
 1.766	17.777
 1.767	17.784
 1.768	17.765
 1.769	17.713
 1.770	17.693
 1.771	17.667
 1.772	17.649
 1.773	17.670
 1.774	17.658
 1.775	17.618
 1.776	17.593
 1.777	17.563
 1.778	17.547
 1.779	17.554
 1.780	17.527
 1.781	17.487
 1.782	17.459
 1.783	17.411
 1.784	17.393
 1.785	17.402
 1.786	17.396
 1.787	17.386
 1.788	17.407
 1.789	17.427
 1.790	17.455
 1.791	17.454
 1.792	17.396
 1.793	17.371
 1.794	17.343
 1.795	17.334
 1.796	17.360
 1.797	17.377
 1.798	17.412
 1.799	17.419
 1.800	17.400
 1.801	17.400
 1.802	17.389
 1.803	17.391
 1.804	17.417
 1.805	17.435
 1.806	17.457
 1.807	17.461
 1.808	17.463
 1.809	17.463
 1.810	17.432
 1.811	17.480
 1.812	17.530
 1.813	17.552
 1.814	17.598
 1.815	17.610
 1.816	17.566
 1.817	17.539
 1.818	17.540
 1.819	17.521
 1.820	17.503
 1.821	17.472
 1.822	17.470
 1.823	17.487
 1.824	17.497
 1.825	17.555
 1.826	17.556
 1.827	17.484
 1.828	17.481
 1.829	17.502
 1.830	17.491
 1.831	17.287
 1.832	17.240
 1.833	17.253
 1.834	17.270
 1.835	17.236
 1.836	17.229
 1.837	17.177
 1.838	17.054
 1.839	16.978
 1.840	16.892
 1.841	16.835
 1.842	16.790
 1.843	16.809
 1.844	16.818
 1.845	16.763
 1.846	16.673
 1.847	16.610
 1.848	16.491
 1.849	16.379
 1.850	16.292
 1.851	16.234
 1.852	16.118
 1.853	16.048
 1.854	16.007
 1.855	15.947
 1.856	15.814
 1.857	15.632
 1.858	15.465
 1.859	15.295
 1.860	15.088
 1.861	14.935
 1.862	14.809
 1.863	14.635
 1.864	14.457
 1.865	14.282
 1.866	14.082
 1.867	13.887
 1.868	13.720
 1.869	13.551
 1.870	13.379
 1.871	13.229
 1.872	13.060
 1.873	12.870
 1.874	12.672
 1.875	12.432
 1.876	12.237
 1.877	12.007
 1.878	11.789
 1.879	11.664
 1.880	11.526
 1.881	11.396
 1.882	11.308
 1.883	11.203
 1.884	11.054
 1.885	10.917
 1.886	10.735
 1.887	10.576
 1.888	10.467
 1.889	10.344
 1.890	10.265
 1.891	10.167
 1.892	10.088
 1.893	9.9368
 1.894	9.7908
 1.895	9.6938
 1.896	9.5947
 1.897	9.5314
 1.898	9.5124
 1.899	9.4484
 1.900	9.4126
 1.901	9.3933
 1.902	9.3846
 1.903	9.3822
 1.904	9.4087
 1.905	9.4598
 1.906	9.4647
 1.907	9.4430
 1.908	9.4129
 1.909	9.3196
 1.910	9.2319
 1.911	9.2040
 1.912	9.2237
 1.913	9.2230
 1.914	9.2654
 1.915	9.2740
 1.916	9.2363
 1.917	9.2453
 1.918	9.2231
 1.919	9.2594
 1.920	9.3118
 1.921	9.2924
 1.922	9.2686
 1.923	9.2044
 1.924	9.1680
 1.925	9.1111
 1.926	9.0960
 1.927	9.1207
 1.928	9.1158
 1.929	9.0922
 1.930	9.0853
 1.931	9.0273
 1.932	8.9800
 1.933	8.9747
 1.934	8.9913
 1.935	9.0077
 1.936	9.0828
 1.937	9.1231
 1.938	9.1522
 1.939	9.1773
 1.940	9.1694
 1.941	9.1491
 1.942	9.1843
 1.943	9.2215
 1.944	9.2508
 1.945	9.3238
 1.946	9.3310
 1.947	9.2754
 1.948	9.2553
 1.949	9.2167
 1.950	9.2250
 1.951	9.1936
 1.952	9.2014
 1.953	9.1822
 1.954	9.1457
 1.955	9.1599
 1.956	9.2154
 1.957	9.2343
 1.958	9.2793
 1.959	9.2989
 1.960	9.2791
 1.961	9.2852
 1.962	9.3019
 1.963	9.3147
 1.964	9.3144
 1.965	9.3314
 1.966	9.3285
 1.967	9.3118
 1.968	9.3111
 1.969	9.3133
 1.970	9.3134
 1.971	9.3134
 1.972	9.3224
 1.973	9.3143
 1.974	9.3592
 1.975	9.4000
 1.976	9.4581
 1.977	9.5473
 1.978	9.5939
 1.979	9.6142
 1.980	9.6026
 1.981	9.6191
 1.982	9.6250
 1.983	9.6225
 1.984	9.6210
 1.985	9.6217
 1.986	9.5944
 1.987	9.5905
 1.988	9.6122
 1.989	9.6745
 1.990	9.7368
 1.991	9.7239
 1.992	9.7181
 1.993	9.6864
 1.994	9.6799
 1.995	9.6608
 1.996	9.6638
 1.997	9.6781
 1.998	9.6900
 1.999	9.7112
 2.000	9.7364
 2.001	9.7390
 2.002	9.7989
 2.003	9.8160
 2.004	9.8061
 2.005	9.8440
 2.006	9.9082
 2.007	9.9377
 2.008	10.015
 2.009	10.027
 2.010	9.9501
 2.011	9.9298
 2.012	9.9278
 2.013	9.8851
 2.014	9.8681
 2.015	9.8925
 2.016	9.9512
 2.017	9.9988
 2.018	10.046
 2.019	10.156
 2.020	10.179
 2.021	10.119
 2.022	10.127
 2.023	10.128
 2.024	10.134
 2.025	10.186
 2.026	10.215
 2.027	10.220
 2.028	10.244
 2.029	10.263
 2.030	10.249
 2.031	10.237
 2.032	10.192
 2.033	10.195
 2.034	10.202
 2.035	10.238
 2.036	10.330
 2.037	10.370
 2.038	10.412
 2.039	10.436
 2.040	10.441
 2.041	10.435
 2.042	10.398
 2.043	10.372
 2.044	10.362
 2.045	10.338
 2.046	10.336
 2.047	10.374
 2.048	10.385
 2.049	10.378
 2.050	10.392
 2.051	10.399
 2.052	10.436
 2.053	10.521
 2.054	10.570
 2.055	10.625
 2.056	10.667
 2.057	10.690
 2.058	10.699
 2.059	10.695
 2.060	10.670
 2.061	10.679
 2.062	10.663
 2.063	10.693
 2.064	10.792
 2.065	10.838
 2.066	10.884
 2.067	10.920
 2.068	10.930
 2.069	10.949
 2.070	10.966
 2.071	10.986
 2.072	11.020
 2.073	11.015
 2.074	11.036
 2.075	11.071
 2.076	11.083
 2.077	11.093
 2.078	11.093
 2.079	11.062
 2.080	11.065
 2.081	11.099
 2.082	11.093
 2.083	11.063
 2.084	11.059
 2.085	11.034
 2.086	11.025
 2.087	11.046
 2.088	11.076
 2.089	11.099
 2.090	11.108
 2.091	11.133
 2.092	11.186
 2.093	11.197
 2.094	11.190
 2.095	11.190
 2.096	11.152
 2.097	11.157
 2.098	11.200
 2.099	11.218
 2.100	11.231
 2.101	11.260
 2.102	11.282
 2.103	11.310
 2.104	11.364
 2.105	11.422
 2.106	11.444
 2.107	11.444
 2.108	11.457
 2.109	11.448
 2.110	11.465
 2.111	11.496
 2.112	11.529
 2.113	11.569
 2.114	11.616
 2.115	11.694
 2.116	11.733
 2.117	11.754
 2.118	11.777
 2.119	11.776
 2.120	11.783
 2.121	11.791
 2.122	11.814
 2.123	11.823
 2.124	11.828
 2.125	11.829
 2.126	11.824
 2.127	11.818
 2.128	11.789
 2.129	11.803
 2.130	11.841
 2.131	11.876
 2.132	11.967
 2.133	11.983
 2.134	11.938
 2.135	11.930
 2.136	11.887
 2.137	11.876
 2.138	11.897
 2.139	11.929
 2.140	11.969
 2.141	12.031
 2.142	12.081
 2.143	12.162
 2.144	12.187
 2.145	12.182
 2.146	12.176
 2.147	12.132
 2.148	12.118
 2.149	12.111
 2.150	12.100
 2.151	12.102
 2.152	12.090
 2.153	12.038
 2.154	12.043
 2.155	12.062
 2.156	12.106
 2.157	12.229
 2.158	12.299
 2.159	12.370
 2.160	12.412
 2.161	12.416
 2.162	12.424
 2.163	12.435
 2.164	12.447
 2.165	12.442
 2.166	12.446
 2.167	12.407
 2.168	12.323
 2.169	12.268
 2.170	12.171
 2.171	12.147
 2.172	12.178
 2.173	12.193
 2.174	12.237
 2.175	12.283
 2.176	12.344
 2.177	12.382
 2.178	12.435
 2.179	12.465
 2.180	12.420
 2.181	12.439
 2.182	12.478
 2.183	12.569
 2.184	12.603
 2.185	12.657
 2.186	12.701
 2.187	12.710
 2.188	12.721
 2.189	12.768
 2.190	12.760
 2.191	12.687
 2.192	12.654
 2.193	12.646
 2.194	12.593
 2.195	12.484
 2.196	12.452
 2.197	12.420
 2.198	12.415
 2.199	12.507
 2.200	12.540
 2.201	12.517
 2.202	12.537
 2.203	12.578
 2.204	12.610
 2.205	12.652
 2.206	12.712
 2.207	12.771
 2.208	12.839
 2.209	12.849
 2.210	12.846
 2.211	12.841
 2.212	12.782
 2.213	12.757
 2.214	12.766
 2.215	12.750
 2.216	12.712
 2.217	12.677
 2.218	12.608
 2.219	12.616
 2.220	12.685
 2.221	12.702
 2.222	12.755
 2.223	12.775
 2.224	12.726
 2.225	12.705
 2.226	12.698
 2.227	12.698
 2.228	12.718
 2.229	12.699
 2.230	12.681
 2.231	12.640
 2.232	12.562
 2.233	12.534
 2.234	12.524
 2.235	12.562
 2.236	12.552
 2.237	12.550
 2.238	12.514
 2.239	12.438
 2.240	12.382
 2.241	12.299
 2.242	12.281
 2.243	12.303
 2.244	12.299
 2.245	12.328
 2.246	12.328
 2.247	12.265
 2.248	12.271
 2.249	12.328
 2.250	12.358
 2.251	12.439
 2.252	12.453
 2.253	12.394
 2.254	12.363
 2.255	12.325
 2.256	12.267
 2.257	12.204
 2.258	12.153
 2.259	12.076
 2.260	12.019
 2.261	11.974
 2.262	11.971
 2.263	11.913
 2.264	11.878
 2.265	11.875
 2.266	11.831
 2.267	11.836
 2.268	11.879
 2.269	11.880
 2.270	11.908
 2.271	11.861
 2.272	11.774
 2.273	11.685
 2.274	11.509
 2.275	11.427
 2.276	11.351
 2.277	11.344
 2.278	11.442
 2.279	11.469
 2.280	11.543
 2.281	11.533
 2.282	11.405
 2.283	11.384
 2.284	11.399
 2.285	11.381
 2.286	11.416
 2.287	11.400
 2.288	11.331
 2.289	11.252
 2.290	11.134
 2.291	11.070
 2.292	10.989
 2.293	10.941
 2.294	10.989
 2.295	10.971
 2.296	10.918
 2.297	10.879
 2.298	10.819
 2.299	10.779
 2.300	10.681
 2.301	10.590
 2.302	10.540
 2.303	10.364
 2.304	10.362
 2.305	10.409
 2.306	10.427
 2.307	10.639
 2.308	10.783
 2.309	10.875
 2.310	10.880
 2.311	10.803
 2.312	10.796
 2.313	10.723
 2.314	10.735
 2.315	10.857
 2.316	10.883
 2.317	10.882
 2.318	10.897
 2.319	10.879
 2.320	10.903
 2.321	10.948
 2.322	11.004
 2.323	11.136
 2.324	11.131
 2.325	11.068
 2.326	10.987
 2.327	10.792
 2.328	10.664
 2.329	10.565
 2.330	10.473
 2.331	10.350
 2.332	10.298
 2.333	10.275
 2.334	10.282
 2.335	10.347
 2.336	10.437
 2.337	10.617
 2.338	10.713
 2.339	10.861
 2.340	10.860
 2.341	10.657
 2.342	10.583
 2.343	10.482
 2.344	10.399
 2.345	10.399
 2.346	10.375
 2.347	10.337
 2.348	10.289
 2.349	10.226
 2.350	10.211
 2.351	10.177
 2.352	10.179
 2.353	10.243
 2.354	10.312
 2.355	10.402
 2.356	10.554
 2.357	10.656
 2.358	10.706
 2.359	10.675
 2.360	10.562
 2.361	10.483
 2.362	10.444
 2.363	10.356
 2.364	10.217
 2.365	10.119
 2.366	10.032
 2.367	10.066
 2.368	10.199
 2.369	10.303
 2.370	10.399
 2.371	10.462
 2.372	10.507
 2.373	10.434
 2.374	10.422
 2.375	10.306
 2.376	10.131
 2.377	10.164
 2.378	10.160
 2.379	10.388
 2.380	10.640
 2.381	10.698
 2.382	10.687
 2.383	10.504
 2.384	10.300
 2.385	10.179
 2.386	10.254
 2.387	10.402
 2.388	10.436
 2.389	10.310
 2.390	10.171
 2.391	10.162
 2.392	10.187
 2.393	10.422
 2.394	10.596
 2.395	10.596
 2.396	10.645
 2.397	10.602
 2.398	10.580
 2.399	10.375
 2.400	10.045
 2.401	9.8465
 2.402	9.7513
 2.403	9.9175
 2.404	9.9807
 2.405	9.9279
 2.406	9.8704
 2.407	9.6521
 2.408	9.7296
 2.409	9.9732
 2.410	10.103
 2.411	10.142
 2.412	10.013
 2.413	9.9214
 2.414	9.7902
 2.415	9.7054
 2.416	9.8586
 2.417	10.131
 2.418	10.421
 2.419	10.622
 2.420	10.678
 2.421	10.579
 2.422	10.368
 2.423	10.349
 2.424	10.486
 2.425	10.537
 2.426	10.589
 2.427	10.537
 2.428	10.398
 2.429	10.078
 2.430	9.8274
 2.431	9.8780
 2.432	9.8355
 2.433	10.003
 2.434	10.240
 2.435	10.272
 2.436	10.338
 2.437	10.097
 2.438	9.5724
 2.439	8.9750
 2.440	8.4447
 2.441	8.1002
 2.442	7.9282
 2.443	7.9845
 2.444	8.1548
 2.445	8.4551
 2.446	8.7967
 2.447	8.9841
 2.448	9.0789
 2.449	9.1037
 2.450	9.1489
 2.451	9.3621
 2.452	9.3766
 2.453	9.2321
 2.454	9.1667
 2.455	8.9925
 2.456	9.0209
 2.457	9.2314
 2.458	9.2358
 2.459	9.1016
 2.460	9.2105
 2.461	9.1803
 2.462	9.3845
 2.463	10.051
 2.464	10.056
 2.465	10.197
 2.466	10.617
 2.467	10.348
 2.468	9.6584
 2.469	8.5754
 2.470	8.0312
 2.471	8.0645
 2.472	8.1959
 2.473	8.5391
 2.474	8.7845
 2.475	9.1463
 2.476	9.0519
 2.477	8.6898
 2.478	8.5120
 2.479	8.1245
 2.480	8.2517
 2.481	8.8189
 2.482	9.6950
 2.483	9.4626
 2.484	9.2256
 2.485	9.3407
 2.486	9.1931
 2.487	9.2474
 2.488	8.9375
 2.489	9.0165
 2.490	9.3923
 2.491	9.9120
 2.492	11.316
 2.493	11.962
 2.494	11.641
 2.495	11.405
 2.496	10.967
 2.497	10.112
 2.498	9.5110
 2.499	9.5197
 2.500	8.9556
 2.500	2.3612
 2.501	2.4492
 2.503	2.4522
 2.504	2.4754
 2.505	2.4683
 2.506	2.4593
 2.507	2.4247
 2.509	2.4580
 2.510	2.4575
 2.511	2.4574
 2.512	2.5227
 2.514	2.5777
 2.515	2.5249
 2.516	2.5384
 2.517	2.4746
 2.518	2.5339
 2.520	2.5677
 2.521	2.5675
 2.522	2.5229
 2.523	2.4801
 2.525	2.4464
 2.526	2.4318
 2.527	2.3593
 2.528	2.3696
 2.530	2.3666
 2.531	2.4137
 2.532	2.4053
 2.533	2.3896
 2.534	2.4461
 2.536	2.4618
 2.537	2.3692
 2.538	2.3671
 2.539	2.3925
 2.541	2.4491
 2.542	2.4567
 2.543	2.4488
 2.544	2.3991
 2.546	2.4681
 2.547	2.4477
 2.548	2.3342
 2.549	2.2331
 2.551	2.3373
 2.552	2.4272
 2.553	2.5793
 2.554	2.5325
 2.556	2.4445
 2.557	2.4158
 2.558	2.4475
 2.559	2.4445
 2.561	2.5071
 2.562	2.5171
 2.563	2.4711
 2.565	2.4609
 2.566	2.4749
 2.567	2.4520
 2.568	2.4404
 2.570	2.3693
 2.571	2.4278
 2.572	2.4770
 2.573	2.4390
 2.575	2.3749
 2.576	2.3782
 2.577	2.4500
 2.579	2.5402
 2.580	2.5227
 2.581	2.5146
 2.582	2.4497
 2.584	2.3859
 2.585	2.3845
 2.586	2.5201
 2.588	2.5585
 2.589	2.5417
 2.590	2.5130
 2.591	2.4523
 2.593	2.3683
 2.594	2.4487
 2.595	2.5107
 2.597	2.4448
 2.598	2.3485
 2.599	2.4222
 2.601	2.4344
 2.602	2.4569
 2.603	2.4695
 2.604	2.4757
 2.606	2.4205
 2.607	2.4826
 2.608	2.4871
 2.610	2.4636
 2.611	2.4880
 2.612	2.5026
 2.614	2.4418
 2.615	2.4208
 2.616	2.3515
 2.618	2.3351
 2.619	2.3543
 2.620	2.4388
 2.622	2.4261
 2.623	2.4094
 2.624	2.3649
 2.626	2.4136
 2.627	2.3952
 2.628	2.4420
 2.630	2.4628
 2.631	2.4801
 2.632	2.4923
 2.634	2.4456
 2.635	2.4104
 2.636	2.4440
 2.638	2.4072
 2.639	2.4494
 2.640	2.4173
 2.642	2.2913
 2.643	2.3388
 2.644	2.4250
 2.646	2.3828
 2.647	2.4104
 2.648	2.4918
 2.650	2.5682
 2.651	2.4760
 2.652	2.3846
 2.654	2.3886
 2.655	2.4939
 2.657	2.5737
 2.658	2.5349
 2.659	2.4223
 2.661	2.3360
 2.662	2.3016
 2.663	2.4211
 2.665	2.4915
 2.666	2.4485
 2.667	2.3192
 2.669	2.3129
 2.670	2.2954
 2.672	2.3029
 2.673	2.4030
 2.674	2.3976
 2.676	2.2793
 2.677	2.3035
 2.678	2.3146
 2.680	2.3707
 2.681	2.3395
 2.683	2.3058
 2.684	2.3463
 2.685	2.4447
 2.687	2.3918
 2.688	2.2724
 2.690	2.1960
 2.691	2.2749
 2.692	2.2427
 2.694	2.2893
 2.695	2.3321
 2.697	2.3129
 2.698	2.2339
 2.699	2.2619
 2.701	2.2518
 2.702	2.3353
 2.704	2.3584
 2.705	2.3428
 2.706	2.3231
 2.708	2.3312
 2.709	2.2915
 2.711	2.3385
 2.712	2.2675
 2.713	2.2799
 2.715	2.2238
 2.716	2.1361
 2.718	2.1261
 2.719	2.2522
 2.721	2.3494
 2.722	2.2753
 2.723	2.1683
 2.725	2.2758
 2.726	2.2442
 2.728	2.1769
 2.729	2.1624
 2.731	2.2187
 2.732	2.1696
 2.734	2.1575
 2.735	2.1333
 2.736	2.1760
 2.738	2.1593
 2.739	2.2264
 2.741	2.2145
 2.742	2.1776
 2.744	2.1293
 2.745	2.1468
 2.747	2.1657
 2.748	2.3021
 2.749	2.2875
 2.751	2.1592
 2.752	2.0951
 2.754	2.2683
 2.755	2.2486
 2.757	2.1836
 2.758	2.1807
 2.760	2.1236
 2.761	2.0148
 2.763	2.0724
 2.764	2.1354
 2.766	2.0859
 2.767	2.0810
 2.769	2.1821
 2.770	2.2652
 2.772	2.3114
 2.773	2.1743
 2.774	2.1563
 2.776	2.1537
 2.777	2.1252
 2.779	2.0878
 2.780	2.1563
 2.782	2.1297
 2.783	2.1226
 2.785	2.1462
 2.786	2.1767
 2.788	2.1634
 2.789	2.2095
 2.791	2.1755
 2.792	2.1769
 2.794	2.1490
 2.795	2.1419
 2.797	2.0773
 2.798	2.1058
 2.800	2.1417
 2.801	2.1571
 2.803	2.0973
 2.804	2.1017
 2.806	2.0949
 2.808	2.1878
 2.809	2.1780
 2.811	2.0782
 2.812	2.0533
 2.814	2.1300
 2.815	2.1159
 2.817	2.1332
 2.818	2.0920
 2.820	2.1175
 2.821	2.1618
 2.823	2.1590
 2.824	2.1649
 2.826	2.1935
 2.827	2.1372
 2.829	2.1648
 2.831	2.1919
 2.832	2.2666
 2.834	2.1787
 2.835	2.1425
 2.837	2.1471
 2.838	2.1542
 2.840	2.1741
 2.841	2.2936
 2.843	2.2135
 2.844	2.1563
 2.846	2.1148
 2.848	2.1387
 2.849	2.1733
 2.851	2.2363
 2.852	2.2049
 2.854	2.2061
 2.855	2.1659
 2.857	2.1802
 2.859	2.1965
 2.860	2.1998
 2.862	2.2081
 2.863	2.1983
 2.865	2.1272
 2.866	2.1662
 2.868	2.1208
 2.870	2.1545
 2.871	2.2310
 2.873	2.2977
 2.874	2.2659
 2.876	2.1762
 2.878	2.1229
 2.879	2.1963
 2.881	2.2032
 2.882	2.2388
 2.884	2.1792
 2.886	2.1608
 2.887	2.1229
 2.889	2.1834
 2.890	2.1687
 2.892	2.1924
 2.894	2.1326
 2.895	2.2192
 2.897	2.2437
 2.899	2.1994
 2.900	2.1561
 2.902	2.2342
 2.903	2.2486
 2.905	2.2866
 2.907	2.3000
 2.908	2.2962
 2.910	2.2568
 2.912	2.1716
 2.913	2.0680
 2.915	2.1887
 2.916	2.2955
 2.918	2.2425
 2.920	2.2624
 2.921	2.2959
 2.923	2.1930
 2.925	2.1647
 2.926	2.2091
 2.928	2.2784
 2.930	2.1491
 2.931	2.1296
 2.933	2.2002
 2.935	2.3077
 2.936	2.2264
 2.938	2.1488
 2.940	2.1394
 2.941	2.1667
 2.943	2.2237
 2.945	2.3530
 2.946	2.3247
 2.948	2.2693
 2.950	2.2857
 2.951	2.3789
 2.953	2.2880
 2.955	2.3053
 2.956	2.2495
 2.958	2.1821
 2.960	2.1715
 2.961	2.2876
 2.963	2.2564
 2.965	2.2754
 2.967	2.3571
 2.968	2.3531
 2.970	2.2648
 2.972	2.2786
 2.973	2.2518
 2.975	2.2403
 2.977	2.2577
 2.978	2.3116
 2.980	2.2984
 2.982	2.2500
 2.984	2.2008
 2.985	2.2467
 2.987	2.1944
 2.989	2.1804
 2.990	2.2363
 2.992	2.3183
 2.994	2.2236
 2.996	2.2382
 2.997	2.3073
 2.999	2.3129
 3.001	2.2536
 3.003	2.2820
 3.004	2.2670
 3.006	2.3015
 3.008	2.2792
 3.010	2.2105
 3.011	2.1806
 3.013	2.2808
 3.015	2.2928
 3.017	2.2875
 3.018	2.2274
 3.020	2.2893
 3.022	2.3279
 3.024	2.3649
 3.025	2.2879
 3.027	2.2996
 3.029	2.3094
 3.031	2.2072
 3.032	2.1887
 3.034	2.2626
 3.036	2.2932
 3.038	2.2789
 3.040	2.2337
 3.041	2.3697
 3.043	2.3671
 3.045	2.3220
 3.047	2.3400
 3.048	2.3573
 3.050	2.2967
 3.052	2.2370
 3.054	2.2545
 3.056	2.3750
 3.057	2.3670
 3.059	2.3412
 3.061	2.3052
 3.063	2.3743
 3.065	2.3400
 3.067	2.3368
 3.068	2.3471
 3.070	2.3578
 3.072	2.3352
 3.074	2.3314
 3.076	2.2922
 3.077	2.3223
 3.079	2.3394
 3.081	2.3302
 3.083	2.2911
 3.085	2.3031
 3.087	2.2318
 3.088	2.1800
 3.090	2.1732
 3.092	2.2839
 3.094	2.3266
 3.096	2.3844
 3.098	2.2827
 3.100	2.2133
 3.101	2.2300
 3.103	2.3121
 3.105	2.3623
 3.107	2.3545
 3.109	2.3248
 3.111	2.3496
 3.113	2.2751
 3.114	2.2645
 3.116	2.2165
 3.118	2.2440
 3.120	2.2422
 3.122	2.1763
 3.124	2.2315
 3.126	2.2798
 3.128	2.2849
 3.129	2.2968
 3.131	2.1797
 3.133	2.1408
 3.135	2.2242
 3.137	2.2389
 3.139	2.2007
 3.141	2.2955
 3.143	2.2862
 3.145	2.2764
 3.147	2.2338
 3.148	2.2830
 3.150	2.3111
 3.152	2.3492
 3.154	2.2940
 3.156	2.2655
 3.158	2.3077
 3.160	2.3467
 3.162	2.2621
 3.164	2.2170
 3.166	2.1960
 3.168	2.2002
 3.170	2.2822
 3.172	2.3339
 3.173	2.2434
 3.175	2.2322
 3.177	2.2331
 3.179	2.2364
 3.181	2.2230
 3.183	2.2632
 3.185	2.2289
 3.187	2.3048
 3.189	2.3077
 3.191	2.3223
 3.193	2.2973
 3.195	2.2507
 3.197	2.2161
 3.199	2.2297
 3.201	2.2278
 3.203	2.2142
 3.205	2.1949
 3.207	2.2210
 3.209	2.2138
 3.211	2.2611
 3.213	2.2396
 3.215	2.2588
 3.217	2.2753
 3.219	2.2974
 3.221	2.2824
 3.223	2.3242
 3.225	2.3013
 3.227	2.2393
 3.229	2.2188
 3.231	2.2591
 3.233	2.2570
 3.235	2.2091
 3.237	2.1507
 3.239	2.1785
 3.241	2.1229
 3.243	2.1514
 3.245	2.1938
 3.247	2.1659
 3.249	2.1116
 3.251	2.1454
 3.253	2.1697
 3.255	2.2305
 3.257	2.2523
 3.259	2.3045
 3.261	2.2578
 3.263	2.2404
 3.265	2.2252
 3.267	2.2371
 3.270	2.2554
 3.272	2.2581
 3.274	2.2134
 3.276	2.2091
 3.278	2.1655
 3.280	2.1924
 3.282	2.1750
 3.284	2.1853
 3.286	2.1710
 3.288	2.1903
 3.290	2.2129
 3.292	2.2374
 3.294	2.2230
 3.297	2.2411
 3.299	2.2292
 3.301	2.2096
 3.303	2.2062
 3.305	2.2179
 3.307	2.1609
 3.309	2.1099
 3.311	2.1160
 3.313	2.1934
 3.316	2.1829
 3.318	2.1765
 3.320	2.1124
 3.322	2.0939
 3.324	2.0815
 3.326	2.1005
 3.328	2.1246
 3.330	2.1448
 3.333	2.1469
 3.335	2.1107
 3.337	2.0027
 3.339	1.9933
 3.341	2.0390
 3.343	2.1316
 3.345	2.1386
 3.348	2.1104
 3.350	2.1100
 3.352	2.1217
 3.354	2.0912
 3.356	2.0736
 3.358	2.0657
 3.361	2.0581
 3.363	2.0078
 3.365	2.0288
 3.367	1.9992
 3.369	1.9788
 3.372	1.9589
 3.374	1.9925
 3.376	1.9546
 3.378	1.9259
 3.380	1.9595
 3.383	2.0077
 3.385	1.9826
 3.387	1.9713
 3.389	1.9531
 3.391	1.9038
 3.394	1.8572
 3.396	1.8744
 3.398	1.8872
 3.400	1.8247
 3.403	1.8080
 3.405	1.8533
 3.407	1.8703
 3.409	1.8695
 3.411	1.8198
 3.414	1.9106
 3.416	1.9426
 3.418	2.0613
 3.420	2.2493
 3.423	2.5590
 3.425	2.9257
 3.427	3.3720
 3.430	3.7222
 3.432	3.7964
 3.434	3.6091
 3.436	3.3880
 3.439	3.2002
 3.441	3.0792
 3.443	2.9994
 3.445	2.9497
 3.448	2.8824
 3.450	2.8199
 3.452	2.7931
 3.455	2.8043
 3.457	2.7627
 3.459	2.7224
 3.462	2.7080
 3.464	2.7389
 3.466	2.6859
 3.469	2.6047
 3.471	2.5643
 3.473	2.5449
 3.476	2.4908
 3.478	2.4697
 3.480	2.4330
 3.483	2.4372
 3.485	2.3564
 3.487	2.3259
 3.490	2.2874
 3.492	2.2922
 3.494	2.3058
 3.497	2.2267
 3.499	2.1305
 3.501	2.1268
 3.504	2.2033
 3.506	2.5171
 3.508	3.0507
 3.511	3.6438
 3.513	3.7839
 3.516	3.5722
 3.518	3.3005
 3.520	3.1603
 3.523	3.0636
 3.525	2.9614
 3.528	2.8828
 3.530	2.8499
 3.532	2.8038
 3.535	2.7572
 3.537	2.7279
 3.540	2.7250
 3.542	2.6518
 3.544	2.6019
 3.547	2.5727
 3.549	2.5653
 3.552	2.5453
 3.554	2.6059
 3.557	2.6238
 3.559	2.5928
 3.561	2.5862
 3.564	2.5774
 3.566	2.5193
 3.569	2.5378
 3.571	2.5522
 3.574	2.5458
 3.576	2.5515
 3.579	2.5851
 3.581	2.5410
 3.584	2.5370
 3.586	2.5182
 3.589	2.5603
 3.591	2.4985
 3.594	2.4172
 3.596	2.4647
 3.599	2.5252
 3.601	2.4574
 3.604	2.4462
 3.606	2.4576
 3.609	2.4293
 3.611	2.3935
 3.614	2.4193
 3.616	2.4607
 3.619	2.4756
 3.621	2.4569
 3.624	2.3898
 3.626	2.3912
 3.629	2.4904
 3.631	2.4689
 3.634	2.3947
 3.636	2.3662
 3.639	2.3852
 3.641	2.4164
 3.644	2.4371
 3.647	2.4123
 3.649	2.4355
 3.652	2.3971
 3.654	2.3364
 3.657	2.3416
 3.659	2.4051
 3.662	2.4385
 3.665	2.4458
 3.667	2.3606
 3.670	2.3661
 3.672	2.4165
 3.675	2.4437
 3.678	2.4276
 3.680	2.3822
 3.683	2.3299
 3.685	2.3355
 3.688	2.2981
 3.691	2.3350
 3.693	2.3516
 3.696	2.4073
 3.699	2.4174
 3.701	2.3678
 3.704	2.3625
 3.707	2.3722
 3.709	2.3608
 3.712	2.3558
 3.715	2.3452
 3.717	2.3854
 3.720	2.3530
 3.723	2.2973
 3.725	2.3419
 3.728	2.3989
 3.731	2.4138
 3.733	2.3863
 3.736	2.3307
 3.739	2.3593
 3.741	2.3770
 3.744	2.3852
 3.747	2.3842
 3.749	2.3703
 3.752	2.3493
 3.755	2.3567
 3.758	2.3579
 3.760	2.3633
 3.763	2.3687
 3.766	2.3698
 3.769	2.3605
 3.771	2.4057
 3.774	2.3907
 3.777	2.3247
 3.779	2.2963
 3.782	2.2972
 3.785	2.3460
 3.788	2.3458
 3.791	2.3321
 3.793	2.3856
 3.796	2.3886
 3.799	2.3501
 3.802	2.3379
 3.804	2.3610
 3.807	2.3720
 3.810	2.3763
 3.813	2.3202
 3.816	2.3216
 3.818	2.2974
 3.821	2.2880
 3.824	2.3326
 3.827	2.3442
 3.830	2.2879
 3.833	2.3162
 3.835	2.3731
 3.838	2.3686
 3.841	2.3303
 3.844	2.3295
 3.847	2.3362
 3.850	2.3690
 3.852	2.3323
 3.855	2.3004
 3.858	2.3656
 3.861	2.3867
 3.864	2.3551
 3.867	2.3384
 3.870	2.3366
 3.873	2.3522
 3.876	2.3502
 3.878	2.3691
 3.881	2.3753
 3.884	2.3913
 3.887	2.3975
 3.890	2.3682
 3.893	2.3365
 3.896	2.3174
 3.899	2.3178
 3.902	2.3764
 3.905	2.3669
 3.908	2.3202
 3.911	2.3462
 3.914	2.3938
 3.917	2.3603
 3.919	2.3580
 3.922	2.3613
 3.925	2.3867
 3.928	2.3809
 3.931	2.3502
 3.934	2.3132
 3.937	2.3499
 3.940	2.3643
 3.943	2.3596
 3.946	2.3503
 3.949	2.3573
 3.952	2.3411
 3.955	2.3709
 3.958	2.3976
 3.961	2.3939
 3.964	2.3649
 3.967	2.3320
 3.970	2.3253
 3.974	2.3310
 3.977	2.3224
 3.980	2.3310
 3.983	2.3402
 3.986	2.3514
 3.989	2.3347
 3.992	2.3270
 3.995	2.3436
 3.998	2.3188
 4.001	2.2983
 4.004	2.2922
 4.007	2.2781
 4.010	2.3086
 4.014	2.3543
 4.017	2.3617
 4.020	2.3770
 4.023	2.4130
 4.026	2.3952
 4.029	2.3549
 4.032	2.3794
 4.035	2.3733
 4.039	2.3306
 4.042	2.3599
 4.045	2.3532
 4.048	2.3145
 4.051	2.3028
 4.054	2.328
 4.057	2.3428
 4.061	2.2981
 4.064	2.2535
 4.067	2.3325
 4.070	2.4213
 4.073	2.3845
 4.077	2.3467
 4.080	2.3552
 4.083	2.2671
 4.086	2.2389
 4.089	2.2983
 4.093	2.3712
 4.096	2.3406
 4.099	2.3425
 4.102	2.3760
 4.106	2.3756
 4.109	2.3987
 4.112	2.4546
 4.115	2.4020
 4.119	2.3560
 4.122	2.3469
 4.125	2.3355
 4.129	2.3088
 4.132	2.3117
 4.135	2.3291
 4.138	2.3471
 4.142	2.3202
 4.145	2.2786
 4.148	2.2943
 4.152	2.3319
 4.155	2.3200
 4.158	2.3042
 4.162	2.3292
 4.165	2.3379
 4.168	2.2668
 4.172	2.2243
 4.175	2.2521
 4.178	2.2731
 4.182	2.2630
 4.185	2.2564
 4.189	2.2844
 4.192	2.3270
 4.195	2.3398
 4.199	2.3078
 4.202	2.3370
 4.206	2.3650
 4.209	2.3380
 4.212	2.2749
 4.216	2.3706
 4.219	2.4890
 4.223	2.5068
 4.226	2.4327
 4.230	2.3095
 4.233	2.3202
 4.236	2.4752
 4.240	2.4446
 4.243	2.4786
 4.247	2.5739
 4.250	2.6255
 4.254	2.5495
 4.257	2.4643
 4.261	2.4418
 4.264	2.3865
 4.268	2.3616
 4.271	2.4390
 4.275	2.5257
 4.278	2.5533
 4.282	2.5123
 4.285	2.4466
 4.289	2.3788
 4.293	2.3577
 4.296	2.3189
 4.300	2.3310
 4.303	2.3090
 4.307	2.3085
 4.310	2.3503
 4.314	2.3987
 4.318	2.3995
 4.321	2.3210
 4.325	2.2898
 4.328	2.3262
 4.332	2.2981
 4.336	2.2941
 4.339	2.3127
 4.343	2.3086
 4.347	2.3087
 4.350	2.3167
 4.354	2.3318
 4.358	2.3413
 4.361	2.3299
 4.365	2.3212
 4.369	2.3508
 4.372	2.3521
 4.376	2.2683
 4.380	2.2236
 4.383	2.2692
 4.387	2.3166
 4.391	2.2873
 4.394	2.2612
 4.398	2.2527
 4.402	2.2722
 4.406	2.2704
 4.409	2.2687
 4.413	2.2491
 4.417	2.2777
 4.421	2.3184
 4.424	2.3283
 4.428	2.3141
 4.432	2.2536
 4.436	2.2500
 4.440	2.2556
 4.443	2.2858
 4.447	2.3344
 4.451	2.3244
 4.455	2.3037
 4.459	2.2744
 4.463	2.2312
 4.466	2.2113
 4.470	2.2712
 4.474	2.2755
 4.478	2.2070
 4.482	2.2128
 4.486	2.2824
 4.490	2.2622
 4.493	2.2254
 4.497	2.2631
 4.501	2.2574
 4.505	2.2238
 4.509	2.2400
 4.513	2.2164
 4.517	2.2429
 4.521	2.3136
 4.525	2.3492
 4.529	2.3570
 4.533	2.3075
 4.537	2.2522
 4.541	2.2447
 4.545	2.2244
 4.549	2.2256
 4.553	2.2727
 4.557	2.2785
 4.561	2.2459
 4.565	2.2555
 4.569	2.2495
 4.573	2.2480
 4.577	2.2824
 4.581	2.3128
 4.585	2.3205
 4.589	2.3073
 4.593	2.2892
 4.597	2.2849
 4.601	2.2606
 4.605	2.2865
 4.609	2.2946
 4.613	2.2798
 4.617	2.2573
 4.622	2.2518
 4.626	2.2661
 4.630	2.2704
 4.634	2.2409
 4.638	2.2689
 4.642	2.2952
 4.646	2.2593
 4.651	2.2384
 4.655	2.2799
 4.659	2.2885
 4.663	2.2686
 4.667	2.2472
 4.672	2.2309
 4.676	2.2230
 4.680	2.2703
 4.684	2.2663
 4.688	2.2858
 4.693	2.2709
 4.697	2.2342
 4.701	2.1969
 4.705	2.1967
 4.710	2.2436
 4.714	2.2484
 4.718	2.2866
 4.723	2.2953
 4.727	2.2411
 4.731	2.2454
 4.736	2.2455
 4.740	2.2632
 4.744	2.1980
 4.749	2.2097
 4.753	2.2406
 4.757	2.2341
 4.762	2.2252
 4.766	2.2706
 4.770	2.2731
 4.775	2.2606
 4.779	2.2727
 4.784	2.2535
 4.788	2.2560
 4.792	2.2530
 4.797	2.2537
 4.801	2.2699
 4.806	2.2746
 4.810	2.2396
 4.815	2.1850
 4.819	2.1920
 4.824	2.1594
 4.828	2.1794
 4.833	2.2449
 4.837	2.2640
 4.842	2.2472
 4.846	2.2220
 4.851	2.2233
 4.855	2.2503
 4.860	2.1924
 4.864	2.2331
 4.869	2.2089
 4.874	2.1921
 4.878	2.2451
 4.883	2.2312
 4.887	2.1965
 4.892	2.2184
 4.897	2.2197
 4.901	2.2231
 4.906	2.2316
 4.910	2.3080
 4.915	2.2770
 4.920	2.1971
 4.924	2.2298
 4.929	2.2705
 4.934	2.2725
 4.939	2.3225
 4.943	2.2680
 4.948	2.2421
 4.953	2.2228
 4.957	2.2497
 4.962	2.2555
 4.967	2.2528
 4.972	2.2430
 4.976	2.2677
 4.981	2.2387
 4.986	2.1926
 4.991	2.2035
 4.996	2.2607
 5.000	2.2815
 5.005	2.2604
 5.010	2.2281
 5.015	2.2559
 5.020	2.2574
 5.025	2.2537
 5.030	2.2211
 5.034	2.2432
 5.039	2.2483
 5.044	2.2539
 5.049	2.2377
 5.054	2.2343
 5.059	2.2237
 5.064	2.2031
 5.069	2.2010
 5.074	2.2258
 5.079	2.2142
 5.084	2.2118
 5.089	2.1994
 5.094	2.2254
 5.099	2.1918
 5.104	2.2317
 5.109	2.2164
 5.114	2.1906
 5.119	2.1791
 5.124	2.1819
 5.129	2.1855
 5.134	2.2783
 5.139	2.2561
 5.144	2.2257
 5.149	2.2308
 5.155	2.2132
 5.160	2.2139
 5.165	2.2395
 5.170	2.2366
 5.175	2.2546
 5.180	2.1939
 5.185	2.1883
 5.191	2.1714
 5.196	2.1998
 5.201	2.1930
 5.206	2.1978
 5.211	2.2044
 5.217	2.2525
 5.222	2.2372
 5.227	2.2486
 5.233	2.2227
 5.238	2.2009
 5.243	2.1856
 5.248	2.1994
 5.254	2.1688
 5.259	2.1896
 5.264	2.1983
 5.270	2.2325
 5.275	2.2274
 5.280	2.1940
 5.286	2.1865
 5.291	2.1988
 5.297	2.2107
 5.302	2.2531
 5.308	2.2470
 5.313	2.2497
 5.318	2.1751
 5.324	2.1443
 5.329	2.1757
 5.335	2.2383
 5.340	2.2061
 5.346	2.1360
 5.351	2.1187
 5.357	2.1794
 5.362	2.1547
 5.368	2.1977
 5.374	2.1678
 5.379	2.1228
 5.385	2.0878
 5.390	2.1252
 5.396	2.1002
 5.401	2.1144
 5.407	2.1150
 5.413	2.1409
 5.418	2.0839
 5.424	2.1105
 5.430	2.1711
 5.435	2.1626
 5.441	2.1629
 5.447	2.1596
 5.453	2.1093
 5.458	2.1306
 5.464	2.1351
 5.470	2.1012
 5.476	2.0751
 5.481	2.1329
 5.487	2.1310
 5.493	2.1051
 5.499	2.0193
 5.505	2.0689
 5.511	2.0904
 5.516	2.1357
 5.522	2.1205
 5.528	2.0778
 5.534	2.0368
 5.540	2.0540
 5.546	1.9971
 5.552	2.0218
 5.558	2.0078
 5.564	1.9801
 5.570	2.0133
 5.576	2.1441
 5.582	2.1346
 5.588	2.0682
 5.594	2.0109
 5.600	1.9989
 5.606	1.9875
 5.612	2.0390
 5.618	2.0194
 5.624	2.0198
 5.630	1.9875
 5.636	2.0106
 5.642	2.0019
 5.649	2.0148
 5.655	2.0032
 5.661	2.0140
 5.667	1.9800
 5.673	1.9533
 5.680	1.8974
 5.686	1.8966
 5.692	1.9608
 5.698	2.0689
 5.705	2.0625
 5.711	2.0194
 5.717	1.9561
 5.723	2.0006
 5.730	1.9702
 5.736	1.9503
 5.742	1.9487
 5.749	1.9977
 5.755	1.9992
 5.762	2.0564
 5.768	2.0423
 5.774	2.0582
 5.781	2.0562
 5.787	2.0992
 5.794	2.1432
 5.800	2.2158
 5.807	2.2364
 5.813	2.2432
 5.820	2.1783
 5.826	2.1996
 5.833	2.1795
 5.839	2.1689
 5.846	2.1976
 5.853	2.3243
 5.859	2.3346
 5.866	2.2907
 5.873	2.3006
 5.879	2.4189
 5.886	2.4183
 5.893	2.3665
 5.899	2.3256
 5.906	2.3731
 5.913	2.3956
 5.919	2.4104
 5.926	2.3499
 5.933	2.3905
 5.940	2.3303
 5.947	2.2962
 5.953	2.2734
 5.960	2.3041
 5.967	2.2953
 5.974	2.3392
 5.981	2.3531
 5.988	2.4237
 5.995	2.3379
 6.002	2.2222
 6.009	2.1974
 6.016	2.2666
 6.023	2.3127
 6.030	2.3379
 6.037	2.2810
 6.044	2.3415
 6.051	2.3471
 6.058	2.3733
 6.065	2.3956
 6.072	2.4610
 6.079	2.4407
 6.086	2.4661
 6.093	2.4049
 6.101	2.4151
 6.108	2.4165
 6.115	2.4430
 6.122	2.4211
 6.129	2.4483
 6.137	2.4310
 6.144	2.4198
 6.151	2.4036
 6.158	2.4661
 6.166	2.4631
 6.173	2.5165
 6.180	2.4734
 6.188	2.4916
 6.195	2.4746
 6.203	2.5169
 6.210	2.5023
 6.218	2.5308
 6.225	2.5769
 6.232	2.6283
 6.240	2.5871
 6.248	2.6185
 6.255	2.5518
 6.263	2.4681
 6.270	2.4128
 6.278	2.4787
 6.285	2.5095
 6.293	2.5602
 6.301	2.4718
 6.308	2.4849
 6.316	2.4848
 6.324	2.5203
 6.331	2.5215
 6.339	2.5353
 6.347	2.4815
 6.355	2.5084
 6.362	2.5408
 6.370	2.5929
 6.378	2.5162
 6.386	2.4931
 6.394	2.4967
 6.402	2.5757
 6.410	2.4764
 6.418	2.4047
 6.426	2.4086
 6.434	2.4494
 6.442	2.3682
 6.450	2.3922
 6.458	2.3879
 6.466	2.4454
 6.474	2.3760
 6.482	2.3861
 6.490	2.3955
 6.498	2.4546
 6.506	2.4009
 6.514	2.3560
 6.523	2.3090
 6.531	2.3520
 6.539	2.2936
 6.547	2.2979
 6.556	2.2781
 6.564	2.3564
 6.572	2.3503
 6.580	2.3343
 6.589	2.2787
 6.597	2.2831
 6.606	2.2375
 6.614	2.2398
 6.623	2.2322
 6.631	2.2456
 6.639	2.2029
 6.648	2.2473
 6.657	2.2102
 6.665	2.1580
 6.674	2.0640
 6.682	2.1396
 6.691	2.1193
 6.700	2.1102
 6.708	2.1207
 6.717	2.1550
 6.726	2.1071
 6.734	2.1023
 6.743	2.0853
 6.752	2.0957
 6.761	1.9873
 6.769	1.9846
 6.778	1.9916
 6.787	2.1099
 6.796	2.1235
 6.805	2.1609
 6.814	2.1470
 6.823	2.2233
 6.832	2.3130
 6.841	2.4223
 6.850	2.3220
 6.859	2.3245
 6.868	2.3329
 6.877	2.3832
 6.886	2.3539
 6.896	2.3345
 6.905	2.2598
 6.914	2.2938
 6.923	2.2831
 6.932	2.3169
 6.942	2.2702
 6.951	2.2746
 6.960	2.2567
 6.970	2.2903
 6.979	2.2649
 6.988	2.3572
 6.998	2.2789
 7.007	2.3081
 7.017	2.4031
 7.026	2.4207
 7.036	2.3241
 7.045	2.3889
 7.055	2.3485
 7.065	2.3509
 7.074	2.2779
 7.084	2.3440
 7.094	2.4055
 7.103	2.4495
 7.113	2.4276
 7.123	2.4498
 7.133	2.3429
 7.142	2.3472
 7.152	2.2817
 7.162	2.3061
 7.172	2.3054
 7.182	2.4076
 7.192	2.3593
 7.202	2.4102
 7.212	2.4039
 7.222	2.4323
 7.232	2.3506
 7.242	2.3186
 7.252	2.2784
 7.262	2.3798
 7.273	2.3592
 7.283	2.3796
 7.293	2.2796
 7.303	2.2604
 7.314	2.2349
 7.324	2.2909
 7.334	2.2820
 7.345	2.3534
 7.355	2.2746
 7.366	2.3002
 7.376	2.2848
 7.387	2.3061
 7.397	2.3039
 7.408	2.3500
 7.418	2.3077
 7.429	2.3765
 7.440	2.3564
 7.450	2.3167
 7.461	2.2375
 7.472	2.3192
 7.483	2.3049
 7.493	2.3455
 7.504	2.2919
 7.515	2.3066
 7.526	2.2364
 7.537	2.2782
 7.548	2.2781
 7.559	2.2621
 7.570	2.1982
 7.581	2.2641
 7.592	2.2496
 7.603	2.3339
 7.614	2.3096
 7.626	2.3061
 7.637	2.2551
 7.648	2.3149
 7.659	2.2360
 7.671	2.2431
 7.682	2.2083
 7.694	2.2310
 7.705	2.2068
 7.716	2.2892
 7.728	2.2362
 7.739	2.2343
 7.751	2.1633
 7.763	2.2273
 7.774	2.2371
 7.786	2.2923
 7.798	2.2174
 7.809	2.2801
 7.821	2.2783
 7.833	2.3466
 7.845	2.2649
 7.857	2.2833
 7.869	2.1961
 7.881	2.2569
 7.893	2.2907
 7.905	2.2691
 7.917	2.2002
 7.929	2.3139
 7.941	2.2991
 7.953	2.3476
 7.965	2.2488
 7.978	2.2928
 7.990	2.2934
 8.002	2.3233
 8.015	2.2619
 8.027	2.3685
 8.039	2.3295
 8.052	2.3486
 8.064	2.2946
 8.077	2.3646
 8.090	2.2674
 8.102	2.3164
 8.115	2.2595
 8.128	2.3183
 8.140	2.1846
 8.153	2.2482
 8.166	2.2800
 8.179	2.4310
 8.192	2.3111
 8.205	2.2833
 8.218	2.2527
 8.231	2.3410
 8.244	2.2030
 8.257	2.1701
 8.270	2.1691
 8.283	2.3159
 8.297	2.2898
 8.310	2.3012
 8.323	2.1750
 8.337	2.3118
 8.350	2.3787
 8.364	2.4945
 8.377	2.3780
 8.391	2.4149
 8.404	2.3283
 8.418	2.4259
 8.432	2.2916
 8.445	2.3530
 8.459	2.3819
 8.473	2.5346
 8.487	2.5226
 8.501	2.5387
 8.515	2.4207
 8.529	2.4881
 8.543	2.4524
 8.557	2.5423
 8.571	2.4955
 8.585	2.5718
 8.599	2.5545
 8.614	2.6029
 8.628	2.4770
 8.642	2.5220
 8.657	2.3892
 8.671	2.4339
 8.686	2.4509
 8.700	2.5688
 8.715	2.4849
 8.730	2.5782
 8.744	2.5898
 8.759	2.6795
 8.774	2.6736
 8.789	2.7377
 8.804	2.5270
 8.819	2.5861
 8.834	2.5816
 8.849	2.6067
 8.864	2.5242
 8.879	2.6488
 8.894	2.5405
 8.910	2.5763
 8.925	2.5262
 8.940	2.6692
 8.956	2.5937
 8.971	2.7199
 8.987	2.6722
 9.002	2.7869
 9.018	2.6653
 9.034	2.6175
 9.050	2.5546
 9.065	2.6573
 9.081	2.5883
 9.097	2.6992
 9.113	2.5673
 9.129	2.5678
 9.145	2.4966
 9.162	2.6913
 9.178	2.6563
 9.194	2.7738
 9.210	2.7341
 9.227	2.7955
 9.243	2.5730
 9.260	2.6298
 9.276	2.6831
 9.293	2.7678
 9.310	2.7163
 9.326	2.8236
 9.343	2.6999
 9.360	2.7826
 9.377	2.6753
 9.394	2.6450
 9.411	2.5305
 9.428	2.7314
 9.445	2.7792
 9.462	2.8694
 9.480	2.7563
 9.497	2.8769
 9.515	2.7700
 9.532	2.8516
 9.550	2.8938
 9.567	3.0411
 9.585	2.8616
 9.603	2.9285
 9.620	2.8783
 9.638	2.9514
 9.656	2.8150
 9.674	2.8617
 9.692	2.7381
 9.711	2.8511
 9.729	2.8233
 9.747	2.8304
 9.765	2.6002
 9.784	2.6696
 9.802	2.7100
 9.821	3.1483
 9.839	3.1359
 9.858	2.8297
 9.877	2.6085
 9.896	2.7150
 9.915	2.6961
 9.934	2.7612
 9.953	2.6592
 9.972	2.7450
 9.991	2.6461
10.010	2.7226
10.030	2.6599
10.049	2.7307
10.069	2.5756
10.088	2.5984
10.108	2.4804
10.128	2.5861
10.148	2.5846
10.167	2.6491
10.187	2.5689
10.207	2.5847
10.228	2.4429
10.248	2.6104
10.268	2.5607
10.289	2.4812
10.309	2.3618
10.330	2.5801
10.350	2.5047
10.371	2.5248
10.392	2.4117
10.412	2.5362
10.433	2.5619
10.454	2.6093
10.476	2.3805
10.497	2.3952
10.518	2.4262
10.539	2.5599
10.561	2.4303
10.582	2.5002
10.604	2.3870
10.626	2.4867
10.648	2.4712
10.670	2.4929
10.692	2.3946
10.714	2.5205
10.736	2.4166
10.758	2.4525
10.780	2.4114
10.803	2.5620
10.825	2.4198
10.848	2.5031
10.871	2.4319
10.894	2.4795
10.917	2.3291
10.940	2.4962
10.963	2.4801
10.986	2.4589
11.009	2.2572
11.033	2.4031
11.056	2.3722
11.080	2.4797
11.104	2.4206
11.127	2.5162
11.151	2.3746
11.175	2.5311
11.200	2.5251
11.224	2.5686
11.248	2.3018
11.273	2.3828
11.297	2.3201
11.322	2.4295
11.347	2.2817
11.372	2.4293
11.397	2.3446
11.422	2.4123
11.447	2.3499
11.472	2.5725
11.498	2.3802
11.523	2.3989
11.549	2.2586
11.575	2.4165
11.600	2.2819
11.626	2.3074
11.653	2.2398
11.679	2.4377
11.705	2.3710
11.732	2.4683
11.758	2.3209
11.785	2.3614
11.812	2.2023
11.839	2.4118
11.866	2.3322
11.893	2.4705
11.920	2.4072
11.948	2.5510
11.976	2.3629
12.003	2.3469
12.031	2.2601
12.059	2.4590
12.087	2.3314
12.115	2.3855
12.144	2.0890
12.172	2.1942
12.201	2.2136
12.230	2.3724
12.259	2.2671
12.288	2.4725
12.317	2.1928
12.346	2.2334
12.376	2.3369
12.405	2.6351
12.435	2.4665
12.465	2.5577
12.495	2.2688
12.525	2.4123
12.555	2.2499
12.586	2.3779
12.617	2.3774
12.647	2.4843
12.678	2.2429
12.709	2.4325
12.741	2.1823
12.772	2.1045
12.803	1.9867
12.835	2.3994
12.867	2.3002
12.899	2.4544
12.931	2.2373
12.964	2.3601
12.996	2.2689
13.029	2.4206
13.061	2.1938
13.094	2.2865
13.128	2.1367
13.161	2.4440
13.194	2.2740
13.228	2.3997
13.262	2.1967
13.296	2.2593
13.330	2.1361
13.364	2.2695
13.399	1.9863
13.434	2.2148
13.469	2.1110
13.504	2.2231
13.539	2.0391
13.574	2.1587
13.610	2.0181
13.646	2.2797
13.682	2.1679
13.718	2.3996
13.754	2.3437
13.791	2.5207
13.828	2.1089
13.865	2.2583
13.902	2.2212
13.939	2.7289
13.977	2.5477
14.015	2.5114
14.053	2.2058
14.091	2.4481
14.129	2.2314
14.168	2.6185
14.207	2.3034
14.246	2.2937
14.285	2.1328
14.324	2.4757
14.364	2.2479
14.404	2.4238
14.444	2.1255
14.484	2.4642
14.525	2.3559
14.566	2.6722
14.607	2.4072
14.648	2.6553
14.690	2.0843
14.731	2.3278
14.773	2.1747
14.815	2.4464
14.858	2.0105
14.901	2.5343
14.944	2.2317
14.987	2.5475
15.030	2.2155
15.074	2.4439
15.118	2.0382
15.162	2.3233
15.206	2.1111
15.251	2.7216
15.296	2.3549
15.341	2.7732
15.387	0

