Name: Agave attenuata
Type: vegetation
Class: Shrub
Genus: Agave
Species: attenuata
Sample No.: JPL062
Owner: JPL
Wavelength Range: All
Origin: 34.12717; - 118.11108; WGS84
Collection Date: 2/2/2016
Description: Samples were collected at the Huntington Garden in San Marino California as part of a JPL Subcontract studying HyTES imagery. Samples were taken to JPL and processed within 48 hours of collection. The same leaves were processed in the Nicolet and then measured using the ASD.
Measurement: Bidirectional and directional hemispherical reflectance
First Column: X
Second Column: Y
X Units: Wavelength (micrometer)
Y Units: Reflectance (percentage)
First X Value: 0.35
Last X Value: 15.3869
Number of X Values: 3889
Additional Information: jpl.asdnicolet.vegetation.shrub.agave.attenuata.jpl062.ancillary.txt

 0.350	12.983
 0.351	11.015
 0.352	10.291
 0.353	10.359
 0.354	10.238
 0.355	10.294
 0.356	10.446
 0.357	10.700
 0.358	11.021
 0.359	10.729
 0.360	10.524
 0.361	10.605
 0.362	10.278
 0.363	10.636
 0.364	10.644
 0.365	9.6036
 0.366	10.145
 0.367	10.050
 0.368	9.3848
 0.369	9.7600
 0.370	10.082
 0.371	10.150
 0.372	9.9046
 0.373	9.2709
 0.374	9.0916
 0.375	9.5482
 0.376	10.267
 0.377	9.7488
 0.378	9.5690
 0.379	9.9411
 0.380	9.8502
 0.381	9.6973
 0.382	9.6390
 0.383	9.6675
 0.384	9.3871
 0.385	9.9198
 0.386	10.506
 0.387	10.051
 0.388	9.6336
 0.389	9.3834
 0.390	9.3535
 0.391	9.5616
 0.392	9.9205
 0.393	10.039
 0.394	9.7148
 0.395	9.2294
 0.396	9.5410
 0.397	10.045
 0.398	9.6384
 0.399	9.5119
 0.400	9.5823
 0.401	9.6260
 0.402	9.3990
 0.403	9.6534
 0.404	9.8578
 0.405	9.5499
 0.406	9.5445
 0.407	9.7225
 0.408	9.8024
 0.409	9.4973
 0.410	9.5730
 0.411	9.7099
 0.412	9.6398
 0.413	9.4168
 0.414	9.4090
 0.415	9.5615
 0.416	9.6704
 0.417	9.5991
 0.418	9.5167
 0.419	9.4820
 0.420	9.4419
 0.421	9.5771
 0.422	9.6724
 0.423	9.6037
 0.424	9.6349
 0.425	9.7588
 0.426	9.8280
 0.427	9.6861
 0.428	9.6528
 0.429	9.7352
 0.430	9.8400
 0.431	9.7905
 0.432	9.7113
 0.433	9.7010
 0.434	9.7830
 0.435	9.7410
 0.436	9.7332
 0.437	9.7883
 0.438	9.8349
 0.439	9.8766
 0.440	9.8754
 0.441	9.8274
 0.442	9.8064
 0.443	9.8320
 0.444	9.8794
 0.445	9.9010
 0.446	9.8504
 0.447	9.8463
 0.448	9.9108
 0.449	9.9409
 0.450	9.9179
 0.451	9.8606
 0.452	9.8201
 0.453	9.9192
 0.454	9.9526
 0.455	9.9262
 0.456	9.9716
 0.457	9.9961
 0.458	9.9757
 0.459	9.9427
 0.460	10.028
 0.461	9.9802
 0.462	9.8900
 0.463	9.9244
 0.464	9.9768
 0.465	9.9606
 0.466	9.8982
 0.467	9.9166
 0.468	9.9471
 0.469	9.9865
 0.470	10.014
 0.471	9.9142
 0.472	9.8633
 0.473	9.9040
 0.474	9.9850
 0.475	9.9613
 0.476	9.9548
 0.477	10.015
 0.478	10.032
 0.479	10.014
 0.480	9.9911
 0.481	9.9952
 0.482	10.002
 0.483	9.9752
 0.484	9.9357
 0.485	9.9534
 0.486	9.9657
 0.487	9.9693
 0.488	9.9762
 0.489	10.008
 0.490	10.045
 0.491	10.068
 0.492	10.071
 0.493	10.116
 0.494	10.168
 0.495	10.195
 0.496	10.184
 0.497	10.215
 0.498	10.269
 0.499	10.307
 0.500	10.355
 0.501	10.433
 0.502	10.528
 0.503	10.603
 0.504	10.705
 0.505	10.809
 0.506	10.907
 0.507	11.050
 0.508	11.239
 0.509	11.422
 0.510	11.551
 0.511	11.762
 0.512	11.985
 0.513	12.192
 0.514	12.436
 0.515	12.709
 0.516	13.000
 0.517	13.291
 0.518	13.559
 0.519	13.852
 0.520	14.186
 0.521	14.549
 0.522	14.897
 0.523	15.236
 0.524	15.574
 0.525	15.898
 0.526	16.218
 0.527	16.522
 0.528	16.797
 0.529	17.056
 0.530	17.315
 0.531	17.566
 0.532	17.766
 0.533	17.923
 0.534	18.073
 0.535	18.233
 0.536	18.344
 0.537	18.454
 0.538	18.559
 0.539	18.620
 0.540	18.670
 0.541	18.727
 0.542	18.792
 0.543	18.826
 0.544	18.870
 0.545	18.933
 0.546	19.007
 0.547	19.035
 0.548	19.059
 0.549	19.103
 0.550	19.157
 0.551	19.175
 0.552	19.160
 0.553	19.133
 0.554	19.124
 0.555	19.092
 0.556	19.022
 0.557	18.923
 0.558	18.840
 0.559	18.730
 0.560	18.574
 0.561	18.429
 0.562	18.267
 0.563	18.104
 0.564	17.956
 0.565	17.765
 0.566	17.558
 0.567	17.351
 0.568	17.136
 0.569	16.924
 0.570	16.699
 0.571	16.460
 0.572	16.276
 0.573	16.079
 0.574	15.866
 0.575	15.683
 0.576	15.531
 0.577	15.373
 0.578	15.198
 0.579	15.065
 0.580	14.947
 0.581	14.838
 0.582	14.735
 0.583	14.627
 0.584	14.515
 0.585	14.410
 0.586	14.335
 0.587	14.243
 0.588	14.147
 0.589	14.067
 0.590	13.999
 0.591	13.935
 0.592	13.868
 0.593	13.798
 0.594	13.776
 0.595	13.758
 0.596	13.716
 0.597	13.659
 0.598	13.601
 0.599	13.555
 0.600	13.526
 0.601	13.482
 0.602	13.431
 0.603	13.376
 0.604	13.306
 0.605	13.228
 0.606	13.150
 0.607	13.073
 0.608	12.985
 0.609	12.883
 0.610	12.756
 0.611	12.606
 0.612	12.506
 0.613	12.441
 0.614	12.381
 0.615	12.279
 0.616	12.172
 0.617	12.078
 0.618	12.007
 0.619	11.937
 0.620	11.873
 0.621	11.819
 0.622	11.774
 0.623	11.731
 0.624	11.692
 0.625	11.664
 0.626	11.650
 0.627	11.644
 0.628	11.635
 0.629	11.617
 0.630	11.616
 0.631	11.591
 0.632	11.548
 0.633	11.551
 0.634	11.520
 0.635	11.463
 0.636	11.400
 0.637	11.351
 0.638	11.271
 0.639	11.162
 0.640	11.052
 0.641	10.977
 0.642	10.886
 0.643	10.766
 0.644	10.677
 0.645	10.593
 0.646	10.499
 0.647	10.391
 0.648	10.317
 0.649	10.266
 0.650	10.220
 0.651	10.165
 0.652	10.158
 0.653	10.148
 0.654	10.102
 0.655	10.073
 0.656	10.035
 0.657	9.9906
 0.658	9.9505
 0.659	9.9055
 0.660	9.8569
 0.661	9.8043
 0.662	9.7451
 0.663	9.7012
 0.664	9.6715
 0.665	9.6498
 0.666	9.6341
 0.667	9.6069
 0.668	9.5888
 0.669	9.6121
 0.670	9.6337
 0.671	9.6537
 0.672	9.6803
 0.673	9.7253
 0.674	9.7842
 0.675	9.8414
 0.676	9.8913
 0.677	9.9717
 0.678	10.067
 0.679	10.165
 0.680	10.255
 0.681	10.348
 0.682	10.461
 0.683	10.595
 0.684	10.715
 0.685	10.846
 0.686	11.000
 0.687	11.187
 0.688	11.408
 0.689	11.685
 0.690	12.030
 0.691	12.448
 0.692	12.963
 0.693	13.585
 0.694	14.314
 0.695	15.143
 0.696	16.070
 0.697	17.081
 0.698	18.160
 0.699	19.313
 0.700	20.524
 0.701	21.775
 0.702	23.046
 0.703	24.342
 0.704	25.650
 0.705	26.966
 0.706	28.305
 0.707	29.643
 0.708	30.974
 0.709	32.309
 0.710	33.646
 0.711	34.991
 0.712	36.342
 0.713	37.689
 0.714	39.047
 0.715	40.401
 0.716	41.736
 0.717	43.069
 0.718	44.405
 0.719	45.727
 0.720	47.015
 0.721	48.282
 0.722	49.517
 0.723	50.711
 0.724	51.863
 0.725	52.947
 0.726	54.010
 0.727	55.072
 0.728	56.059
 0.729	56.972
 0.730	57.825
 0.731	58.635
 0.732	59.370
 0.733	60.064
 0.734	60.738
 0.735	61.395
 0.736	61.959
 0.737	62.485
 0.738	63.012
 0.739	63.463
 0.740	63.880
 0.741	64.272
 0.742	64.633
 0.743	64.953
 0.744	65.262
 0.745	65.550
 0.746	65.768
 0.747	65.953
 0.748	66.119
 0.749	66.270
 0.750	66.387
 0.751	66.494
 0.752	66.578
 0.753	66.636
 0.754	66.738
 0.755	66.803
 0.756	66.823
 0.757	66.854
 0.758	66.904
 0.759	66.941
 0.760	66.952
 0.761	66.974
 0.762	67.000
 0.763	67.001
 0.764	66.963
 0.765	66.959
 0.766	66.954
 0.767	66.939
 0.768	66.923
 0.769	66.937
 0.770	66.937
 0.771	66.910
 0.772	66.890
 0.773	66.865
 0.774	66.853
 0.775	66.865
 0.776	66.853
 0.777	66.832
 0.778	66.818
 0.779	66.825
 0.780	66.858
 0.781	66.875
 0.782	66.859
 0.783	66.829
 0.784	66.843
 0.785	66.876
 0.786	66.889
 0.787	66.854
 0.788	66.866
 0.789	66.890
 0.790	66.874
 0.791	66.884
 0.792	66.919
 0.793	66.941
 0.794	66.906
 0.795	66.913
 0.796	66.924
 0.797	66.924
 0.798	66.955
 0.799	66.961
 0.800	66.943
 0.801	66.923
 0.802	66.941
 0.803	66.942
 0.804	66.922
 0.805	66.905
 0.806	66.912
 0.807	66.922
 0.808	66.916
 0.809	66.890
 0.810	66.862
 0.811	66.845
 0.812	66.839
 0.813	66.831
 0.814	66.796
 0.815	66.759
 0.816	66.743
 0.817	66.731
 0.818	66.711
 0.819	66.676
 0.820	66.627
 0.821	66.593
 0.822	66.557
 0.823	66.506
 0.824	66.444
 0.825	66.380
 0.826	66.314
 0.827	66.236
 0.828	66.124
 0.829	66.055
 0.830	65.998
 0.831	65.912
 0.832	65.818
 0.833	65.729
 0.834	65.669
 0.835	65.647
 0.836	65.612
 0.837	65.547
 0.838	65.487
 0.839	65.488
 0.840	65.477
 0.841	65.443
 0.842	65.403
 0.843	65.396
 0.844	65.396
 0.845	65.394
 0.846	65.380
 0.847	65.335
 0.848	65.301
 0.849	65.275
 0.850	65.249
 0.851	65.265
 0.852	65.252
 0.853	65.224
 0.854	65.234
 0.855	65.221
 0.856	65.211
 0.857	65.206
 0.858	65.188
 0.859	65.213
 0.860	65.222
 0.861	65.185
 0.862	65.146
 0.863	65.158
 0.864	65.172
 0.865	65.145
 0.866	65.133
 0.867	65.113
 0.868	65.099
 0.869	65.104
 0.870	65.112
 0.871	65.080
 0.872	65.030
 0.873	65.013
 0.874	65.014
 0.875	65.016
 0.876	65.003
 0.877	64.968
 0.878	64.956
 0.879	64.925
 0.880	64.877
 0.881	64.886
 0.882	64.860
 0.883	64.817
 0.884	64.785
 0.885	64.759
 0.886	64.738
 0.887	64.715
 0.888	64.686
 0.889	64.645
 0.890	64.633
 0.891	64.618
 0.892	64.557
 0.893	64.521
 0.894	64.505
 0.895	64.483
 0.896	64.426
 0.897	64.439
 0.898	64.414
 0.899	64.355
 0.900	64.365
 0.901	64.346
 0.902	64.302
 0.903	64.255
 0.904	64.219
 0.905	64.195
 0.906	64.159
 0.907	64.103
 0.908	64.053
 0.909	64.000
 0.910	63.932
 0.911	63.854
 0.912	63.811
 0.913	63.768
 0.914	63.706
 0.915	63.621
 0.916	63.537
 0.917	63.424
 0.918	63.296
 0.919	63.180
 0.920	63.106
 0.921	62.966
 0.922	62.773
 0.923	62.606
 0.924	62.461
 0.925	62.297
 0.926	62.097
 0.927	61.876
 0.928	61.668
 0.929	61.439
 0.930	61.173
 0.931	60.887
 0.932	60.679
 0.933	60.423
 0.934	60.103
 0.935	59.852
 0.936	59.543
 0.937	59.223
 0.938	58.925
 0.939	58.621
 0.940	58.349
 0.941	58.042
 0.942	57.675
 0.943	57.334
 0.944	56.958
 0.945	56.582
 0.946	56.217
 0.947	55.778
 0.948	55.360
 0.949	54.885
 0.950	54.325
 0.951	53.872
 0.952	53.445
 0.953	52.967
 0.954	52.434
 0.955	52.055
 0.956	51.699
 0.957	51.286
 0.958	50.828
 0.959	50.556
 0.960	50.300
 0.961	50.054
 0.962	49.861
 0.963	49.700
 0.964	49.603
 0.965	49.498
 0.966	49.325
 0.967	49.202
 0.968	49.081
 0.969	49.007
 0.970	49.017
 0.971	48.967
 0.972	48.885
 0.973	48.827
 0.974	48.834
 0.975	48.858
 0.976	48.795
 0.977	48.714
 0.978	48.734
 0.979	48.777
 0.980	48.810
 0.981	48.837
 0.982	48.879
 0.983	48.923
 0.984	48.956
 0.985	48.989
 0.986	49.059
 0.987	49.243
 0.988	49.287
 0.989	49.244
 0.990	49.311
 0.991	49.480
 0.992	49.628
 0.993	49.730
 0.994	49.812
 0.995	49.811
 0.996	49.896
 0.997	50.106
 0.998	50.364
 0.999	50.472
 1.000	50.474
 1.001	51.050
 1.002	51.210
 1.003	51.363
 1.004	51.554
 1.005	51.752
 1.006	51.892
 1.007	52.053
 1.008	52.219
 1.009	52.391
 1.010	52.551
 1.011	52.714
 1.012	52.877
 1.013	53.018
 1.014	53.192
 1.015	53.401
 1.016	53.581
 1.017	53.775
 1.018	53.956
 1.019	54.139
 1.020	54.344
 1.021	54.518
 1.022	54.695
 1.023	54.888
 1.024	55.073
 1.025	55.272
 1.026	55.520
 1.027	55.704
 1.028	55.838
 1.029	56.006
 1.030	56.153
 1.031	56.333
 1.032	56.559
 1.033	56.769
 1.034	56.973
 1.035	57.148
 1.036	57.271
 1.037	57.418
 1.038	57.558
 1.039	57.679
 1.040	57.814
 1.041	57.960
 1.042	58.106
 1.043	58.256
 1.044	58.399
 1.045	58.556
 1.046	58.687
 1.047	58.779
 1.048	58.904
 1.049	59.051
 1.050	59.171
 1.051	59.286
 1.052	59.421
 1.053	59.520
 1.054	59.579
 1.055	59.660
 1.056	59.738
 1.057	59.816
 1.058	59.888
 1.059	59.973
 1.060	60.083
 1.061	60.154
 1.062	60.217
 1.063	60.268
 1.064	60.284
 1.065	60.308
 1.066	60.316
 1.067	60.345
 1.068	60.382
 1.069	60.432
 1.070	60.448
 1.071	60.471
 1.072	60.473
 1.073	60.440
 1.074	60.421
 1.075	60.415
 1.076	60.385
 1.077	60.333
 1.078	60.289
 1.079	60.244
 1.080	60.189
 1.081	60.132
 1.082	60.069
 1.083	60.003
 1.084	59.921
 1.085	59.816
 1.086	59.732
 1.087	59.636
 1.088	59.527
 1.089	59.424
 1.090	59.331
 1.091	59.225
 1.092	59.109
 1.093	59.001
 1.094	58.892
 1.095	58.786
 1.096	58.686
 1.097	58.584
 1.098	58.490
 1.099	58.383
 1.100	58.282
 1.101	58.160
 1.102	58.011
 1.103	57.874
 1.104	57.734
 1.105	57.589
 1.106	57.469
 1.107	57.376
 1.108	57.253
 1.109	57.135
 1.110	57.001
 1.111	56.846
 1.112	56.701
 1.113	56.559
 1.114	56.408
 1.115	56.253
 1.116	56.089
 1.117	55.924
 1.118	55.745
 1.119	55.553
 1.120	55.373
 1.121	55.153
 1.122	54.901
 1.123	54.619
 1.124	54.300
 1.125	53.973
 1.126	53.632
 1.127	53.252
 1.128	52.857
 1.129	52.415
 1.130	51.933
 1.131	51.422
 1.132	50.883
 1.133	50.305
 1.134	49.691
 1.135	49.051
 1.136	48.369
 1.137	47.666
 1.138	46.971
 1.139	46.278
 1.140	45.609
 1.141	44.946
 1.142	44.280
 1.143	43.633
 1.144	43.022
 1.145	42.425
 1.146	41.866
 1.147	41.339
 1.148	40.842
 1.149	40.361
 1.150	39.934
 1.151	39.554
 1.152	39.198
 1.153	38.877
 1.154	38.587
 1.155	38.330
 1.156	38.093
 1.157	37.892
 1.158	37.717
 1.159	37.545
 1.160	37.397
 1.161	37.270
 1.162	37.161
 1.163	37.073
 1.164	37.000
 1.165	36.924
 1.166	36.855
 1.167	36.789
 1.168	36.720
 1.169	36.665
 1.170	36.628
 1.171	36.581
 1.172	36.538
 1.173	36.498
 1.174	36.455
 1.175	36.411
 1.176	36.381
 1.177	36.346
 1.178	36.305
 1.179	36.270
 1.180	36.228
 1.181	36.175
 1.182	36.130
 1.183	36.087
 1.184	36.050
 1.185	36.016
 1.186	35.980
 1.187	35.944
 1.188	35.906
 1.189	35.865
 1.190	35.830
 1.191	35.796
 1.192	35.767
 1.193	35.743
 1.194	35.726
 1.195	35.714
 1.196	35.706
 1.197	35.709
 1.198	35.701
 1.199	35.695
 1.200	35.694
 1.201	35.689
 1.202	35.704
 1.203	35.732
 1.204	35.758
 1.205	35.782
 1.206	35.797
 1.207	35.817
 1.208	35.851
 1.209	35.887
 1.210	35.922
 1.211	35.956
 1.212	35.982
 1.213	36.012
 1.214	36.047
 1.215	36.086
 1.216	36.126
 1.217	36.163
 1.218	36.217
 1.219	36.258
 1.220	36.298
 1.221	36.351
 1.222	36.391
 1.223	36.437
 1.224	36.489
 1.225	36.539
 1.226	36.588
 1.227	36.632
 1.228	36.672
 1.229	36.711
 1.230	36.753
 1.231	36.794
 1.232	36.842
 1.233	36.896
 1.234	36.946
 1.235	36.996
 1.236	37.046
 1.237	37.098
 1.238	37.144
 1.239	37.184
 1.240	37.226
 1.241	37.271
 1.242	37.321
 1.243	37.379
 1.244	37.427
 1.245	37.466
 1.246	37.502
 1.247	37.535
 1.248	37.574
 1.249	37.625
 1.250	37.660
 1.251	37.686
 1.252	37.722
 1.253	37.741
 1.254	37.769
 1.255	37.806
 1.256	37.826
 1.257	37.849
 1.258	37.876
 1.259	37.897
 1.260	37.917
 1.261	37.932
 1.262	37.945
 1.263	37.949
 1.264	37.950
 1.265	37.953
 1.266	37.956
 1.267	37.950
 1.268	37.943
 1.269	37.929
 1.270	37.906
 1.271	37.894
 1.272	37.875
 1.273	37.851
 1.274	37.828
 1.275	37.792
 1.276	37.749
 1.277	37.695
 1.278	37.636
 1.279	37.575
 1.280	37.506
 1.281	37.440
 1.282	37.362
 1.283	37.268
 1.284	37.178
 1.285	37.078
 1.286	36.976
 1.287	36.875
 1.288	36.779
 1.289	36.667
 1.290	36.550
 1.291	36.435
 1.292	36.308
 1.293	36.176
 1.294	36.045
 1.295	35.903
 1.296	35.752
 1.297	35.600
 1.298	35.434
 1.299	35.259
 1.300	35.092
 1.301	34.915
 1.302	34.736
 1.303	34.550
 1.304	34.343
 1.305	34.134
 1.306	33.923
 1.307	33.707
 1.308	33.495
 1.309	33.283
 1.310	33.068
 1.311	32.853
 1.312	32.633
 1.313	32.395
 1.314	32.153
 1.315	31.897
 1.316	31.646
 1.317	31.392
 1.318	31.141
 1.319	30.887
 1.320	30.631
 1.321	30.367
 1.322	30.103
 1.323	29.845
 1.324	29.582
 1.325	29.317
 1.326	29.054
 1.327	28.799
 1.328	28.539
 1.329	28.278
 1.330	28.025
 1.331	27.762
 1.332	27.500
 1.333	27.246
 1.334	26.996
 1.335	26.752
 1.336	26.507
 1.337	26.273
 1.338	26.046
 1.339	25.821
 1.340	25.607
 1.341	25.402
 1.342	25.197
 1.343	24.996
 1.344	24.801
 1.345	24.608
 1.346	24.414
 1.347	24.231
 1.348	24.052
 1.349	23.875
 1.350	23.704
 1.351	23.538
 1.352	23.373
 1.353	23.222
 1.354	23.071
 1.355	22.916
 1.356	22.765
 1.357	22.607
 1.358	22.448
 1.359	22.290
 1.360	22.129
 1.361	21.960
 1.362	21.787
 1.363	21.612
 1.364	21.424
 1.365	21.227
 1.366	21.029
 1.367	20.814
 1.368	20.587
 1.369	20.354
 1.370	20.103
 1.371	19.845
 1.372	19.586
 1.373	19.312
 1.374	19.021
 1.375	18.723
 1.376	18.405
 1.377	18.070
 1.378	17.729
 1.379	17.377
 1.380	17.014
 1.381	16.645
 1.382	16.275
 1.383	15.898
 1.384	15.526
 1.385	15.152
 1.386	14.785
 1.387	14.416
 1.388	14.063
 1.389	13.717
 1.390	13.382
 1.391	13.064
 1.392	12.757
 1.393	12.459
 1.394	12.178
 1.395	11.908
 1.396	11.656
 1.397	11.426
 1.398	11.214
 1.399	11.022
 1.400	10.847
 1.401	10.680
 1.402	10.521
 1.403	10.372
 1.404	10.234
 1.405	10.109
 1.406	10.002
 1.407	9.9072
 1.408	9.8207
 1.409	9.7438
 1.410	9.6701
 1.411	9.5952
 1.412	9.5294
 1.413	9.4685
 1.414	9.4096
 1.415	9.3603
 1.416	9.3175
 1.417	9.2767
 1.418	9.2386
 1.419	9.2045
 1.420	9.1690
 1.421	9.1345
 1.422	9.1050
 1.423	9.0770
 1.424	9.0549
 1.425	9.0320
 1.426	9.0097
 1.427	8.9891
 1.428	8.9694
 1.429	8.9504
 1.430	8.9316
 1.431	8.9178
 1.432	8.9076
 1.433	8.8972
 1.434	8.8928
 1.435	8.8832
 1.436	8.8708
 1.437	8.8574
 1.438	8.8461
 1.439	8.8364
 1.440	8.8288
 1.441	8.8251
 1.442	8.8203
 1.443	8.8131
 1.444	8.8059
 1.445	8.8011
 1.446	8.7986
 1.447	8.7976
 1.448	8.7996
 1.449	8.7988
 1.450	8.7944
 1.451	8.7913
 1.452	8.7904
 1.453	8.7890
 1.454	8.7872
 1.455	8.7894
 1.456	8.7896
 1.457	8.7888
 1.458	8.7912
 1.459	8.7924
 1.460	8.7954
 1.461	8.7971
 1.462	8.8003
 1.463	8.8098
 1.464	8.8220
 1.465	8.8372
 1.466	8.8530
 1.467	8.8677
 1.468	8.8795
 1.469	8.8926
 1.470	8.9086
 1.471	8.9208
 1.472	8.9321
 1.473	8.9460
 1.474	8.9595
 1.475	8.9766
 1.476	8.9951
 1.477	9.0101
 1.478	9.0288
 1.479	9.0511
 1.480	9.0746
 1.481	9.1015
 1.482	9.1274
 1.483	9.1480
 1.484	9.1688
 1.485	9.1912
 1.486	9.2130
 1.487	9.2395
 1.488	9.2671
 1.489	9.2941
 1.490	9.3223
 1.491	9.3519
 1.492	9.3813
 1.493	9.4117
 1.494	9.4409
 1.495	9.4687
 1.496	9.4994
 1.497	9.5301
 1.498	9.5629
 1.499	9.5997
 1.500	9.6337
 1.501	9.6659
 1.502	9.7010
 1.503	9.7373
 1.504	9.7741
 1.505	9.8132
 1.506	9.8515
 1.507	9.8884
 1.508	9.9267
 1.509	9.9666
 1.510	10.005
 1.511	10.042
 1.512	10.081
 1.513	10.122
 1.514	10.165
 1.515	10.209
 1.516	10.252
 1.517	10.296
 1.518	10.337
 1.519	10.379
 1.520	10.426
 1.521	10.468
 1.522	10.507
 1.523	10.548
 1.524	10.590
 1.525	10.631
 1.526	10.679
 1.527	10.728
 1.528	10.775
 1.529	10.823
 1.530	10.870
 1.531	10.917
 1.532	10.966
 1.533	11.015
 1.534	11.063
 1.535	11.114
 1.536	11.166
 1.537	11.218
 1.538	11.274
 1.539	11.329
 1.540	11.382
 1.541	11.433
 1.542	11.482
 1.543	11.533
 1.544	11.585
 1.545	11.637
 1.546	11.690
 1.547	11.744
 1.548	11.794
 1.549	11.850
 1.550	11.906
 1.551	11.958
 1.552	12.015
 1.553	12.067
 1.554	12.117
 1.555	12.171
 1.556	12.227
 1.557	12.286
 1.558	12.342
 1.559	12.398
 1.560	12.453
 1.561	12.503
 1.562	12.553
 1.563	12.610
 1.564	12.663
 1.565	12.716
 1.566	12.772
 1.567	12.828
 1.568	12.885
 1.569	12.941
 1.570	12.996
 1.571	13.047
 1.572	13.094
 1.573	13.141
 1.574	13.190
 1.575	13.240
 1.576	13.294
 1.577	13.348
 1.578	13.400
 1.579	13.459
 1.580	13.512
 1.581	13.559
 1.582	13.608
 1.583	13.653
 1.584	13.700
 1.585	13.753
 1.586	13.806
 1.587	13.853
 1.588	13.900
 1.589	13.943
 1.590	13.990
 1.591	14.044
 1.592	14.096
 1.593	14.147
 1.594	14.199
 1.595	14.244
 1.596	14.287
 1.597	14.329
 1.598	14.370
 1.599	14.412
 1.600	14.456
 1.601	14.501
 1.602	14.550
 1.603	14.597
 1.604	14.640
 1.605	14.686
 1.606	14.726
 1.607	14.767
 1.608	14.810
 1.609	14.850
 1.610	14.889
 1.611	14.926
 1.612	14.956
 1.613	14.988
 1.614	15.022
 1.615	15.057
 1.616	15.098
 1.617	15.140
 1.618	15.183
 1.619	15.221
 1.620	15.256
 1.621	15.290
 1.622	15.320
 1.623	15.349
 1.624	15.387
 1.625	15.426
 1.626	15.460
 1.627	15.496
 1.628	15.523
 1.629	15.552
 1.630	15.580
 1.631	15.611
 1.632	15.648
 1.633	15.679
 1.634	15.709
 1.635	15.739
 1.636	15.764
 1.637	15.795
 1.638	15.830
 1.639	15.864
 1.640	15.901
 1.641	15.932
 1.642	15.967
 1.643	15.990
 1.644	15.999
 1.645	16.023
 1.646	16.041
 1.647	16.066
 1.648	16.095
 1.649	16.117
 1.650	16.135
 1.651	16.159
 1.652	16.180
 1.653	16.196
 1.654	16.216
 1.655	16.235
 1.656	16.251
 1.657	16.269
 1.658	16.292
 1.659	16.311
 1.660	16.328
 1.661	16.343
 1.662	16.350
 1.663	16.362
 1.664	16.374
 1.665	16.383
 1.666	16.400
 1.667	16.409
 1.668	16.418
 1.669	16.429
 1.670	16.433
 1.671	16.444
 1.672	16.452
 1.673	16.461
 1.674	16.473
 1.675	16.474
 1.676	16.469
 1.677	16.460
 1.678	16.447
 1.679	16.443
 1.680	16.449
 1.681	16.456
 1.682	16.459
 1.683	16.449
 1.684	16.435
 1.685	16.423
 1.686	16.410
 1.687	16.405
 1.688	16.403
 1.689	16.391
 1.690	16.381
 1.691	16.368
 1.692	16.356
 1.693	16.350
 1.694	16.335
 1.695	16.315
 1.696	16.297
 1.697	16.276
 1.698	16.254
 1.699	16.234
 1.700	16.214
 1.701	16.192
 1.702	16.170
 1.703	16.150
 1.704	16.129
 1.705	16.105
 1.706	16.082
 1.707	16.058
 1.708	16.033
 1.709	16.004
 1.710	15.980
 1.711	15.960
 1.712	15.936
 1.713	15.909
 1.714	15.861
 1.715	15.816
 1.716	15.777
 1.717	15.738
 1.718	15.711
 1.719	15.688
 1.720	15.647
 1.721	15.606
 1.722	15.570
 1.723	15.527
 1.724	15.487
 1.725	15.448
 1.726	15.400
 1.727	15.354
 1.728	15.312
 1.729	15.273
 1.730	15.238
 1.731	15.197
 1.732	15.150
 1.733	15.110
 1.734	15.073
 1.735	15.033
 1.736	14.996
 1.737	14.956
 1.738	14.911
 1.739	14.864
 1.740	14.814
 1.741	14.769
 1.742	14.726
 1.743	14.679
 1.744	14.636
 1.745	14.584
 1.746	14.520
 1.747	14.469
 1.748	14.421
 1.749	14.374
 1.750	14.334
 1.751	14.283
 1.752	14.228
 1.753	14.172
 1.754	14.110
 1.755	14.055
 1.756	13.999
 1.757	13.947
 1.758	13.898
 1.759	13.845
 1.760	13.796
 1.761	13.745
 1.762	13.695
 1.763	13.650
 1.764	13.604
 1.765	13.552
 1.766	13.513
 1.767	13.485
 1.768	13.453
 1.769	13.430
 1.770	13.399
 1.771	13.357
 1.772	13.324
 1.773	13.297
 1.774	13.268
 1.775	13.241
 1.776	13.213
 1.777	13.183
 1.778	13.159
 1.779	13.138
 1.780	13.122
 1.781	13.114
 1.782	13.099
 1.783	13.088
 1.784	13.070
 1.785	13.044
 1.786	13.027
 1.787	13.008
 1.788	13.010
 1.789	13.014
 1.790	13.021
 1.791	13.020
 1.792	13.000
 1.793	12.990
 1.794	12.975
 1.795	12.971
 1.796	12.979
 1.797	12.986
 1.798	13.004
 1.799	13.012
 1.800	13.015
 1.801	13.020
 1.802	13.022
 1.803	13.025
 1.804	13.031
 1.805	13.037
 1.806	13.044
 1.807	13.045
 1.808	13.042
 1.809	13.041
 1.810	13.036
 1.811	13.033
 1.812	13.033
 1.813	13.042
 1.814	13.043
 1.815	13.044
 1.816	13.048
 1.817	13.036
 1.818	13.021
 1.819	13.019
 1.820	13.019
 1.821	13.034
 1.822	13.034
 1.823	13.032
 1.824	13.012
 1.825	12.962
 1.826	12.943
 1.827	12.927
 1.828	12.923
 1.829	12.954
 1.830	12.953
 1.831	13.214
 1.832	13.199
 1.833	13.196
 1.834	13.173
 1.835	13.153
 1.836	13.139
 1.837	13.112
 1.838	13.087
 1.839	13.042
 1.840	12.963
 1.841	12.907
 1.842	12.849
 1.843	12.800
 1.844	12.759
 1.845	12.707
 1.846	12.627
 1.847	12.555
 1.848	12.483
 1.849	12.403
 1.850	12.331
 1.851	12.274
 1.852	12.188
 1.853	12.094
 1.854	12.020
 1.855	11.924
 1.856	11.832
 1.857	11.738
 1.858	11.622
 1.859	11.511
 1.860	11.398
 1.861	11.279
 1.862	11.160
 1.863	11.037
 1.864	10.905
 1.865	10.787
 1.866	10.641
 1.867	10.497
 1.868	10.379
 1.869	10.227
 1.870	10.098
 1.871	9.9877
 1.872	9.8899
 1.873	9.7508
 1.874	9.6314
 1.875	9.5044
 1.876	9.3706
 1.877	9.2705
 1.878	9.1820
 1.879	9.1034
 1.880	9.0234
 1.881	8.9478
 1.882	8.8734
 1.883	8.7991
 1.884	8.7214
 1.885	8.6579
 1.886	8.5970
 1.887	8.5469
 1.888	8.5089
 1.889	8.4617
 1.890	8.4045
 1.891	8.3587
 1.892	8.3135
 1.893	8.2704
 1.894	8.2431
 1.895	8.2267
 1.896	8.2066
 1.897	8.1914
 1.898	8.1530
 1.899	8.1236
 1.900	8.0969
 1.901	8.0585
 1.902	8.0351
 1.903	8.0245
 1.904	8.0140
 1.905	8.0097
 1.906	8.0115
 1.907	8.0118
 1.908	8.0091
 1.909	8.0100
 1.910	7.9989
 1.911	7.9875
 1.912	7.9725
 1.913	7.9642
 1.914	7.9470
 1.915	7.9505
 1.916	7.9686
 1.917	7.9629
 1.918	7.9548
 1.919	7.9408
 1.920	7.9171
 1.921	7.9046
 1.922	7.9018
 1.923	7.9142
 1.924	7.9222
 1.925	7.9387
 1.926	7.9506
 1.927	7.9475
 1.928	7.9364
 1.929	7.9208
 1.930	7.9142
 1.931	7.9165
 1.932	7.9228
 1.933	7.9213
 1.934	7.9104
 1.935	7.9040
 1.936	7.8956
 1.937	7.8948
 1.938	7.8980
 1.939	7.9062
 1.940	7.9192
 1.941	7.9266
 1.942	7.9264
 1.943	7.9317
 1.944	7.9379
 1.945	7.9423
 1.946	7.9435
 1.947	7.9457
 1.948	7.9525
 1.949	7.9569
 1.950	7.9638
 1.951	7.9828
 1.952	8.0041
 1.953	8.0072
 1.954	7.9968
 1.955	7.9918
 1.956	7.9690
 1.957	7.9692
 1.958	7.9898
 1.959	7.9948
 1.960	8.0008
 1.961	8.0036
 1.962	7.9902
 1.963	7.9925
 1.964	8.0032
 1.965	8.0171
 1.966	8.0336
 1.967	8.0351
 1.968	8.0343
 1.969	8.0202
 1.970	8.0218
 1.971	8.0214
 1.972	8.0279
 1.973	8.0511
 1.974	8.0646
 1.975	8.0608
 1.976	8.0849
 1.977	8.1121
 1.978	8.1227
 1.979	8.1303
 1.980	8.1362
 1.981	8.1389
 1.982	8.1279
 1.983	8.1249
 1.984	8.1244
 1.985	8.1292
 1.986	8.1316
 1.987	8.1456
 1.988	8.1582
 1.989	8.1778
 1.990	8.1869
 1.991	8.1894
 1.992	8.2008
 1.993	8.2201
 1.994	8.2249
 1.995	8.2270
 1.996	8.2293
 1.997	8.2136
 1.998	8.2164
 1.999	8.2313
 2.000	8.2476
 2.001	8.2617
 2.002	8.2676
 2.003	8.2747
 2.004	8.2828
 2.005	8.2901
 2.006	8.3031
 2.007	8.3125
 2.008	8.3078
 2.009	8.3213
 2.010	8.3510
 2.011	8.3733
 2.012	8.4047
 2.013	8.4314
 2.014	8.4406
 2.015	8.4229
 2.016	8.4170
 2.017	8.4175
 2.018	8.4216
 2.019	8.4459
 2.020	8.4489
 2.021	8.4366
 2.022	8.4371
 2.023	8.4366
 2.024	8.4357
 2.025	8.4379
 2.026	8.4442
 2.027	8.4515
 2.028	8.4520
 2.029	8.4703
 2.030	8.4978
 2.031	8.5199
 2.032	8.5484
 2.033	8.5666
 2.034	8.5854
 2.035	8.5915
 2.036	8.5862
 2.037	8.5824
 2.038	8.5604
 2.039	8.5548
 2.040	8.5487
 2.041	8.5545
 2.042	8.5687
 2.043	8.6043
 2.044	8.6286
 2.045	8.6673
 2.046	8.6852
 2.047	8.6897
 2.048	8.7002
 2.049	8.6997
 2.050	8.7088
 2.051	8.7289
 2.052	8.7400
 2.053	8.7442
 2.054	8.7556
 2.055	8.7686
 2.056	8.7824
 2.057	8.7848
 2.058	8.8035
 2.059	8.8155
 2.060	8.8205
 2.061	8.8265
 2.062	8.8446
 2.063	8.8436
 2.064	8.8179
 2.065	8.8187
 2.066	8.8238
 2.067	8.8295
 2.068	8.8519
 2.069	8.8692
 2.070	8.8817
 2.071	8.8958
 2.072	8.9140
 2.073	8.9323
 2.074	8.9455
 2.075	8.9505
 2.076	8.9661
 2.077	8.9850
 2.078	9.0006
 2.079	9.0249
 2.080	9.0388
 2.081	9.0420
 2.082	9.0527
 2.083	9.0650
 2.084	9.0723
 2.085	9.0715
 2.086	9.0828
 2.087	9.0930
 2.088	9.1195
 2.089	9.1281
 2.090	9.1431
 2.091	9.1481
 2.092	9.1270
 2.093	9.1342
 2.094	9.1581
 2.095	9.1744
 2.096	9.2020
 2.097	9.2188
 2.098	9.2274
 2.099	9.2373
 2.100	9.2383
 2.101	9.2491
 2.102	9.2697
 2.103	9.2831
 2.104	9.2959
 2.105	9.3115
 2.106	9.3254
 2.107	9.3347
 2.108	9.3428
 2.109	9.3501
 2.110	9.3633
 2.111	9.3719
 2.112	9.3873
 2.113	9.4137
 2.114	9.4364
 2.115	9.4491
 2.116	9.4808
 2.117	9.5415
 2.118	9.5721
 2.119	9.5983
 2.120	9.6191
 2.121	9.6139
 2.122	9.6138
 2.123	9.6221
 2.124	9.6445
 2.125	9.6497
 2.126	9.6482
 2.127	9.6492
 2.128	9.6393
 2.129	9.6441
 2.130	9.6605
 2.131	9.6683
 2.132	9.6787
 2.133	9.6864
 2.134	9.6848
 2.135	9.6929
 2.136	9.7079
 2.137	9.7190
 2.138	9.7268
 2.139	9.7440
 2.140	9.7646
 2.141	9.7892
 2.142	9.8117
 2.143	9.8507
 2.144	9.8568
 2.145	9.8424
 2.146	9.8403
 2.147	9.8232
 2.148	9.8201
 2.149	9.8218
 2.150	9.8366
 2.151	9.8686
 2.152	9.8831
 2.153	9.9069
 2.154	9.9185
 2.155	9.9137
 2.156	9.9067
 2.157	9.8877
 2.158	9.8825
 2.159	9.8801
 2.160	9.8705
 2.161	9.8741
 2.162	9.8853
 2.163	9.9003
 2.164	9.9139
 2.165	9.9337
 2.166	9.9685
 2.167	9.9928
 2.168	10.025
 2.169	10.028
 2.170	10.016
 2.171	10.006
 2.172	9.9585
 2.173	9.9519
 2.174	9.9895
 2.175	9.9864
 2.176	9.9746
 2.177	9.9665
 2.178	9.9220
 2.179	9.9058
 2.180	9.9235
 2.181	9.9278
 2.182	9.9245
 2.183	9.9360
 2.184	9.9489
 2.185	9.9611
 2.186	9.9745
 2.187	10.000
 2.188	10.013
 2.189	10.012
 2.190	10.024
 2.191	10.045
 2.192	10.049
 2.193	10.049
 2.194	10.046
 2.195	10.020
 2.196	10.013
 2.197	10.022
 2.198	10.017
 2.199	10.010
 2.200	10.001
 2.201	9.9767
 2.202	9.9678
 2.203	9.9786
 2.204	9.9771
 2.205	9.9794
 2.206	9.9697
 2.207	9.9711
 2.208	9.9662
 2.209	9.9624
 2.210	9.9626
 2.211	9.9752
 2.212	9.9870
 2.213	10.005
 2.214	10.053
 2.215	10.069
 2.216	10.075
 2.217	10.070
 2.218	10.049
 2.219	10.027
 2.220	9.9851
 2.221	9.9617
 2.222	9.9467
 2.223	9.9292
 2.224	9.9182
 2.225	9.9078
 2.226	9.8872
 2.227	9.8826
 2.228	9.8873
 2.229	9.8991
 2.230	9.9289
 2.231	9.9619
 2.232	9.9638
 2.233	9.9467
 2.234	9.9239
 2.235	9.8614
 2.236	9.8403
 2.237	9.8280
 2.238	9.8337
 2.239	9.8648
 2.240	9.8781
 2.241	9.9104
 2.242	9.9106
 2.243	9.8813
 2.244	9.8667
 2.245	9.8449
 2.246	9.8248
 2.247	9.8023
 2.248	9.7973
 2.249	9.8072
 2.250	9.7958
 2.251	9.7689
 2.252	9.7755
 2.253	9.7922
 2.254	9.7991
 2.255	9.8453
 2.256	9.8616
 2.257	9.8453
 2.258	9.8267
 2.259	9.7893
 2.260	9.7685
 2.261	9.7358
 2.262	9.7221
 2.263	9.7320
 2.264	9.7528
 2.265	9.7867
 2.266	9.7851
 2.267	9.7705
 2.268	9.7393
 2.269	9.7172
 2.270	9.6648
 2.271	9.6580
 2.272	9.6871
 2.273	9.6822
 2.274	9.6875
 2.275	9.6710
 2.276	9.6246
 2.277	9.5921
 2.278	9.5505
 2.279	9.5244
 2.280	9.4977
 2.281	9.4928
 2.282	9.5199
 2.283	9.5255
 2.284	9.5377
 2.285	9.5381
 2.286	9.5245
 2.287	9.5083
 2.288	9.4777
 2.289	9.4607
 2.290	9.4381
 2.291	9.4320
 2.292	9.4637
 2.293	9.4633
 2.294	9.4525
 2.295	9.4340
 2.296	9.3700
 2.297	9.3481
 2.298	9.3550
 2.299	9.3594
 2.300	9.3548
 2.301	9.3524
 2.302	9.3297
 2.303	9.2624
 2.304	9.2179
 2.305	9.2146
 2.306	9.1747
 2.307	9.1811
 2.308	9.2253
 2.309	9.2032
 2.310	9.2236
 2.311	9.2604
 2.312	9.2692
 2.313	9.2742
 2.314	9.2564
 2.315	9.2064
 2.316	9.1797
 2.317	9.1305
 2.318	9.1151
 2.319	9.1346
 2.320	9.1353
 2.321	9.1468
 2.322	9.1476
 2.323	9.1311
 2.324	9.1323
 2.325	9.1501
 2.326	9.1418
 2.327	9.1083
 2.328	9.1246
 2.329	9.1547
 2.330	9.1673
 2.331	9.2302
 2.332	9.2348
 2.333	9.1758
 2.334	9.1524
 2.335	9.1305
 2.336	9.1102
 2.337	9.0986
 2.338	9.0851
 2.339	9.0669
 2.340	9.0436
 2.341	9.0096
 2.342	8.9928
 2.343	8.9837
 2.344	8.9817
 2.345	9.0010
 2.346	9.0135
 2.347	9.0113
 2.348	9.0239
 2.349	9.0691
 2.350	9.0743
 2.351	9.0513
 2.352	9.0541
 2.353	9.0677
 2.354	9.0322
 2.355	9.0373
 2.356	9.0374
 2.357	8.9359
 2.358	8.8956
 2.359	8.8819
 2.360	8.8168
 2.361	8.8279
 2.362	8.8641
 2.363	8.8796
 2.364	8.8917
 2.365	8.8536
 2.366	8.8042
 2.367	8.7409
 2.368	8.7058
 2.369	8.7759
 2.370	8.8450
 2.371	8.8691
 2.372	8.9315
 2.373	8.9693
 2.374	8.9196
 2.375	8.8638
 2.376	8.8116
 2.377	8.7324
 2.378	8.7259
 2.379	8.7906
 2.380	8.8467
 2.381	8.9180
 2.382	8.9354
 2.383	8.8830
 2.384	8.8696
 2.385	8.8576
 2.386	8.8016
 2.387	8.8067
 2.388	8.7926
 2.389	8.7139
 2.390	8.6815
 2.391	8.6636
 2.392	8.6564
 2.393	8.6944
 2.394	8.7369
 2.395	8.7682
 2.396	8.7711
 2.397	8.7000
 2.398	8.6359
 2.399	8.6346
 2.400	8.6555
 2.401	8.7122
 2.402	8.7663
 2.403	8.7343
 2.404	8.7069
 2.405	8.7127
 2.406	8.6905
 2.407	8.6943
 2.408	8.6809
 2.409	8.6515
 2.410	8.6711
 2.411	8.6713
 2.412	8.6748
 2.413	8.6766
 2.414	8.5844
 2.415	8.5318
 2.416	8.5212
 2.417	8.5105
 2.418	8.5857
 2.419	8.6371
 2.420	8.6426
 2.421	8.6960
 2.422	8.7672
 2.423	8.7972
 2.424	8.8053
 2.425	8.7372
 2.426	8.6553
 2.427	8.5875
 2.428	8.4774
 2.429	8.4569
 2.430	8.3510
 2.431	8.2726
 2.432	8.3205
 2.433	8.2135
 2.434	8.2075
 2.435	8.2900
 2.436	8.3008
 2.437	8.3927
 2.438	8.4443
 2.439	8.4246
 2.440	8.4690
 2.441	8.5071
 2.442	8.5495
 2.443	8.5934
 2.444	8.5483
 2.445	8.5512
 2.446	8.5254
 2.447	8.3168
 2.448	8.2506
 2.449	8.3045
 2.450	8.3374
 2.451	8.5062
 2.452	8.5647
 2.453	8.5210
 2.454	8.6024
 2.455	8.7435
 2.456	8.9149
 2.457	9.0153
 2.458	8.8683
 2.459	8.7068
 2.460	8.6666
 2.461	8.5602
 2.462	8.5100
 2.463	8.5928
 2.464	8.6409
 2.465	8.6681
 2.466	8.7298
 2.467	8.6019
 2.468	8.4188
 2.469	8.3565
 2.470	8.3254
 2.471	8.4100
 2.472	8.4188
 2.473	8.3391
 2.474	8.3419
 2.475	8.4252
 2.476	8.4215
 2.477	8.4222
 2.478	8.4681
 2.479	8.4919
 2.480	8.4501
 2.481	8.3811
 2.482	8.3539
 2.483	8.2765
 2.484	8.2651
 2.485	8.4430
 2.486	8.4507
 2.487	8.2265
 2.488	8.0893
 2.489	8.0134
 2.490	8.0896
 2.491	8.2962
 2.492	8.3027
 2.493	8.3639
 2.494	8.3879
 2.495	8.2172
 2.496	8.2466
 2.497	8.3031
 2.498	8.2976
 2.499	8.3222
 2.500	8.4243
 2.500	3.0783
 2.501	3.1075
 2.503	3.1169
 2.504	3.1526
 2.505	3.1086
 2.506	3.0851
 2.507	3.0090
 2.509	2.9957
 2.510	3.0170
 2.511	3.0294
 2.512	3.0093
 2.514	3.0084
 2.515	2.9684
 2.516	2.9970
 2.517	3.0145
 2.518	3.0480
 2.520	3.0504
 2.521	3.0920
 2.522	3.0313
 2.523	3.0410
 2.525	2.9884
 2.526	2.9964
 2.527	3.0186
 2.528	3.0435
 2.530	3.0493
 2.531	3.0727
 2.532	3.0969
 2.533	3.0596
 2.534	2.9761
 2.536	3.0659
 2.537	3.0928
 2.538	3.0813
 2.539	3.0034
 2.541	3.0571
 2.542	3.0944
 2.543	3.1016
 2.544	3.0123
 2.546	3.0500
 2.547	3.0325
 2.548	3.0132
 2.549	3.0489
 2.551	3.0836
 2.552	2.9997
 2.553	3.0175
 2.554	3.1213
 2.556	3.1204
 2.557	2.9619
 2.558	2.9182
 2.559	2.9456
 2.561	3.0001
 2.562	2.9648
 2.563	3.0091
 2.565	3.0596
 2.566	3.0747
 2.567	3.0499
 2.568	3.0600
 2.570	2.9892
 2.571	2.9730
 2.572	2.9595
 2.573	2.9843
 2.575	2.9790
 2.576	3.0100
 2.577	3.0038
 2.579	3.0707
 2.580	3.0934
 2.581	3.0899
 2.582	3.0768
 2.584	3.0443
 2.585	2.9527
 2.586	2.9855
 2.588	2.9872
 2.589	3.0293
 2.590	3.0074
 2.591	3.0465
 2.593	3.0436
 2.594	2.9499
 2.595	2.8655
 2.597	3.0387
 2.598	3.1195
 2.599	3.0908
 2.601	3.0227
 2.602	3.0649
 2.603	3.0188
 2.604	2.9880
 2.606	2.9003
 2.607	2.9271
 2.608	2.9682
 2.610	2.9843
 2.611	2.9900
 2.612	3.0293
 2.614	3.0562
 2.615	3.0311
 2.616	2.9274
 2.618	2.9655
 2.619	2.9743
 2.620	2.9145
 2.622	2.8730
 2.623	2.9388
 2.624	2.9533
 2.626	2.9520
 2.627	2.8918
 2.628	2.9618
 2.630	2.9617
 2.631	2.8803
 2.632	2.8411
 2.634	2.9462
 2.635	2.9708
 2.636	2.9849
 2.638	2.9290
 2.639	2.9370
 2.640	2.9650
 2.642	2.9650
 2.643	2.9078
 2.644	2.9162
 2.646	2.9023
 2.647	2.9395
 2.648	2.9560
 2.650	3.0230
 2.651	2.9893
 2.652	2.9307
 2.654	2.9514
 2.655	3.0118
 2.657	2.9725
 2.658	2.9711
 2.659	2.9899
 2.661	2.9932
 2.662	2.9239
 2.663	2.8712
 2.665	2.8135
 2.666	2.8289
 2.667	2.8200
 2.669	2.8475
 2.670	2.8117
 2.672	2.8629
 2.673	2.9199
 2.674	2.9147
 2.676	2.8602
 2.677	2.8576
 2.678	2.8455
 2.680	2.8659
 2.681	2.9156
 2.683	2.9455
 2.684	2.8933
 2.685	2.9035
 2.687	2.8641
 2.688	2.8644
 2.690	2.8524
 2.691	2.9144
 2.692	2.9151
 2.694	2.8794
 2.695	2.8569
 2.697	2.8770
 2.698	2.8861
 2.699	2.9444
 2.701	2.8854
 2.702	2.8688
 2.704	2.8152
 2.705	2.8497
 2.706	2.8953
 2.708	2.9455
 2.709	2.8899
 2.711	2.8354
 2.712	2.8610
 2.713	2.9859
 2.715	2.9642
 2.716	2.9075
 2.718	2.8418
 2.719	2.8624
 2.721	2.7946
 2.722	2.7577
 2.723	2.8166
 2.725	2.8927
 2.726	2.8300
 2.728	2.8992
 2.729	2.9577
 2.731	2.9666
 2.732	2.9077
 2.734	2.9507
 2.735	2.9468
 2.736	2.9305
 2.738	2.8490
 2.739	2.8331
 2.741	2.7963
 2.742	2.8716
 2.744	2.9038
 2.745	2.9075
 2.747	2.8797
 2.748	2.9253
 2.749	2.8757
 2.751	2.8864
 2.752	2.8372
 2.754	2.8370
 2.755	2.7763
 2.757	2.8046
 2.758	2.8681
 2.760	2.8948
 2.761	2.8715
 2.763	2.8599
 2.764	2.8249
 2.766	2.8525
 2.767	2.8084
 2.769	2.7839
 2.770	2.8238
 2.772	2.9520
 2.773	2.9403
 2.774	2.9073
 2.776	2.8464
 2.777	2.9621
 2.779	2.9939
 2.780	2.9663
 2.782	2.9388
 2.783	2.9444
 2.785	2.8856
 2.786	2.8628
 2.788	2.8226
 2.789	2.8994
 2.791	2.9670
 2.792	3.0067
 2.794	2.9163
 2.795	2.8454
 2.797	2.8284
 2.798	2.8958
 2.800	2.9351
 2.801	2.8978
 2.803	2.7854
 2.804	2.8263
 2.806	2.8591
 2.808	2.8883
 2.809	2.8643
 2.811	2.9057
 2.812	2.8442
 2.814	2.7997
 2.815	2.8112
 2.817	2.9185
 2.818	2.9027
 2.820	2.9241
 2.821	2.9140
 2.823	2.9037
 2.824	2.9169
 2.826	2.9480
 2.827	2.8961
 2.829	2.9540
 2.831	2.9520
 2.832	2.9542
 2.834	2.9187
 2.835	2.9000
 2.837	2.8618
 2.838	2.9366
 2.840	2.9434
 2.841	2.9637
 2.843	2.9207
 2.844	2.9094
 2.846	2.8674
 2.848	2.8910
 2.849	2.8591
 2.851	2.8846
 2.852	2.8277
 2.854	2.8718
 2.855	2.9103
 2.857	2.9049
 2.859	2.8697
 2.860	2.8875
 2.862	2.8545
 2.863	2.8987
 2.865	2.9188
 2.866	2.9171
 2.868	2.9060
 2.870	2.8963
 2.871	2.8581
 2.873	2.9114
 2.874	2.8868
 2.876	2.8668
 2.878	2.8322
 2.879	2.8481
 2.881	2.7852
 2.882	2.7814
 2.884	2.8368
 2.886	2.9196
 2.887	2.8931
 2.889	2.8333
 2.890	2.7525
 2.892	2.8344
 2.894	2.8362
 2.895	2.8707
 2.897	2.8768
 2.899	2.8892
 2.900	2.8961
 2.902	2.9118
 2.903	2.8766
 2.905	2.9122
 2.907	2.8410
 2.908	2.8780
 2.910	2.8488
 2.912	2.8399
 2.913	2.7987
 2.915	2.8548
 2.916	2.8872
 2.918	2.9677
 2.920	2.8966
 2.921	2.8325
 2.923	2.8743
 2.925	2.9367
 2.926	2.9384
 2.928	2.9410
 2.930	2.8486
 2.931	2.8570
 2.933	2.8363
 2.935	2.8814
 2.936	2.8642
 2.938	2.8192
 2.940	2.7242
 2.941	2.7764
 2.943	2.7847
 2.945	2.7986
 2.946	2.8012
 2.948	2.8452
 2.950	2.8376
 2.951	2.8502
 2.953	2.8403
 2.955	2.8683
 2.956	2.8297
 2.958	2.8346
 2.960	2.8409
 2.961	2.8266
 2.963	2.7413
 2.965	2.7660
 2.967	2.7996
 2.968	2.8295
 2.970	2.7721
 2.972	2.8030
 2.973	2.8277
 2.975	2.7766
 2.977	2.6968
 2.978	2.7071
 2.980	2.7284
 2.982	2.7065
 2.984	2.6672
 2.985	2.7475
 2.987	2.7414
 2.989	2.7475
 2.990	2.7356
 2.992	2.7572
 2.994	2.7364
 2.996	2.7954
 2.997	2.7611
 2.999	2.7516
 3.001	2.7677
 3.003	2.7462
 3.004	2.7189
 3.006	2.7540
 3.008	2.7005
 3.010	2.7251
 3.011	2.7457
 3.013	2.7373
 3.015	2.6996
 3.017	2.7594
 3.018	2.6860
 3.020	2.7001
 3.022	2.6925
 3.024	2.7155
 3.025	2.724
 3.027	2.6985
 3.029	2.6959
 3.031	2.7393
 3.032	2.7077
 3.034	2.7187
 3.036	2.6861
 3.038	2.6742
 3.040	2.6274
 3.041	2.6554
 3.043	2.6557
 3.045	2.6695
 3.047	2.6782
 3.048	2.6855
 3.050	2.6927
 3.052	2.7509
 3.054	2.6909
 3.056	2.6637
 3.057	2.6612
 3.059	2.6597
 3.061	2.6900
 3.063	2.6858
 3.065	2.6134
 3.067	2.6587
 3.068	2.6723
 3.070	2.7141
 3.072	2.7047
 3.074	2.6965
 3.076	2.6518
 3.077	2.6649
 3.079	2.6241
 3.081	2.6358
 3.083	2.6120
 3.085	2.6766
 3.087	2.6439
 3.088	2.6330
 3.090	2.6045
 3.092	2.6267
 3.094	2.6388
 3.096	2.6670
 3.098	2.6255
 3.100	2.6108
 3.101	2.6154
 3.103	2.6460
 3.105	2.6393
 3.107	2.6474
 3.109	2.6160
 3.111	2.6524
 3.113	2.6623
 3.114	2.6675
 3.116	2.6611
 3.118	2.6906
 3.120	2.6391
 3.122	2.6239
 3.124	2.5459
 3.126	2.5779
 3.128	2.6326
 3.129	2.6625
 3.131	2.5946
 3.133	2.6151
 3.135	2.5787
 3.137	2.6049
 3.139	2.6279
 3.141	2.6117
 3.143	2.5618
 3.145	2.5425
 3.147	2.5275
 3.148	2.5420
 3.150	2.5938
 3.152	2.6337
 3.154	2.5626
 3.156	2.5197
 3.158	2.5118
 3.160	2.5330
 3.162	2.5035
 3.164	2.5280
 3.166	2.5659
 3.168	2.5914
 3.170	2.5300
 3.172	2.4843
 3.173	2.4610
 3.175	2.4876
 3.177	2.5309
 3.179	2.5837
 3.181	2.5403
 3.183	2.5247
 3.185	2.5010
 3.187	2.5108
 3.189	2.5047
 3.191	2.5188
 3.193	2.5218
 3.195	2.5390
 3.197	2.5146
 3.199	2.5450
 3.201	2.5144
 3.203	2.5115
 3.205	2.4773
 3.207	2.4848
 3.209	2.5069
 3.211	2.5414
 3.213	2.5122
 3.215	2.5092
 3.217	2.4534
 3.219	2.4529
 3.221	2.4789
 3.223	2.4864
 3.225	2.4700
 3.227	2.4750
 3.229	2.4558
 3.231	2.4643
 3.233	2.4451
 3.235	2.4966
 3.237	2.5045
 3.239	2.5292
 3.241	2.4925
 3.243	2.4633
 3.245	2.4394
 3.247	2.4945
 3.249	2.4973
 3.251	2.4486
 3.253	2.4066
 3.255	2.4486
 3.257	2.4462
 3.259	2.4240
 3.261	2.4142
 3.263	2.4429
 3.265	2.4345
 3.267	2.4568
 3.270	2.4562
 3.272	2.4687
 3.274	2.4019
 3.276	2.3647
 3.278	2.3567
 3.280	2.3865
 3.282	2.3758
 3.284	2.3874
 3.286	2.3522
 3.288	2.3867
 3.290	2.3790
 3.292	2.3622
 3.294	2.3957
 3.297	2.4151
 3.299	2.3724
 3.301	2.3767
 3.303	2.3480
 3.305	2.3512
 3.307	2.3294
 3.309	2.3671
 3.311	2.3705
 3.313	2.3253
 3.316	2.2641
 3.318	2.2896
 3.320	2.2790
 3.322	2.3050
 3.324	2.3239
 3.326	2.3193
 3.328	2.3043
 3.330	2.3432
 3.333	2.2981
 3.335	2.2703
 3.337	2.2711
 3.339	2.2780
 3.341	2.2539
 3.343	2.2221
 3.345	2.1813
 3.348	2.2060
 3.350	2.1839
 3.352	2.1858
 3.354	2.1353
 3.356	2.1399
 3.358	2.1355
 3.361	2.1750
 3.363	2.1179
 3.365	2.0949
 3.367	2.0427
 3.369	2.0176
 3.372	1.9947
 3.374	2.0235
 3.376	2.0134
 3.378	2.0075
 3.380	2.0567
 3.383	2.1237
 3.385	2.0650
 3.387	2.0280
 3.389	2.0065
 3.391	1.9483
 3.394	1.8851
 3.396	1.8991
 3.398	1.8727
 3.400	1.8171
 3.403	1.7270
 3.405	1.7197
 3.407	1.6778
 3.409	1.6739
 3.411	1.7050
 3.414	1.7602
 3.416	1.8542
 3.418	2.0605
 3.420	2.3232
 3.423	2.7271
 3.425	3.2079
 3.427	3.6994
 3.430	4.0510
 3.432	4.1796
 3.434	4.0645
 3.436	3.8721
 3.439	3.6627
 3.441	3.5275
 3.443	3.3877
 3.445	3.3388
 3.448	3.3068
 3.450	3.2431
 3.452	3.1668
 3.455	3.1792
 3.457	3.1510
 3.459	3.1572
 3.462	3.1410
 3.464	3.1037
 3.466	3.0486
 3.469	3.0558
 3.471	3.0038
 3.473	2.9489
 3.476	2.8687
 3.478	2.8681
 3.480	2.8177
 3.483	2.7923
 3.485	2.7732
 3.487	2.7462
 3.490	2.6401
 3.492	2.5734
 3.494	2.5021
 3.497	2.4383
 3.499	2.3787
 3.501	2.3831
 3.504	2.4119
 3.506	2.6266
 3.508	3.1784
 3.511	3.8704
 3.513	4.2246
 3.516	4.1897
 3.518	3.9796
 3.520	3.8490
 3.523	3.7150
 3.525	3.5991
 3.528	3.4759
 3.530	3.4098
 3.532	3.3639
 3.535	3.3460
 3.537	3.3251
 3.540	3.2910
 3.542	3.2409
 3.544	3.1922
 3.547	3.1524
 3.549	3.1938
 3.552	3.1728
 3.554	3.1298
 3.557	3.0992
 3.559	3.1080
 3.561	3.0708
 3.564	3.0704
 3.566	3.0544
 3.569	3.0246
 3.571	3.0231
 3.574	3.0401
 3.576	3.0229
 3.579	3.0208
 3.581	2.9830
 3.584	3.0098
 3.586	3.0250
 3.589	3.0264
 3.591	3.0132
 3.594	2.9622
 3.596	2.9289
 3.599	2.9597
 3.601	2.9772
 3.604	2.9893
 3.606	2.9543
 3.609	2.9539
 3.611	2.9225
 3.614	2.9013
 3.616	2.8829
 3.619	2.8941
 3.621	2.8818
 3.624	2.9017
 3.626	2.9044
 3.629	2.8643
 3.631	2.8496
 3.634	2.8963
 3.636	2.9021
 3.639	2.9072
 3.641	2.8891
 3.644	2.8760
 3.647	2.8674
 3.649	2.8755
 3.652	2.8671
 3.654	2.8649
 3.657	2.8341
 3.659	2.8132
 3.662	2.7597
 3.665	2.7909
 3.667	2.8134
 3.670	2.8449
 3.672	2.8390
 3.675	2.8194
 3.678	2.8039
 3.680	2.8181
 3.683	2.8315
 3.685	2.8793
 3.688	2.8505
 3.691	2.8265
 3.693	2.8083
 3.696	2.7791
 3.699	2.7703
 3.701	2.8132
 3.704	2.8018
 3.707	2.8250
 3.709	2.8204
 3.712	2.8022
 3.715	2.8165
 3.717	2.8655
 3.720	2.8122
 3.723	2.8045
 3.725	2.7943
 3.728	2.7909
 3.731	2.7714
 3.733	2.7709
 3.736	2.7725
 3.739	2.7842
 3.741	2.7844
 3.744	2.7823
 3.747	2.7335
 3.749	2.7415
 3.752	2.7562
 3.755	2.7879
 3.758	2.7877
 3.760	2.7895
 3.763	2.7974
 3.766	2.8204
 3.769	2.7941
 3.771	2.7766
 3.774	2.7815
 3.777	2.7889
 3.779	2.7559
 3.782	2.7805
 3.785	2.7838
 3.788	2.7721
 3.791	2.7557
 3.793	2.7129
 3.796	2.6880
 3.799	2.7383
 3.802	2.7660
 3.804	2.7832
 3.807	2.7432
 3.810	2.7088
 3.813	2.7188
 3.816	2.7489
 3.818	2.7415
 3.821	2.7397
 3.824	2.7184
 3.827	2.7233
 3.830	2.7404
 3.833	2.7562
 3.835	2.7077
 3.838	2.7107
 3.841	2.7327
 3.844	2.7186
 3.847	2.7052
 3.850	2.7484
 3.852	2.7491
 3.855	2.7318
 3.858	2.7180
 3.861	2.7466
 3.864	2.7331
 3.867	2.7315
 3.870	2.7324
 3.873	2.6960
 3.876	2.6597
 3.878	2.6662
 3.881	2.6694
 3.884	2.6935
 3.887	2.6972
 3.890	2.6898
 3.893	2.6826
 3.896	2.7163
 3.899	2.7368
 3.902	2.7480
 3.905	2.7137
 3.908	2.6969
 3.911	2.6858
 3.914	2.7145
 3.917	2.6863
 3.919	2.6811
 3.922	2.6996
 3.925	2.6791
 3.928	2.6695
 3.931	2.6990
 3.934	2.6581
 3.937	2.6338
 3.940	2.6240
 3.943	2.6194
 3.946	2.6339
 3.949	2.6709
 3.952	2.6829
 3.955	2.6916
 3.958	2.6780
 3.961	2.6544
 3.964	2.6564
 3.967	2.6909
 3.970	2.6572
 3.974	2.6641
 3.977	2.6712
 3.980	2.6806
 3.983	2.6936
 3.986	2.6871
 3.989	2.6539
 3.992	2.6453
 3.995	2.6412
 3.998	2.6384
 4.001	2.6168
 4.004	2.6344
 4.007	2.6220
 4.010	2.6387
 4.014	2.6544
 4.017	2.6527
 4.020	2.6319
 4.023	2.6294
 4.026	2.6404
 4.029	2.6564
 4.032	2.6265
 4.035	2.6576
 4.039	2.6677
 4.042	2.6472
 4.045	2.6265
 4.048	2.6309
 4.051	2.6546
 4.054	2.6890
 4.057	2.6632
 4.061	2.6139
 4.064	2.5856
 4.067	2.6271
 4.070	2.6478
 4.073	2.6508
 4.077	2.6528
 4.080	2.6857
 4.083	2.6674
 4.086	2.6458
 4.089	2.6425
 4.093	2.6138
 4.096	2.6048
 4.099	2.6176
 4.102	2.5996
 4.106	2.5868
 4.109	2.6186
 4.112	2.6359
 4.115	2.6102
 4.119	2.6160
 4.122	2.6079
 4.125	2.6040
 4.129	2.602
 4.132	2.6164
 4.135	2.6291
 4.138	2.6369
 4.142	2.5955
 4.145	2.5468
 4.148	2.5559
 4.152	2.6139
 4.155	2.6410
 4.158	2.6450
 4.162	2.6191
 4.165	2.5792
 4.168	2.5601
 4.172	2.5811
 4.175	2.5857
 4.178	2.5946
 4.182	2.5883
 4.185	2.5919
 4.189	2.5975
 4.192	2.5808
 4.195	2.5616
 4.199	2.6329
 4.202	2.6377
 4.206	2.6072
 4.209	2.6352
 4.212	2.6539
 4.216	2.6545
 4.219	2.7108
 4.223	2.7050
 4.226	2.5825
 4.230	2.5740
 4.233	2.6059
 4.236	2.5218
 4.240	2.5661
 4.243	2.5672
 4.247	2.5802
 4.250	2.6226
 4.254	2.6475
 4.257	2.6466
 4.261	2.6687
 4.264	2.6428
 4.268	2.5983
 4.271	2.6536
 4.275	2.6260
 4.278	2.5824
 4.282	2.6323
 4.285	2.6296
 4.289	2.6504
 4.293	2.6634
 4.296	2.6339
 4.300	2.5668
 4.303	2.5596
 4.307	2.6138
 4.310	2.6144
 4.314	2.5919
 4.318	2.5783
 4.321	2.5994
 4.325	2.6035
 4.328	2.5826
 4.332	2.5909
 4.336	2.5613
 4.339	2.5977
 4.343	2.6298
 4.347	2.6011
 4.350	2.6368
 4.354	2.6430
 4.358	2.5822
 4.361	2.5811
 4.365	2.5879
 4.369	2.5739
 4.372	2.5864
 4.376	2.5910
 4.380	2.6106
 4.383	2.6349
 4.387	2.6247
 4.391	2.6321
 4.394	2.6496
 4.398	2.6347
 4.402	2.5928
 4.406	2.5708
 4.409	2.5919
 4.413	2.6277
 4.417	2.6056
 4.421	2.5997
 4.424	2.6022
 4.428	2.6011
 4.432	2.6070
 4.436	2.5810
 4.440	2.5846
 4.443	2.5976
 4.447	2.5878
 4.451	2.5844
 4.455	2.6090
 4.459	2.5913
 4.463	2.5652
 4.466	2.5686
 4.470	2.6165
 4.474	2.6510
 4.478	2.6465
 4.482	2.6344
 4.486	2.6067
 4.490	2.5846
 4.493	2.5851
 4.497	2.6004
 4.501	2.5975
 4.505	2.5961
 4.509	2.5886
 4.513	2.6195
 4.517	2.6351
 4.521	2.6234
 4.525	2.6154
 4.529	2.6001
 4.533	2.6039
 4.537	2.6368
 4.541	2.6160
 4.545	2.5911
 4.549	2.5905
 4.553	2.5877
 4.557	2.5863
 4.561	2.6008
 4.565	2.6166
 4.569	2.6478
 4.573	2.6591
 4.577	2.6587
 4.581	2.6389
 4.585	2.6327
 4.589	2.6317
 4.593	2.5914
 4.597	2.5999
 4.601	2.6341
 4.605	2.6269
 4.609	2.6429
 4.613	2.6371
 4.617	2.6022
 4.622	2.6032
 4.626	2.6420
 4.630	2.6671
 4.634	2.6581
 4.638	2.6473
 4.642	2.6122
 4.646	2.5980
 4.651	2.6130
 4.655	2.6476
 4.659	2.6449
 4.663	2.6179
 4.667	2.6172
 4.672	2.6078
 4.676	2.6038
 4.680	2.6361
 4.684	2.6767
 4.688	2.6902
 4.693	2.6381
 4.697	2.6542
 4.701	2.6554
 4.705	2.6433
 4.710	2.6246
 4.714	2.6595
 4.718	2.7106
 4.723	2.7059
 4.727	2.6684
 4.731	2.6317
 4.736	2.6390
 4.740	2.6547
 4.744	2.6307
 4.749	2.6178
 4.753	2.6027
 4.757	2.6177
 4.762	2.6455
 4.766	2.6620
 4.770	2.6427
 4.775	2.6406
 4.779	2.6556
 4.784	2.6830
 4.788	2.6712
 4.792	2.6803
 4.797	2.6800
 4.801	2.6501
 4.806	2.6430
 4.810	2.6884
 4.815	2.6959
 4.819	2.6959
 4.824	2.6832
 4.828	2.6605
 4.833	2.6887
 4.837	2.7088
 4.842	2.6952
 4.846	2.7159
 4.851	2.7117
 4.855	2.6783
 4.860	2.6486
 4.864	2.6645
 4.869	2.6646
 4.874	2.6935
 4.878	2.7189
 4.883	2.7189
 4.887	2.6865
 4.892	2.6890
 4.897	2.6943
 4.901	2.7047
 4.906	2.7085
 4.910	2.7217
 4.915	2.7171
 4.920	2.6890
 4.924	2.6389
 4.929	2.6626
 4.934	2.6897
 4.939	2.6595
 4.943	2.6556
 4.948	2.6493
 4.953	2.6490
 4.957	2.6922
 4.962	2.7114
 4.967	2.7281
 4.972	2.7132
 4.976	2.7179
 4.981	2.6847
 4.986	2.7077
 4.991	2.7331
 4.996	2.7017
 5.000	2.6702
 5.005	2.6925
 5.010	2.7076
 5.015	2.7304
 5.020	2.7038
 5.025	2.6846
 5.030	2.6736
 5.034	2.7320
 5.039	2.7546
 5.044	2.7417
 5.049	2.7084
 5.054	2.7044
 5.059	2.7078
 5.064	2.7043
 5.069	2.6971
 5.074	2.7086
 5.079	2.7130
 5.084	2.7273
 5.089	2.7254
 5.094	2.7070
 5.099	2.6792
 5.104	2.7157
 5.109	2.7334
 5.114	2.7230
 5.119	2.7164
 5.124	2.7469
 5.129	2.7116
 5.134	2.6837
 5.139	2.6924
 5.144	2.7284
 5.149	2.7712
 5.155	2.7870
 5.160	2.7531
 5.165	2.7422
 5.170	2.7071
 5.175	2.6999
 5.180	2.7052
 5.185	2.7070
 5.191	2.6929
 5.196	2.6968
 5.201	2.6868
 5.206	2.6874
 5.211	2.6871
 5.217	2.6988
 5.222	2.7190
 5.227	2.7329
 5.233	2.6942
 5.238	2.7104
 5.243	2.7221
 5.248	2.7243
 5.254	2.7307
 5.259	2.7530
 5.264	2.7215
 5.270	2.6945
 5.275	2.6895
 5.280	2.7186
 5.286	2.7201
 5.291	2.7018
 5.297	2.7180
 5.302	2.7326
 5.308	2.7257
 5.313	2.7356
 5.318	2.7192
 5.324	2.7377
 5.329	2.7563
 5.335	2.7642
 5.340	2.7034
 5.346	2.6897
 5.351	2.6774
 5.357	2.7297
 5.362	2.7408
 5.368	2.7236
 5.374	2.7120
 5.379	2.7202
 5.385	2.7027
 5.390	2.7030
 5.396	2.6963
 5.401	2.7202
 5.407	2.7046
 5.413	2.7033
 5.418	2.6960
 5.424	2.6759
 5.430	2.6553
 5.435	2.6476
 5.441	2.6547
 5.447	2.6732
 5.453	2.6417
 5.458	2.6359
 5.464	2.6155
 5.470	2.6507
 5.476	2.6582
 5.481	2.6793
 5.487	2.6914
 5.493	2.6982
 5.499	2.6921
 5.505	2.7015
 5.511	2.6701
 5.516	2.6635
 5.522	2.6555
 5.528	2.6570
 5.534	2.6379
 5.540	2.6314
 5.546	2.6240
 5.552	2.6290
 5.558	2.6171
 5.564	2.6659
 5.570	2.6578
 5.576	2.5882
 5.582	2.5568
 5.588	2.6234
 5.594	2.6549
 5.600	2.6519
 5.606	2.5863
 5.612	2.5859
 5.618	2.5703
 5.624	2.5950
 5.630	2.5893
 5.636	2.5685
 5.642	2.5075
 5.649	2.5530
 5.655	2.5591
 5.661	2.5738
 5.667	2.5634
 5.673	2.5316
 5.680	2.5205
 5.686	2.5328
 5.692	2.4707
 5.698	2.4365
 5.705	2.4110
 5.711	2.3833
 5.717	2.3256
 5.723	2.3465
 5.730	2.3327
 5.736	2.2790
 5.742	2.2219
 5.749	2.2487
 5.755	2.2748
 5.762	2.2460
 5.768	2.2239
 5.774	2.3332
 5.781	2.3735
 5.787	2.4236
 5.794	2.4392
 5.800	2.4988
 5.807	2.5291
 5.813	2.5383
 5.820	2.4911
 5.826	2.5156
 5.833	2.5561
 5.839	2.6110
 5.846	2.6626
 5.853	2.7057
 5.859	2.6531
 5.866	2.6686
 5.873	2.7116
 5.879	2.6788
 5.886	2.6675
 5.893	2.7208
 5.899	2.6969
 5.906	2.7586
 5.913	2.7815
 5.919	2.7881
 5.926	2.7488
 5.933	2.7068
 5.940	2.6865
 5.947	2.7791
 5.953	2.7739
 5.960	2.7810
 5.967	2.6977
 5.974	2.6853
 5.981	2.6821
 5.988	2.6945
 5.995	2.6616
 6.002	2.6829
 6.009	2.6383
 6.016	2.6299
 6.023	2.6602
 6.030	2.6977
 6.037	2.6267
 6.044	2.5020
 6.051	2.4112
 6.058	2.5294
 6.065	2.5309
 6.072	2.4983
 6.079	2.4580
 6.086	2.5075
 6.093	2.5216
 6.101	2.5305
 6.108	2.4737
 6.115	2.4868
 6.122	2.4850
 6.129	2.5449
 6.137	2.5162
 6.144	2.5281
 6.151	2.5185
 6.158	2.5245
 6.166	2.5260
 6.173	2.5054
 6.180	2.4234
 6.188	2.4244
 6.195	2.4814
 6.203	2.5617
 6.210	2.5358
 6.218	2.5601
 6.225	2.5219
 6.232	2.4850
 6.240	2.4477
 6.248	2.5520
 6.255	2.5611
 6.263	2.5531
 6.270	2.5052
 6.278	2.5188
 6.285	2.4945
 6.293	2.5345
 6.301	2.5514
 6.308	2.5757
 6.316	2.5689
 6.324	2.5883
 6.331	2.5780
 6.339	2.5381
 6.347	2.4076
 6.355	2.4856
 6.362	2.5337
 6.370	2.5444
 6.378	2.5184
 6.386	2.5550
 6.394	2.5847
 6.402	2.6026
 6.410	2.4513
 6.418	2.4470
 6.426	2.5197
 6.434	2.5765
 6.442	2.5844
 6.450	2.6006
 6.458	2.5986
 6.466	2.6165
 6.474	2.5435
 6.482	2.5064
 6.490	2.4433
 6.498	2.4920
 6.506	2.5470
 6.514	2.5721
 6.523	2.5060
 6.531	2.5736
 6.539	2.5451
 6.547	2.5524
 6.556	2.5284
 6.564	2.5007
 6.572	2.4335
 6.580	2.5055
 6.589	2.4848
 6.597	2.4969
 6.606	2.4587
 6.614	2.4574
 6.623	2.4216
 6.631	2.4079
 6.639	2.3576
 6.648	2.4288
 6.657	2.4323
 6.665	2.4877
 6.674	2.4762
 6.682	2.4758
 6.691	2.4260
 6.700	2.4505
 6.708	2.3941
 6.717	2.4005
 6.726	2.3721
 6.734	2.3941
 6.743	2.3672
 6.752	2.3478
 6.761	2.3156
 6.769	2.3118
 6.778	2.2343
 6.787	2.4125
 6.796	2.5424
 6.805	2.5437
 6.814	2.4552
 6.823	2.4351
 6.832	2.6608
 6.841	3.0313
 6.850	2.9559
 6.859	2.7233
 6.868	2.6083
 6.877	2.7026
 6.886	2.6984
 6.896	2.6958
 6.905	2.6183
 6.914	2.6366
 6.923	2.5869
 6.932	2.6069
 6.942	2.5806
 6.951	2.6055
 6.960	2.5496
 6.970	2.5714
 6.979	2.5136
 6.988	2.5339
 6.998	2.4692
 7.007	2.4712
 7.017	2.4650
 7.026	2.5194
 7.036	2.4508
 7.045	2.4459
 7.055	2.5238
 7.065	2.6260
 7.074	2.5806
 7.084	2.5821
 7.094	2.5576
 7.103	2.6357
 7.113	2.5721
 7.123	2.5520
 7.133	2.5478
 7.142	2.6051
 7.152	2.5361
 7.162	2.5626
 7.172	2.4902
 7.182	2.4982
 7.192	2.4493
 7.202	2.4750
 7.212	2.4631
 7.222	2.4909
 7.232	2.4275
 7.242	2.4644
 7.252	2.4525
 7.262	2.4733
 7.273	2.4509
 7.283	2.5088
 7.293	2.4520
 7.303	2.4714
 7.314	2.4523
 7.324	2.4776
 7.334	2.4535
 7.345	2.5064
 7.355	2.4684
 7.366	2.4683
 7.376	2.4467
 7.387	2.5047
 7.397	2.4630
 7.408	2.4875
 7.418	2.4663
 7.429	2.4749
 7.440	2.4262
 7.450	2.4376
 7.461	2.3668
 7.472	2.3719
 7.483	2.3293
 7.493	2.3762
 7.504	2.3451
 7.515	2.3905
 7.526	2.3991
 7.537	2.4640
 7.548	2.4237
 7.559	2.4456
 7.570	2.3984
 7.581	2.4373
 7.592	2.4018
 7.603	2.3861
 7.614	2.3927
 7.626	2.4660
 7.637	2.4100
 7.648	2.3962
 7.659	2.3630
 7.671	2.4372
 7.682	2.4304
 7.694	2.4284
 7.705	2.3378
 7.716	2.3543
 7.728	2.3474
 7.739	2.4339
 7.751	2.3763
 7.763	2.3603
 7.774	2.3435
 7.786	2.4056
 7.798	2.3511
 7.809	2.3999
 7.821	2.3708
 7.833	2.3688
 7.845	2.3282
 7.857	2.3876
 7.869	2.3544
 7.881	2.3974
 7.893	2.3560
 7.905	2.3808
 7.917	2.3405
 7.929	2.3846
 7.941	2.3340
 7.953	2.3634
 7.965	2.3408
 7.978	2.3855
 7.990	2.3398
 8.002	2.3339
 8.015	2.2767
 8.027	2.3744
 8.039	2.3399
 8.052	2.3484
 8.064	2.2762
 8.077	2.3852
 8.090	2.3838
 8.102	2.4152
 8.115	2.3731
 8.128	2.4051
 8.140	2.3843
 8.153	2.4906
 8.166	2.3954
 8.179	2.4417
 8.192	2.4173
 8.205	2.4265
 8.218	2.2681
 8.231	2.3160
 8.244	2.3091
 8.257	2.3691
 8.270	2.3014
 8.283	2.4069
 8.297	2.3221
 8.310	2.3166
 8.323	2.1888
 8.337	2.1909
 8.350	2.1520
 8.364	2.2827
 8.377	2.2041
 8.391	2.2250
 8.404	2.1679
 8.418	2.1955
 8.432	2.1018
 8.445	2.0898
 8.459	2.0445
 8.473	2.1684
 8.487	2.0609
 8.501	2.0748
 8.515	2.0740
 8.529	2.2138
 8.543	2.1136
 8.557	2.1651
 8.571	2.1605
 8.585	2.3145
 8.599	2.2692
 8.614	2.2953
 8.628	2.3088
 8.642	2.4454
 8.657	2.3569
 8.671	2.4563
 8.686	2.4765
 8.700	2.6094
 8.715	2.5214
 8.730	2.5135
 8.744	2.4963
 8.759	2.6421
 8.774	2.5468
 8.789	2.5660
 8.804	2.5172
 8.819	2.5851
 8.834	2.4532
 8.849	2.4950
 8.864	2.4191
 8.879	2.5132
 8.894	2.4976
 8.910	2.6078
 8.925	2.5688
 8.940	2.7179
 8.956	2.6888
 8.971	2.8243
 8.987	2.7513
 9.002	2.8144
 9.018	2.8492
 9.034	2.9985
 9.050	2.9231
 9.065	2.9812
 9.081	2.9338
 9.097	3.0026
 9.113	2.9280
 9.129	2.9544
 9.145	2.7917
 9.162	2.8454
 9.178	2.7873
 9.194	2.8900
 9.210	2.8570
 9.227	2.8640
 9.243	2.7912
 9.260	3.0068
 9.276	2.9636
 9.293	3.0090
 9.310	2.9505
 9.326	3.0456
 9.343	2.9845
 9.360	3.0619
 9.377	2.9777
 9.394	3.0537
 9.411	3.0440
 9.428	3.1812
 9.445	3.1014
 9.462	3.1685
 9.480	3.0890
 9.497	3.1721
 9.515	3.1526
 9.532	3.2580
 9.550	3.1059
 9.567	3.1577
 9.585	3.0862
 9.603	3.2101
 9.620	3.1958
 9.638	3.3502
 9.656	3.2898
 9.674	3.4052
 9.692	3.3547
 9.711	3.3918
 9.729	3.3315
 9.747	3.4632
 9.765	3.3858
 9.784	3.4407
 9.802	3.3612
 9.821	3.5006
 9.839	3.4786
 9.858	3.5726
 9.877	3.4202
 9.896	3.5134
 9.915	3.3953
 9.934	3.3577
 9.953	3.2439
 9.972	3.3588
 9.991	3.2965
10.010	3.2554
10.030	3.0491
10.049	3.0498
10.069	2.9327
10.088	2.9959
10.108	2.9012
10.128	2.9471
10.148	2.8898
10.167	2.8559
10.187	2.7243
10.207	2.8426
10.228	2.7026
10.248	2.7701
10.268	2.6760
10.289	2.7383
10.309	2.6865
10.330	2.7937
10.350	2.7289
10.371	2.8102
10.392	2.7307
10.412	2.8131
10.433	2.7599
10.454	2.8328
10.476	2.7288
10.497	2.7883
10.518	2.6759
10.539	2.6416
10.561	2.5393
10.582	2.6623
10.604	2.5724
10.626	2.6266
10.648	2.5286
10.670	2.6217
10.692	2.5338
10.714	2.5900
10.736	2.4694
10.758	2.5621
10.780	2.5161
10.803	2.6172
10.825	2.4726
10.848	2.5655
10.871	2.5494
10.894	2.6666
10.917	2.5907
10.940	2.7043
10.963	2.6078
10.986	2.6563
11.009	2.5762
11.033	2.7271
11.056	2.6572
11.080	2.7504
11.104	2.6379
11.127	2.7471
11.151	2.6551
11.175	2.7070
11.200	2.6005
11.224	2.6582
11.248	2.5539
11.273	2.6692
11.297	2.6584
11.322	2.8246
11.347	2.7715
11.372	2.8951
11.397	2.7837
11.422	2.9142
11.447	2.9258
11.472	3.0986
11.498	2.9352
11.523	3.0321
11.549	2.9402
11.575	3.0743
11.600	2.9796
11.626	3.1105
11.653	3.0260
11.679	3.1229
11.705	3.0348
11.732	3.1343
11.758	3.0506
11.785	3.1960
11.812	3.0911
11.839	3.1658
11.866	3.0791
11.893	3.2904
11.920	3.3259
11.948	3.4976
11.976	3.3742
12.003	3.4850
12.031	3.3966
12.059	3.5241
12.087	3.4398
12.115	3.6315
12.144	3.5766
12.172	3.6934
12.201	3.5656
12.230	3.7236
12.259	3.6494
12.288	3.8722
12.317	3.9212
12.346	4.1051
12.376	3.9809
12.405	4.1014
12.435	3.9625
12.465	4.0829
12.495	4.0624
12.525	4.3267
12.555	4.1658
12.586	4.2241
12.617	4.1133
12.647	4.3856
12.678	4.2735
12.709	4.3275
12.741	4.2136
12.772	4.4467
12.803	4.3600
12.835	4.5270
12.867	4.3716
12.899	4.5081
12.931	4.4586
12.964	4.5464
12.996	4.4079
13.029	4.6326
13.061	4.5645
13.094	4.7379
13.128	4.5380
13.161	4.6384
13.194	4.5041
13.228	4.7377
13.262	4.5640
13.296	4.5759
13.330	4.4304
13.364	4.6812
13.399	4.5280
13.434	4.6817
13.469	4.5551
13.504	4.7073
13.539	4.5725
13.574	4.7246
13.610	4.4544
13.646	4.6246
13.682	4.5005
13.718	4.7713
13.754	4.7207
13.791	4.9057
13.828	4.6930
13.865	4.9903
13.902	5.1536
13.939	5.4427
13.977	5.2912
14.015	5.4436
14.053	5.2310
14.091	5.4323
14.129	5.1475
14.168	5.3053
14.207	5.1084
14.246	5.4279
14.285	5.2439
14.324	5.4411
14.364	5.2404
14.404	5.4739
14.444	5.2335
14.484	5.2626
14.525	4.8740
14.566	5.2218
14.607	5.1054
14.648	5.4408
14.690	5.1724
14.731	5.2856
14.773	4.9359
14.815	5.1702
14.858	4.7662
14.901	5.1700
14.944	4.8211
14.987	5.0449
15.030	4.7546
15.074	5.0135
15.118	4.7682
15.162	5.0910
15.206	4.6588
15.251	5.1573
15.296	4.8777
15.341	5.2035
15.387	0

