Name: Agave attenuata
Type: vegetation
Class: Shrub
Genus: Agave
Species: attenuata
Sample No.: JPL063
Owner: JPL
Wavelength Range: All
Origin: 34.12717; - 118.11092; WGS84
Collection Date: 2/2/2016
Description: Samples were collected at the Huntington Garden in San Marino California as part of a JPL Subcontract studying HyTES imagery. Samples were taken to JPL and processed within 48 hours of collection. The same leaves were processed in the Nicolet and then measured using the ASD.
Measurement: Bidirectional and directional hemispherical reflectance
First Column: X
Second Column: Y
X Units: Wavelength (micrometer)
Y Units: Reflectance (percentage)
First X Value: 0.35
Last X Value: 15.3869
Number of X Values: 3889
Additional Information: jpl.asdnicolet.vegetation.shrub.agave.attenuata.jpl063.ancillary.txt

 0.350	7.0854
 0.351	6.3849
 0.352	6.5325
 0.353	6.2710
 0.354	5.1667
 0.355	6.0737
 0.356	6.6850
 0.357	6.8552
 0.358	7.2733
 0.359	6.5359
 0.360	6.0883
 0.361	6.5278
 0.362	6.8949
 0.363	6.8404
 0.364	6.1590
 0.365	5.1232
 0.366	5.5593
 0.367	6.0479
 0.368	6.0888
 0.369	5.9482
 0.370	6.3732
 0.371	6.7013
 0.372	6.4950
 0.373	6.0525
 0.374	6.1799
 0.375	6.5145
 0.376	6.5001
 0.377	6.7020
 0.378	6.6642
 0.379	6.4670
 0.380	6.6161
 0.381	6.5666
 0.382	6.2561
 0.383	5.9203
 0.384	6.2398
 0.385	6.2320
 0.386	6.3105
 0.387	7.0303
 0.388	6.6686
 0.389	6.4110
 0.390	6.5769
 0.391	6.4187
 0.392	6.4920
 0.393	6.5631
 0.394	6.4530
 0.395	6.4958
 0.396	6.7320
 0.397	6.8654
 0.398	6.5576
 0.399	6.3607
 0.400	6.4027
 0.401	6.5927
 0.402	6.6300
 0.403	6.6713
 0.404	6.6957
 0.405	6.6978
 0.406	6.8708
 0.407	7.0029
 0.408	7.0093
 0.409	6.9123
 0.410	6.7778
 0.411	6.8580
 0.412	7.1457
 0.413	7.1541
 0.414	7.1350
 0.415	7.1275
 0.416	7.1287
 0.417	7.2497
 0.418	7.3463
 0.419	7.3696
 0.420	7.3713
 0.421	7.3415
 0.422	7.4190
 0.423	7.6271
 0.424	7.6586
 0.425	7.6357
 0.426	7.6622
 0.427	7.7984
 0.428	7.8350
 0.429	7.8448
 0.430	7.8728
 0.431	7.8870
 0.432	7.9539
 0.433	7.9970
 0.434	7.9628
 0.435	8.0093
 0.436	8.0746
 0.437	8.1285
 0.438	8.1693
 0.439	8.2212
 0.440	8.2446
 0.441	8.2214
 0.442	8.1819
 0.443	8.3041
 0.444	8.4650
 0.445	8.4627
 0.446	8.4236
 0.447	8.3994
 0.448	8.4216
 0.449	8.5015
 0.450	8.5280
 0.451	8.5342
 0.452	8.5715
 0.453	8.6329
 0.454	8.6469
 0.455	8.6503
 0.456	8.7365
 0.457	8.8165
 0.458	8.8425
 0.459	8.8276
 0.460	8.8880
 0.461	8.9062
 0.462	8.8941
 0.463	8.8986
 0.464	8.9016
 0.465	8.9028
 0.466	8.9063
 0.467	8.9192
 0.468	8.9693
 0.469	8.9783
 0.470	8.9145
 0.471	8.9367
 0.472	8.9419
 0.473	8.9497
 0.474	9.0219
 0.475	8.9829
 0.476	8.9595
 0.477	9.0047
 0.478	9.0025
 0.479	9.0198
 0.480	9.0538
 0.481	9.0816
 0.482	9.0875
 0.483	9.0627
 0.484	9.0614
 0.485	9.1766
 0.486	9.1596
 0.487	9.1507
 0.488	9.2478
 0.489	9.2615
 0.490	9.2712
 0.491	9.2993
 0.492	9.3446
 0.493	9.4253
 0.494	9.4941
 0.495	9.5391
 0.496	9.6054
 0.497	9.7096
 0.498	9.8328
 0.499	9.9547
 0.500	10.105
 0.501	10.238
 0.502	10.357
 0.503	10.507
 0.504	10.690
 0.505	10.893
 0.506	11.105
 0.507	11.335
 0.508	11.592
 0.509	11.855
 0.510	12.100
 0.511	12.416
 0.512	12.762
 0.513	13.110
 0.514	13.459
 0.515	13.851
 0.516	14.268
 0.517	14.688
 0.518	15.128
 0.519	15.567
 0.520	16.019
 0.521	16.520
 0.522	16.982
 0.523	17.446
 0.524	17.933
 0.525	18.364
 0.526	18.802
 0.527	19.247
 0.528	19.667
 0.529	20.039
 0.530	20.396
 0.531	20.736
 0.532	21.014
 0.533	21.302
 0.534	21.572
 0.535	21.794
 0.536	22.021
 0.537	22.212
 0.538	22.374
 0.539	22.542
 0.540	22.693
 0.541	22.854
 0.542	23.031
 0.543	23.181
 0.544	23.290
 0.545	23.380
 0.546	23.474
 0.547	23.534
 0.548	23.588
 0.549	23.655
 0.550	23.728
 0.551	23.769
 0.552	23.789
 0.553	23.804
 0.554	23.801
 0.555	23.737
 0.556	23.626
 0.557	23.523
 0.558	23.385
 0.559	23.240
 0.560	23.103
 0.561	22.954
 0.562	22.784
 0.563	22.607
 0.564	22.440
 0.565	22.229
 0.566	22.018
 0.567	21.810
 0.568	21.553
 0.569	21.285
 0.570	21.020
 0.571	20.759
 0.572	20.476
 0.573	20.203
 0.574	19.945
 0.575	19.698
 0.576	19.470
 0.577	19.264
 0.578	19.074
 0.579	18.881
 0.580	18.699
 0.581	18.540
 0.582	18.404
 0.583	18.241
 0.584	18.101
 0.585	17.982
 0.586	17.830
 0.587	17.727
 0.588	17.641
 0.589	17.535
 0.590	17.426
 0.591	17.327
 0.592	17.253
 0.593	17.220
 0.594	17.169
 0.595	17.119
 0.596	17.078
 0.597	17.014
 0.598	16.976
 0.599	16.942
 0.600	16.875
 0.601	16.790
 0.602	16.713
 0.603	16.643
 0.604	16.555
 0.605	16.417
 0.606	16.264
 0.607	16.120
 0.608	15.959
 0.609	15.789
 0.610	15.628
 0.611	15.492
 0.612	15.313
 0.613	15.117
 0.614	14.926
 0.615	14.745
 0.616	14.582
 0.617	14.435
 0.618	14.301
 0.619	14.183
 0.620	14.079
 0.621	13.990
 0.622	13.913
 0.623	13.819
 0.624	13.741
 0.625	13.697
 0.626	13.656
 0.627	13.643
 0.628	13.637
 0.629	13.609
 0.630	13.588
 0.631	13.577
 0.632	13.564
 0.633	13.525
 0.634	13.494
 0.635	13.452
 0.636	13.377
 0.637	13.290
 0.638	13.193
 0.639	13.073
 0.640	12.920
 0.641	12.784
 0.642	12.640
 0.643	12.474
 0.644	12.310
 0.645	12.137
 0.646	11.969
 0.647	11.814
 0.648	11.641
 0.649	11.488
 0.650	11.367
 0.651	11.261
 0.652	11.165
 0.653	11.075
 0.654	10.981
 0.655	10.849
 0.656	10.715
 0.657	10.580
 0.658	10.433
 0.659	10.263
 0.660	10.090
 0.661	9.9257
 0.662	9.7659
 0.663	9.6171
 0.664	9.4692
 0.665	9.3198
 0.666	9.1974
 0.667	9.0997
 0.668	9.0241
 0.669	8.9665
 0.670	8.9164
 0.671	8.8833
 0.672	8.8699
 0.673	8.8667
 0.674	8.8815
 0.675	8.9024
 0.676	8.9218
 0.677	8.9628
 0.678	9.0162
 0.679	9.0854
 0.680	9.1805
 0.681	9.2822
 0.682	9.4126
 0.683	9.5842
 0.684	9.7836
 0.685	10.014
 0.686	10.312
 0.687	10.706
 0.688	11.159
 0.689	11.709
 0.690	12.373
 0.691	13.146
 0.692	14.049
 0.693	15.080
 0.694	16.228
 0.695	17.470
 0.696	18.799
 0.697	20.204
 0.698	21.670
 0.699	23.183
 0.700	24.730
 0.701	26.292
 0.702	27.843
 0.703	29.395
 0.704	30.930
 0.705	32.440
 0.706	33.943
 0.707	35.425
 0.708	36.881
 0.709	38.318
 0.710	39.726
 0.711	41.125
 0.712	42.514
 0.713	43.871
 0.714	45.226
 0.715	46.564
 0.716	47.872
 0.717	49.162
 0.718	50.428
 0.719	51.670
 0.720	52.885
 0.721	54.047
 0.722	55.188
 0.723	56.302
 0.724	57.343
 0.725	58.332
 0.726	59.276
 0.727	60.178
 0.728	61.034
 0.729	61.826
 0.730	62.562
 0.731	63.254
 0.732	63.893
 0.733	64.469
 0.734	64.992
 0.735	65.498
 0.736	65.971
 0.737	66.411
 0.738	66.822
 0.739	67.211
 0.740	67.561
 0.741	67.877
 0.742	68.171
 0.743	68.450
 0.744	68.703
 0.745	68.919
 0.746	69.097
 0.747	69.263
 0.748	69.411
 0.749	69.536
 0.750	69.657
 0.751	69.759
 0.752	69.845
 0.753	69.921
 0.754	69.978
 0.755	70.031
 0.756	70.079
 0.757	70.102
 0.758	70.142
 0.759	70.181
 0.760	70.212
 0.761	70.250
 0.762	70.260
 0.763	70.266
 0.764	70.293
 0.765	70.280
 0.766	70.288
 0.767	70.304
 0.768	70.279
 0.769	70.302
 0.770	70.312
 0.771	70.296
 0.772	70.332
 0.773	70.355
 0.774	70.352
 0.775	70.330
 0.776	70.314
 0.777	70.324
 0.778	70.337
 0.779	70.323
 0.780	70.343
 0.781	70.361
 0.782	70.372
 0.783	70.407
 0.784	70.413
 0.785	70.422
 0.786	70.448
 0.787	70.434
 0.788	70.448
 0.789	70.477
 0.790	70.492
 0.791	70.497
 0.792	70.511
 0.793	70.536
 0.794	70.561
 0.795	70.549
 0.796	70.543
 0.797	70.567
 0.798	70.618
 0.799	70.617
 0.800	70.603
 0.801	70.614
 0.802	70.597
 0.803	70.595
 0.804	70.606
 0.805	70.610
 0.806	70.622
 0.807	70.619
 0.808	70.596
 0.809	70.565
 0.810	70.564
 0.811	70.563
 0.812	70.546
 0.813	70.541
 0.814	70.520
 0.815	70.496
 0.816	70.480
 0.817	70.453
 0.818	70.417
 0.819	70.380
 0.820	70.351
 0.821	70.310
 0.822	70.241
 0.823	70.167
 0.824	70.142
 0.825	70.092
 0.826	70.009
 0.827	69.904
 0.828	69.791
 0.829	69.708
 0.830	69.605
 0.831	69.461
 0.832	69.408
 0.833	69.342
 0.834	69.258
 0.835	69.195
 0.836	69.158
 0.837	69.121
 0.838	69.084
 0.839	69.064
 0.840	69.029
 0.841	68.973
 0.842	68.915
 0.843	68.906
 0.844	68.918
 0.845	68.912
 0.846	68.868
 0.847	68.838
 0.848	68.811
 0.849	68.782
 0.850	68.753
 0.851	68.738
 0.852	68.733
 0.853	68.724
 0.854	68.702
 0.855	68.692
 0.856	68.684
 0.857	68.670
 0.858	68.651
 0.859	68.649
 0.860	68.640
 0.861	68.622
 0.862	68.630
 0.863	68.613
 0.864	68.563
 0.865	68.506
 0.866	68.540
 0.867	68.541
 0.868	68.517
 0.869	68.507
 0.870	68.464
 0.871	68.437
 0.872	68.428
 0.873	68.410
 0.874	68.389
 0.875	68.358
 0.876	68.322
 0.877	68.293
 0.878	68.253
 0.879	68.228
 0.880	68.212
 0.881	68.154
 0.882	68.088
 0.883	68.063
 0.884	68.087
 0.885	68.079
 0.886	68.016
 0.887	67.950
 0.888	67.930
 0.889	67.905
 0.890	67.847
 0.891	67.794
 0.892	67.789
 0.893	67.737
 0.894	67.695
 0.895	67.678
 0.896	67.659
 0.897	67.570
 0.898	67.523
 0.899	67.520
 0.900	67.460
 0.901	67.441
 0.902	67.398
 0.903	67.320
 0.904	67.287
 0.905	67.283
 0.906	67.269
 0.907	67.210
 0.908	67.093
 0.909	67.033
 0.910	66.997
 0.911	66.940
 0.912	66.905
 0.913	66.799
 0.914	66.676
 0.915	66.608
 0.916	66.545
 0.917	66.436
 0.918	66.299
 0.919	66.177
 0.920	66.053
 0.921	65.930
 0.922	65.789
 0.923	65.610
 0.924	65.411
 0.925	65.219
 0.926	65.032
 0.927	64.823
 0.928	64.574
 0.929	64.341
 0.930	64.107
 0.931	63.795
 0.932	63.545
 0.933	63.270
 0.934	62.940
 0.935	62.626
 0.936	62.350
 0.937	62.052
 0.938	61.718
 0.939	61.411
 0.940	61.125
 0.941	60.765
 0.942	60.331
 0.943	60.017
 0.944	59.632
 0.945	59.228
 0.946	58.848
 0.947	58.397
 0.948	57.954
 0.949	57.468
 0.950	56.925
 0.951	56.487
 0.952	56.002
 0.953	55.534
 0.954	55.118
 0.955	54.506
 0.956	54.063
 0.957	53.742
 0.958	53.400
 0.959	53.050
 0.960	52.803
 0.961	52.591
 0.962	52.331
 0.963	52.160
 0.964	52.013
 0.965	51.865
 0.966	51.726
 0.967	51.653
 0.968	51.586
 0.969	51.460
 0.970	51.276
 0.971	51.299
 0.972	51.292
 0.973	51.230
 0.974	51.180
 0.975	51.102
 0.976	51.096
 0.977	51.129
 0.978	51.120
 0.979	51.085
 0.980	51.075
 0.981	51.141
 0.982	51.283
 0.983	51.303
 0.984	51.287
 0.985	51.321
 0.986	51.433
 0.987	51.441
 0.988	51.493
 0.989	51.585
 0.990	51.650
 0.991	51.723
 0.992	51.881
 0.993	52.054
 0.994	52.130
 0.995	52.160
 0.996	52.279
 0.997	52.421
 0.998	52.482
 0.999	52.611
 1.000	52.799
 1.001	53.034
 1.002	53.137
 1.003	53.308
 1.004	53.502
 1.005	53.687
 1.006	53.864
 1.007	54.009
 1.008	54.167
 1.009	54.305
 1.010	54.468
 1.011	54.647
 1.012	54.823
 1.013	55.007
 1.014	55.177
 1.015	55.322
 1.016	55.519
 1.017	55.706
 1.018	55.878
 1.019	56.118
 1.020	56.346
 1.021	56.542
 1.022	56.759
 1.023	56.962
 1.024	57.136
 1.025	57.322
 1.026	57.531
 1.027	57.712
 1.028	57.845
 1.029	58.033
 1.030	58.262
 1.031	58.450
 1.032	58.641
 1.033	58.846
 1.034	58.985
 1.035	59.108
 1.036	59.255
 1.037	59.404
 1.038	59.566
 1.039	59.742
 1.040	59.918
 1.041	60.104
 1.042	60.284
 1.043	60.483
 1.044	60.647
 1.045	60.801
 1.046	60.941
 1.047	61.042
 1.048	61.163
 1.049	61.291
 1.050	61.407
 1.051	61.514
 1.052	61.639
 1.053	61.749
 1.054	61.851
 1.055	61.955
 1.056	62.066
 1.057	62.154
 1.058	62.225
 1.059	62.301
 1.060	62.368
 1.061	62.438
 1.062	62.512
 1.063	62.578
 1.064	62.650
 1.065	62.698
 1.066	62.739
 1.067	62.765
 1.068	62.775
 1.069	62.756
 1.070	62.759
 1.071	62.759
 1.072	62.760
 1.073	62.772
 1.074	62.770
 1.075	62.775
 1.076	62.747
 1.077	62.701
 1.078	62.650
 1.079	62.558
 1.080	62.497
 1.081	62.456
 1.082	62.401
 1.083	62.358
 1.084	62.299
 1.085	62.223
 1.086	62.143
 1.087	62.059
 1.088	61.968
 1.089	61.873
 1.090	61.771
 1.091	61.674
 1.092	61.587
 1.093	61.475
 1.094	61.356
 1.095	61.228
 1.096	61.062
 1.097	60.930
 1.098	60.813
 1.099	60.694
 1.100	60.599
 1.101	60.486
 1.102	60.355
 1.103	60.229
 1.104	60.123
 1.105	60.003
 1.106	59.879
 1.107	59.768
 1.108	59.628
 1.109	59.456
 1.110	59.308
 1.111	59.160
 1.112	59.016
 1.113	58.889
 1.114	58.741
 1.115	58.590
 1.116	58.425
 1.117	58.250
 1.118	58.064
 1.119	57.882
 1.120	57.664
 1.121	57.432
 1.122	57.192
 1.123	56.899
 1.124	56.606
 1.125	56.281
 1.126	55.936
 1.127	55.551
 1.128	55.150
 1.129	54.695
 1.130	54.191
 1.131	53.674
 1.132	53.128
 1.133	52.549
 1.134	51.943
 1.135	51.308
 1.136	50.632
 1.137	49.939
 1.138	49.248
 1.139	48.556
 1.140	47.861
 1.141	47.178
 1.142	46.501
 1.143	45.838
 1.144	45.214
 1.145	44.609
 1.146	44.045
 1.147	43.514
 1.148	43.009
 1.149	42.531
 1.150	42.088
 1.151	41.674
 1.152	41.295
 1.153	40.951
 1.154	40.637
 1.155	40.356
 1.156	40.100
 1.157	39.889
 1.158	39.698
 1.159	39.520
 1.160	39.366
 1.161	39.225
 1.162	39.097
 1.163	38.992
 1.164	38.895
 1.165	38.801
 1.166	38.707
 1.167	38.629
 1.168	38.565
 1.169	38.499
 1.170	38.445
 1.171	38.385
 1.172	38.318
 1.173	38.266
 1.174	38.220
 1.175	38.179
 1.176	38.138
 1.177	38.092
 1.178	38.033
 1.179	37.963
 1.180	37.909
 1.181	37.863
 1.182	37.812
 1.183	37.764
 1.184	37.708
 1.185	37.645
 1.186	37.592
 1.187	37.536
 1.188	37.488
 1.189	37.446
 1.190	37.410
 1.191	37.382
 1.192	37.354
 1.193	37.328
 1.194	37.306
 1.195	37.283
 1.196	37.266
 1.197	37.256
 1.198	37.236
 1.199	37.227
 1.200	37.228
 1.201	37.228
 1.202	37.241
 1.203	37.243
 1.204	37.245
 1.205	37.255
 1.206	37.268
 1.207	37.294
 1.208	37.320
 1.209	37.351
 1.210	37.388
 1.211	37.420
 1.212	37.447
 1.213	37.480
 1.214	37.511
 1.215	37.548
 1.216	37.587
 1.217	37.638
 1.218	37.694
 1.219	37.739
 1.220	37.793
 1.221	37.849
 1.222	37.897
 1.223	37.952
 1.224	38.008
 1.225	38.060
 1.226	38.114
 1.227	38.173
 1.228	38.227
 1.229	38.286
 1.230	38.347
 1.231	38.393
 1.232	38.441
 1.233	38.491
 1.234	38.541
 1.235	38.593
 1.236	38.643
 1.237	38.696
 1.238	38.735
 1.239	38.778
 1.240	38.823
 1.241	38.876
 1.242	38.935
 1.243	38.991
 1.244	39.044
 1.245	39.087
 1.246	39.132
 1.247	39.172
 1.248	39.207
 1.249	39.246
 1.250	39.280
 1.251	39.323
 1.252	39.371
 1.253	39.413
 1.254	39.458
 1.255	39.492
 1.256	39.516
 1.257	39.541
 1.258	39.557
 1.259	39.575
 1.260	39.599
 1.261	39.614
 1.262	39.621
 1.263	39.637
 1.264	39.650
 1.265	39.654
 1.266	39.672
 1.267	39.672
 1.268	39.655
 1.269	39.645
 1.270	39.618
 1.271	39.596
 1.272	39.577
 1.273	39.540
 1.274	39.504
 1.275	39.467
 1.276	39.429
 1.277	39.392
 1.278	39.348
 1.279	39.294
 1.280	39.228
 1.281	39.157
 1.282	39.081
 1.283	39.004
 1.284	38.926
 1.285	38.838
 1.286	38.748
 1.287	38.653
 1.288	38.551
 1.289	38.436
 1.290	38.330
 1.291	38.218
 1.292	38.089
 1.293	37.967
 1.294	37.831
 1.295	37.680
 1.296	37.540
 1.297	37.383
 1.298	37.224
 1.299	37.060
 1.300	36.879
 1.301	36.704
 1.302	36.518
 1.303	36.328
 1.304	36.147
 1.305	35.953
 1.306	35.749
 1.307	35.541
 1.308	35.329
 1.309	35.110
 1.310	34.887
 1.311	34.660
 1.312	34.416
 1.313	34.172
 1.314	33.926
 1.315	33.678
 1.316	33.430
 1.317	33.186
 1.318	32.932
 1.319	32.670
 1.320	32.404
 1.321	32.129
 1.322	31.854
 1.323	31.586
 1.324	31.317
 1.325	31.049
 1.326	30.785
 1.327	30.511
 1.328	30.234
 1.329	29.963
 1.330	29.694
 1.331	29.426
 1.332	29.167
 1.333	28.908
 1.334	28.640
 1.335	28.381
 1.336	28.126
 1.337	27.874
 1.338	27.628
 1.339	27.388
 1.340	27.162
 1.341	26.941
 1.342	26.725
 1.343	26.515
 1.344	26.301
 1.345	26.095
 1.346	25.894
 1.347	25.696
 1.348	25.504
 1.349	25.320
 1.350	25.139
 1.351	24.965
 1.352	24.798
 1.353	24.632
 1.354	24.469
 1.355	24.305
 1.356	24.142
 1.357	23.981
 1.358	23.816
 1.359	23.647
 1.360	23.474
 1.361	23.296
 1.362	23.110
 1.363	22.916
 1.364	22.717
 1.365	22.506
 1.366	22.282
 1.367	22.056
 1.368	21.817
 1.369	21.563
 1.370	21.303
 1.371	21.029
 1.372	20.741
 1.373	20.441
 1.374	20.124
 1.375	19.791
 1.376	19.443
 1.377	19.077
 1.378	18.698
 1.379	18.304
 1.380	17.896
 1.381	17.477
 1.382	17.055
 1.383	16.623
 1.384	16.192
 1.385	15.755
 1.386	15.326
 1.387	14.892
 1.388	14.474
 1.389	14.061
 1.390	13.661
 1.391	13.273
 1.392	12.892
 1.393	12.525
 1.394	12.171
 1.395	11.832
 1.396	11.514
 1.397	11.217
 1.398	10.936
 1.399	10.674
 1.400	10.428
 1.401	10.196
 1.402	9.9811
 1.403	9.7827
 1.404	9.5951
 1.405	9.4216
 1.406	9.2642
 1.407	9.1182
 1.408	8.9828
 1.409	8.8582
 1.410	8.7425
 1.411	8.6337
 1.412	8.5339
 1.413	8.4419
 1.414	8.3546
 1.415	8.2772
 1.416	8.2064
 1.417	8.1356
 1.418	8.0712
 1.419	8.0100
 1.420	7.9516
 1.421	7.9011
 1.422	7.8522
 1.423	7.8071
 1.424	7.7671
 1.425	7.7263
 1.426	7.6856
 1.427	7.6511
 1.428	7.6184
 1.429	7.5888
 1.430	7.5661
 1.431	7.5422
 1.432	7.5192
 1.433	7.4961
 1.434	7.4734
 1.435	7.4523
 1.436	7.4308
 1.437	7.4128
 1.438	7.3979
 1.439	7.3864
 1.440	7.3791
 1.441	7.3716
 1.442	7.3610
 1.443	7.3478
 1.444	7.3326
 1.445	7.3207
 1.446	7.3118
 1.447	7.3060
 1.448	7.3012
 1.449	7.2922
 1.450	7.2862
 1.451	7.2826
 1.452	7.2809
 1.453	7.2833
 1.454	7.2856
 1.455	7.2868
 1.456	7.2883
 1.457	7.2911
 1.458	7.2942
 1.459	7.2992
 1.460	7.3024
 1.461	7.3016
 1.462	7.3088
 1.463	7.3230
 1.464	7.3365
 1.465	7.3573
 1.466	7.3757
 1.467	7.3853
 1.468	7.4007
 1.469	7.4190
 1.470	7.4406
 1.471	7.4675
 1.472	7.4915
 1.473	7.5146
 1.474	7.5351
 1.475	7.5557
 1.476	7.5840
 1.477	7.6153
 1.478	7.6474
 1.479	7.6812
 1.480	7.7144
 1.481	7.7475
 1.482	7.7824
 1.483	7.8181
 1.484	7.8514
 1.485	7.8826
 1.486	7.9157
 1.487	7.9517
 1.488	7.9930
 1.489	8.0367
 1.490	8.0775
 1.491	8.1181
 1.492	8.1593
 1.493	8.1974
 1.494	8.2389
 1.495	8.2838
 1.496	8.3285
 1.497	8.3731
 1.498	8.4190
 1.499	8.4662
 1.500	8.5114
 1.501	8.5567
 1.502	8.6017
 1.503	8.6446
 1.504	8.6933
 1.505	8.7449
 1.506	8.7951
 1.507	8.8479
 1.508	8.8987
 1.509	8.9475
 1.510	8.9973
 1.511	9.0501
 1.512	9.1063
 1.513	9.1667
 1.514	9.2215
 1.515	9.2752
 1.516	9.3290
 1.517	9.3794
 1.518	9.4356
 1.519	9.4937
 1.520	9.5559
 1.521	9.6155
 1.522	9.6743
 1.523	9.7374
 1.524	9.7921
 1.525	9.8457
 1.526	9.9025
 1.527	9.9612
 1.528	10.021
 1.529	10.084
 1.530	10.149
 1.531	10.211
 1.532	10.271
 1.533	10.331
 1.534	10.388
 1.535	10.445
 1.536	10.505
 1.537	10.569
 1.538	10.636
 1.539	10.701
 1.540	10.766
 1.541	10.829
 1.542	10.889
 1.543	10.950
 1.544	11.011
 1.545	11.074
 1.546	11.141
 1.547	11.204
 1.548	11.266
 1.549	11.329
 1.550	11.387
 1.551	11.447
 1.552	11.514
 1.553	11.575
 1.554	11.635
 1.555	11.699
 1.556	11.758
 1.557	11.821
 1.558	11.887
 1.559	11.953
 1.560	12.017
 1.561	12.076
 1.562	12.137
 1.563	12.197
 1.564	12.255
 1.565	12.317
 1.566	12.380
 1.567	12.446
 1.568	12.516
 1.569	12.582
 1.570	12.641
 1.571	12.697
 1.572	12.748
 1.573	12.801
 1.574	12.859
 1.575	12.921
 1.576	12.984
 1.577	13.047
 1.578	13.110
 1.579	13.168
 1.580	13.224
 1.581	13.282
 1.582	13.340
 1.583	13.395
 1.584	13.453
 1.585	13.506
 1.586	13.557
 1.587	13.611
 1.588	13.663
 1.589	13.712
 1.590	13.763
 1.591	13.811
 1.592	13.859
 1.593	13.912
 1.594	13.963
 1.595	14.010
 1.596	14.060
 1.597	14.108
 1.598	14.158
 1.599	14.212
 1.600	14.265
 1.601	14.317
 1.602	14.367
 1.603	14.414
 1.604	14.458
 1.605	14.503
 1.606	14.544
 1.607	14.587
 1.608	14.638
 1.609	14.683
 1.610	14.726
 1.611	14.773
 1.612	14.814
 1.613	14.856
 1.614	14.895
 1.615	14.932
 1.616	14.970
 1.617	15.008
 1.618	15.054
 1.619	15.098
 1.620	15.136
 1.621	15.173
 1.622	15.206
 1.623	15.243
 1.624	15.283
 1.625	15.321
 1.626	15.364
 1.627	15.398
 1.628	15.423
 1.629	15.452
 1.630	15.477
 1.631	15.511
 1.632	15.554
 1.633	15.595
 1.634	15.641
 1.635	15.678
 1.636	15.712
 1.637	15.742
 1.638	15.764
 1.639	15.791
 1.640	15.819
 1.641	15.847
 1.642	15.881
 1.643	15.908
 1.644	15.930
 1.645	15.951
 1.646	15.969
 1.647	15.993
 1.648	16.023
 1.649	16.052
 1.650	16.078
 1.651	16.095
 1.652	16.110
 1.653	16.128
 1.654	16.143
 1.655	16.162
 1.656	16.182
 1.657	16.199
 1.658	16.220
 1.659	16.238
 1.660	16.253
 1.661	16.269
 1.662	16.280
 1.663	16.291
 1.664	16.305
 1.665	16.321
 1.666	16.331
 1.667	16.335
 1.668	16.338
 1.669	16.339
 1.670	16.338
 1.671	16.348
 1.672	16.359
 1.673	16.360
 1.674	16.362
 1.675	16.362
 1.676	16.353
 1.677	16.343
 1.678	16.337
 1.679	16.330
 1.680	16.322
 1.681	16.314
 1.682	16.299
 1.683	16.287
 1.684	16.279
 1.685	16.268
 1.686	16.266
 1.687	16.256
 1.688	16.240
 1.689	16.224
 1.690	16.206
 1.691	16.186
 1.692	16.164
 1.693	16.142
 1.694	16.118
 1.695	16.088
 1.696	16.063
 1.697	16.039
 1.698	16.014
 1.699	15.992
 1.700	15.963
 1.701	15.929
 1.702	15.897
 1.703	15.863
 1.704	15.829
 1.705	15.797
 1.706	15.762
 1.707	15.723
 1.708	15.684
 1.709	15.644
 1.710	15.606
 1.711	15.568
 1.712	15.539
 1.713	15.503
 1.714	15.458
 1.715	15.416
 1.716	15.374
 1.717	15.329
 1.718	15.286
 1.719	15.244
 1.720	15.204
 1.721	15.166
 1.722	15.125
 1.723	15.083
 1.724	15.029
 1.725	14.970
 1.726	14.919
 1.727	14.870
 1.728	14.827
 1.729	14.786
 1.730	14.740
 1.731	14.701
 1.732	14.667
 1.733	14.633
 1.734	14.607
 1.735	14.579
 1.736	14.551
 1.737	14.521
 1.738	14.492
 1.739	14.459
 1.740	14.422
 1.741	14.386
 1.742	14.350
 1.743	14.309
 1.744	14.266
 1.745	14.219
 1.746	14.170
 1.747	14.119
 1.748	14.063
 1.749	14.014
 1.750	13.967
 1.751	13.914
 1.752	13.865
 1.753	13.805
 1.754	13.732
 1.755	13.675
 1.756	13.619
 1.757	13.580
 1.758	13.540
 1.759	13.490
 1.760	13.439
 1.761	13.379
 1.762	13.328
 1.763	13.285
 1.764	13.243
 1.765	13.204
 1.766	13.166
 1.767	13.127
 1.768	13.092
 1.769	13.059
 1.770	13.028
 1.771	13.000
 1.772	12.973
 1.773	12.945
 1.774	12.920
 1.775	12.895
 1.776	12.872
 1.777	12.851
 1.778	12.830
 1.779	12.808
 1.780	12.789
 1.781	12.769
 1.782	12.754
 1.783	12.741
 1.784	12.731
 1.785	12.726
 1.786	12.718
 1.787	12.710
 1.788	12.702
 1.789	12.702
 1.790	12.701
 1.791	12.700
 1.792	12.699
 1.793	12.696
 1.794	12.690
 1.795	12.692
 1.796	12.701
 1.797	12.703
 1.798	12.712
 1.799	12.712
 1.800	12.692
 1.801	12.691
 1.802	12.696
 1.803	12.701
 1.804	12.721
 1.805	12.729
 1.806	12.730
 1.807	12.735
 1.808	12.739
 1.809	12.743
 1.810	12.749
 1.811	12.756
 1.812	12.764
 1.813	12.765
 1.814	12.761
 1.815	12.753
 1.816	12.738
 1.817	12.732
 1.818	12.732
 1.819	12.736
 1.820	12.733
 1.821	12.723
 1.822	12.718
 1.823	12.711
 1.824	12.711
 1.825	12.727
 1.826	12.726
 1.827	12.722
 1.828	12.711
 1.829	12.685
 1.830	12.663
 1.831	12.768
 1.832	12.752
 1.833	12.728
 1.834	12.697
 1.835	12.683
 1.836	12.659
 1.837	12.633
 1.838	12.586
 1.839	12.535
 1.840	12.474
 1.841	12.413
 1.842	12.339
 1.843	12.276
 1.844	12.222
 1.845	12.155
 1.846	12.094
 1.847	12.029
 1.848	11.943
 1.849	11.855
 1.850	11.764
 1.851	11.669
 1.852	11.567
 1.853	11.471
 1.854	11.360
 1.855	11.239
 1.856	11.116
 1.857	10.966
 1.858	10.833
 1.859	10.704
 1.860	10.578
 1.861	10.435
 1.862	10.309
 1.863	10.168
 1.864	10.003
 1.865	9.8488
 1.866	9.6826
 1.867	9.5055
 1.868	9.3298
 1.869	9.1388
 1.870	8.9578
 1.871	8.7768
 1.872	8.6130
 1.873	8.4383
 1.874	8.2763
 1.875	8.1223
 1.876	7.9565
 1.877	7.8085
 1.878	7.6657
 1.879	7.5205
 1.880	7.3701
 1.881	7.2165
 1.882	7.0542
 1.883	6.9041
 1.884	6.7669
 1.885	6.6411
 1.886	6.5270
 1.887	6.4233
 1.888	6.3200
 1.889	6.2164
 1.890	6.1225
 1.891	6.0294
 1.892	5.9342
 1.893	5.8421
 1.894	5.7734
 1.895	5.7120
 1.896	5.6534
 1.897	5.6091
 1.898	5.5617
 1.899	5.5063
 1.900	5.4618
 1.901	5.4253
 1.902	5.3871
 1.903	5.3472
 1.904	5.3252
 1.905	5.3012
 1.906	5.2841
 1.907	5.2642
 1.908	5.2345
 1.909	5.2064
 1.910	5.1645
 1.911	5.1434
 1.912	5.1419
 1.913	5.1316
 1.914	5.1231
 1.915	5.1240
 1.916	5.1204
 1.917	5.1069
 1.918	5.0962
 1.919	5.0910
 1.920	5.0840
 1.921	5.0747
 1.922	5.0656
 1.923	5.0556
 1.924	5.0498
 1.925	5.0471
 1.926	5.0391
 1.927	5.0263
 1.928	5.0314
 1.929	5.0373
 1.930	5.0425
 1.931	5.0603
 1.932	5.0649
 1.933	5.0628
 1.934	5.0413
 1.935	5.0364
 1.936	5.0358
 1.937	5.0364
 1.938	5.0400
 1.939	5.0507
 1.940	5.0629
 1.941	5.0667
 1.942	5.0784
 1.943	5.0801
 1.944	5.0770
 1.945	5.0609
 1.946	5.0563
 1.947	5.0454
 1.948	5.0503
 1.949	5.0659
 1.950	5.0850
 1.951	5.1107
 1.952	5.1286
 1.953	5.1509
 1.954	5.1721
 1.955	5.1816
 1.956	5.1834
 1.957	5.1880
 1.958	5.1784
 1.959	5.1812
 1.960	5.1939
 1.961	5.2025
 1.962	5.2151
 1.963	5.2234
 1.964	5.2268
 1.965	5.2346
 1.966	5.2486
 1.967	5.2636
 1.968	5.2676
 1.969	5.2652
 1.970	5.2686
 1.971	5.2555
 1.972	5.2607
 1.973	5.2814
 1.974	5.3040
 1.975	5.3168
 1.976	5.3321
 1.977	5.3363
 1.978	5.3284
 1.979	5.3372
 1.980	5.3488
 1.981	5.3685
 1.982	5.4058
 1.983	5.4281
 1.984	5.4506
 1.985	5.4683
 1.986	5.4757
 1.987	5.4893
 1.988	5.4980
 1.989	5.4969
 1.990	5.5032
 1.991	5.5101
 1.992	5.5193
 1.993	5.5331
 1.994	5.5497
 1.995	5.5685
 1.996	5.5848
 1.997	5.6112
 1.998	5.6268
 1.999	5.6334
 2.000	5.6388
 2.001	5.6487
 2.002	5.6610
 2.003	5.6818
 2.004	5.7053
 2.005	5.7230
 2.006	5.7412
 2.007	5.7531
 2.008	5.7530
 2.009	5.7655
 2.010	5.7836
 2.011	5.7986
 2.012	5.8163
 2.013	5.8380
 2.014	5.8539
 2.015	5.8615
 2.016	5.8726
 2.017	5.8780
 2.018	5.8888
 2.019	5.8986
 2.020	5.9118
 2.021	5.9247
 2.022	5.9479
 2.023	5.9843
 2.024	6.0083
 2.025	6.0361
 2.026	6.0571
 2.027	6.0695
 2.028	6.0759
 2.029	6.0799
 2.030	6.0957
 2.031	6.1131
 2.032	6.1342
 2.033	6.1512
 2.034	6.1732
 2.035	6.1919
 2.036	6.2060
 2.037	6.2189
 2.038	6.2302
 2.039	6.2461
 2.040	6.2602
 2.041	6.2765
 2.042	6.3061
 2.043	6.3227
 2.044	6.3329
 2.045	6.3331
 2.046	6.3419
 2.047	6.3464
 2.048	6.3528
 2.049	6.3604
 2.050	6.3766
 2.051	6.3977
 2.052	6.4147
 2.053	6.4408
 2.054	6.4617
 2.055	6.4710
 2.056	6.4834
 2.057	6.5220
 2.058	6.5491
 2.059	6.5707
 2.060	6.5965
 2.061	6.6134
 2.062	6.6139
 2.063	6.6244
 2.064	6.6343
 2.065	6.6505
 2.066	6.6741
 2.067	6.6910
 2.068	6.7112
 2.069	6.7292
 2.070	6.7353
 2.071	6.7504
 2.072	6.7750
 2.073	6.7956
 2.074	6.8129
 2.075	6.8326
 2.076	6.8438
 2.077	6.8411
 2.078	6.8560
 2.079	6.8734
 2.080	6.8949
 2.081	6.9307
 2.082	6.9577
 2.083	6.9826
 2.084	7.0066
 2.085	7.0324
 2.086	7.0517
 2.087	7.0619
 2.088	7.0771
 2.089	7.0939
 2.090	7.1066
 2.091	7.1258
 2.092	7.1564
 2.093	7.1718
 2.094	7.1787
 2.095	7.1942
 2.096	7.2052
 2.097	7.2221
 2.098	7.2462
 2.099	7.2702
 2.100	7.2975
 2.101	7.3210
 2.102	7.3489
 2.103	7.3713
 2.104	7.3837
 2.105	7.4034
 2.106	7.4179
 2.107	7.4296
 2.108	7.4465
 2.109	7.4628
 2.110	7.4786
 2.111	7.4951
 2.112	7.5148
 2.113	7.5346
 2.114	7.5577
 2.115	7.5880
 2.116	7.6139
 2.117	7.6347
 2.118	7.6616
 2.119	7.6998
 2.120	7.7239
 2.121	7.7399
 2.122	7.7606
 2.123	7.7801
 2.124	7.7886
 2.125	7.8078
 2.126	7.8393
 2.127	7.8596
 2.128	7.8767
 2.129	7.8913
 2.130	7.8923
 2.131	7.9147
 2.132	7.9494
 2.133	7.9739
 2.134	8.0140
 2.135	8.0393
 2.136	8.0452
 2.137	8.0583
 2.138	8.0695
 2.139	8.0832
 2.140	8.1008
 2.141	8.1146
 2.142	8.1254
 2.143	8.1360
 2.144	8.1454
 2.145	8.1524
 2.146	8.1550
 2.147	8.1465
 2.148	8.1617
 2.149	8.1870
 2.150	8.2021
 2.151	8.2289
 2.152	8.2519
 2.153	8.2712
 2.154	8.2791
 2.155	8.2824
 2.156	8.2921
 2.157	8.2773
 2.158	8.2853
 2.159	8.3250
 2.160	8.3558
 2.161	8.3614
 2.162	8.3728
 2.163	8.3796
 2.164	8.3689
 2.165	8.3686
 2.166	8.3780
 2.167	8.3817
 2.168	8.3693
 2.169	8.3845
 2.170	8.4252
 2.171	8.4434
 2.172	8.4748
 2.173	8.4817
 2.174	8.4523
 2.175	8.4463
 2.176	8.4347
 2.177	8.4375
 2.178	8.4651
 2.179	8.4787
 2.180	8.4917
 2.181	8.5051
 2.182	8.5165
 2.183	8.5201
 2.184	8.5243
 2.185	8.5254
 2.186	8.5349
 2.187	8.5460
 2.188	8.5550
 2.189	8.5719
 2.190	8.5824
 2.191	8.5880
 2.192	8.5873
 2.193	8.5815
 2.194	8.5815
 2.195	8.5737
 2.196	8.5725
 2.197	8.5767
 2.198	8.5872
 2.199	8.6156
 2.200	8.6204
 2.201	8.6129
 2.202	8.6148
 2.203	8.5971
 2.204	8.5916
 2.205	8.5993
 2.206	8.6228
 2.207	8.6290
 2.208	8.6297
 2.209	8.6343
 2.210	8.6388
 2.211	8.6345
 2.212	8.6228
 2.213	8.6222
 2.214	8.6189
 2.215	8.6187
 2.216	8.6331
 2.217	8.6355
 2.218	8.6287
 2.219	8.6245
 2.220	8.6147
 2.221	8.6133
 2.222	8.6177
 2.223	8.6174
 2.224	8.6275
 2.225	8.6238
 2.226	8.6091
 2.227	8.5933
 2.228	8.5687
 2.229	8.5447
 2.230	8.5119
 2.231	8.4870
 2.232	8.4713
 2.233	8.4735
 2.234	8.4678
 2.235	8.4709
 2.236	8.4717
 2.237	8.4713
 2.238	8.4640
 2.239	8.4614
 2.240	8.4563
 2.241	8.4365
 2.242	8.4292
 2.243	8.4319
 2.244	8.4298
 2.245	8.4324
 2.246	8.4257
 2.247	8.4103
 2.248	8.4051
 2.249	8.4008
 2.250	8.3905
 2.251	8.3919
 2.252	8.3793
 2.253	8.3491
 2.254	8.3252
 2.255	8.2898
 2.256	8.2714
 2.257	8.2699
 2.258	8.2525
 2.259	8.2468
 2.260	8.2274
 2.261	8.1826
 2.262	8.1492
 2.263	8.1113
 2.264	8.0707
 2.265	8.0438
 2.266	8.0325
 2.267	8.0106
 2.268	7.9971
 2.269	7.9746
 2.270	7.9314
 2.271	7.9251
 2.272	7.9511
 2.273	7.9410
 2.274	7.9314
 2.275	7.9168
 2.276	7.8829
 2.277	7.8443
 2.278	7.7989
 2.279	7.7735
 2.280	7.7344
 2.281	7.7155
 2.282	7.7406
 2.283	7.7334
 2.284	7.7227
 2.285	7.6909
 2.286	7.6249
 2.287	7.5865
 2.288	7.5429
 2.289	7.5113
 2.290	7.5077
 2.291	7.4897
 2.292	7.4632
 2.293	7.4361
 2.294	7.4044
 2.295	7.3832
 2.296	7.3716
 2.297	7.3491
 2.298	7.3322
 2.299	7.3023
 2.300	7.2632
 2.301	7.2289
 2.302	7.1849
 2.303	7.1612
 2.304	7.1422
 2.305	7.1311
 2.306	7.1339
 2.307	7.1206
 2.308	7.0996
 2.309	7.0806
 2.310	7.0663
 2.311	7.0488
 2.312	7.0384
 2.313	7.0323
 2.314	7.0306
 2.315	7.0363
 2.316	7.0416
 2.317	7.0455
 2.318	7.0625
 2.319	7.0918
 2.320	7.1054
 2.321	7.1233
 2.322	7.1349
 2.323	7.1319
 2.324	7.1282
 2.325	7.1327
 2.326	7.1291
 2.327	7.1127
 2.328	7.1002
 2.329	7.0850
 2.330	7.0712
 2.331	7.0532
 2.332	7.0382
 2.333	7.0308
 2.334	7.0130
 2.335	6.9956
 2.336	6.9707
 2.337	6.9354
 2.338	6.9054
 2.339	6.8613
 2.340	6.8359
 2.341	6.8201
 2.342	6.8094
 2.343	6.8285
 2.344	6.8142
 2.345	6.7867
 2.346	6.7580
 2.347	6.6965
 2.348	6.6586
 2.349	6.6195
 2.350	6.6141
 2.351	6.6600
 2.352	6.6674
 2.353	6.6903
 2.354	6.6744
 2.355	6.6437
 2.356	6.6014
 2.357	6.5984
 2.358	6.6039
 2.359	6.5713
 2.360	6.5547
 2.361	6.5404
 2.362	6.5372
 2.363	6.5765
 2.364	6.6273
 2.365	6.6268
 2.366	6.6311
 2.367	6.6175
 2.368	6.5657
 2.369	6.5594
 2.370	6.5480
 2.371	6.5240
 2.372	6.5021
 2.373	6.5084
 2.374	6.4984
 2.375	6.4811
 2.376	6.5203
 2.377	6.5120
 2.378	6.4571
 2.379	6.4150
 2.380	6.3840
 2.381	6.3649
 2.382	6.3735
 2.383	6.3911
 2.384	6.3678
 2.385	6.3324
 2.386	6.3072
 2.387	6.2916
 2.388	6.2721
 2.389	6.2227
 2.390	6.1875
 2.391	6.1532
 2.392	6.1176
 2.393	6.1445
 2.394	6.1820
 2.395	6.2184
 2.396	6.2564
 2.397	6.2284
 2.398	6.2014
 2.399	6.1950
 2.400	6.1657
 2.401	6.1769
 2.402	6.2076
 2.403	6.1635
 2.404	6.1410
 2.405	6.1521
 2.406	6.1369
 2.407	6.1769
 2.408	6.2200
 2.409	6.2550
 2.410	6.3020
 2.411	6.3197
 2.412	6.2698
 2.413	6.1511
 2.414	6.0355
 2.415	5.9872
 2.416	5.9692
 2.417	5.9334
 2.418	5.9532
 2.419	5.9704
 2.420	5.9802
 2.421	6.0376
 2.422	6.0680
 2.423	6.0272
 2.424	5.9492
 2.425	5.8810
 2.426	5.8716
 2.427	5.9067
 2.428	5.9343
 2.429	6.0422
 2.430	6.0784
 2.431	6.0133
 2.432	6.0566
 2.433	6.0495
 2.434	5.9617
 2.435	5.9195
 2.436	5.8537
 2.437	5.8113
 2.438	5.8585
 2.439	5.8937
 2.440	5.9135
 2.441	5.8878
 2.442	5.8532
 2.443	5.8744
 2.444	5.8724
 2.445	5.8379
 2.446	5.7718
 2.447	5.7600
 2.448	5.7371
 2.449	5.7020
 2.450	5.7648
 2.451	5.7997
 2.452	5.8134
 2.453	5.9036
 2.454	5.9847
 2.455	5.9071
 2.456	5.7778
 2.457	5.6778
 2.458	5.5735
 2.459	5.5842
 2.460	5.6477
 2.461	5.6817
 2.462	5.7373
 2.463	5.8021
 2.464	5.9195
 2.465	5.9215
 2.466	5.7477
 2.467	5.5877
 2.468	5.4671
 2.469	5.6122
 2.470	5.7161
 2.471	5.9145
 2.472	5.9476
 2.473	5.8864
 2.474	5.8846
 2.475	5.8213
 2.476	5.7954
 2.477	5.7788
 2.478	5.7513
 2.479	5.7364
 2.480	5.7144
 2.481	5.6342
 2.482	5.8237
 2.483	6.0028
 2.484	5.9875
 2.485	6.0755
 2.486	5.9486
 2.487	5.5681
 2.488	5.5476
 2.489	5.7598
 2.490	6.0227
 2.491	6.3589
 2.492	6.5757
 2.493	6.3419
 2.494	5.9898
 2.495	5.8479
 2.496	5.7280
 2.497	5.8522
 2.498	6.0091
 2.499	5.9952
 2.500	5.7334
 2.500	2.6973
 2.501	2.6834
 2.503	2.6814
 2.504	2.7711
 2.505	2.7577
 2.506	2.7651
 2.507	2.7281
 2.509	2.6966
 2.510	2.6976
 2.511	2.6871
 2.512	2.6151
 2.514	2.5808
 2.515	2.6208
 2.516	2.6672
 2.517	2.6535
 2.518	2.7155
 2.520	2.7041
 2.521	2.7062
 2.522	2.7084
 2.523	2.6980
 2.525	2.6926
 2.526	2.7512
 2.527	2.6774
 2.528	2.6669
 2.530	2.6756
 2.531	2.6299
 2.532	2.5959
 2.533	2.6591
 2.534	2.6583
 2.536	2.6968
 2.537	2.7353
 2.538	2.7729
 2.539	2.7108
 2.541	2.6353
 2.542	2.6019
 2.543	2.6859
 2.544	2.6845
 2.546	2.6815
 2.547	2.6995
 2.548	2.7428
 2.549	2.6767
 2.551	2.6950
 2.552	2.6987
 2.553	2.7589
 2.554	2.7394
 2.556	2.7160
 2.557	2.6787
 2.558	2.6949
 2.559	2.6911
 2.561	2.7054
 2.562	2.6845
 2.563	2.6930
 2.565	2.7171
 2.566	2.7955
 2.567	2.7271
 2.568	2.6945
 2.570	2.7582
 2.571	2.8096
 2.572	2.7121
 2.573	2.6596
 2.575	2.6168
 2.576	2.6743
 2.577	2.6824
 2.579	2.6697
 2.580	2.6642
 2.581	2.6638
 2.582	2.6765
 2.584	2.7023
 2.585	2.6529
 2.586	2.7172
 2.588	2.7624
 2.589	2.8280
 2.590	2.7405
 2.591	2.6488
 2.593	2.6612
 2.594	2.7227
 2.595	2.7106
 2.597	2.6723
 2.598	2.6386
 2.599	2.6859
 2.601	2.6506
 2.602	2.6615
 2.603	2.6221
 2.604	2.5913
 2.606	2.6047
 2.607	2.6913
 2.608	2.6975
 2.610	2.6639
 2.611	2.6388
 2.612	2.6510
 2.614	2.6123
 2.615	2.6438
 2.616	2.5835
 2.618	2.5568
 2.619	2.6071
 2.620	2.6722
 2.622	2.6314
 2.623	2.5958
 2.624	2.5593
 2.626	2.6174
 2.627	2.6239
 2.628	2.6139
 2.630	2.5425
 2.631	2.5560
 2.632	2.4988
 2.634	2.5036
 2.635	2.5454
 2.636	2.5874
 2.638	2.4816
 2.639	2.4610
 2.640	2.4748
 2.642	2.5255
 2.643	2.5269
 2.644	2.5436
 2.646	2.5023
 2.647	2.5249
 2.648	2.4931
 2.650	2.4657
 2.651	2.4775
 2.652	2.4966
 2.654	2.4553
 2.655	2.4445
 2.657	2.3890
 2.658	2.3826
 2.659	2.3621
 2.661	2.4045
 2.662	2.4335
 2.663	2.4729
 2.665	2.4928
 2.666	2.5389
 2.667	2.4654
 2.669	2.4668
 2.670	2.4342
 2.672	2.3968
 2.673	2.3832
 2.674	2.3887
 2.676	2.3304
 2.677	2.3483
 2.678	2.3439
 2.680	2.3107
 2.681	2.3038
 2.683	2.329
 2.684	2.2841
 2.685	2.3511
 2.687	2.3693
 2.688	2.3471
 2.690	2.3347
 2.691	2.3563
 2.692	2.3251
 2.694	2.3418
 2.695	2.3228
 2.697	2.3548
 2.698	2.3346
 2.699	2.2697
 2.701	2.2071
 2.702	2.2598
 2.704	2.2389
 2.705	2.2248
 2.706	2.2048
 2.708	2.2114
 2.709	2.1948
 2.711	2.2906
 2.712	2.3082
 2.713	2.2727
 2.715	2.2104
 2.716	2.2146
 2.718	2.1582
 2.719	2.1939
 2.721	2.2318
 2.722	2.2274
 2.723	2.1701
 2.725	2.2396
 2.726	2.1843
 2.728	2.1073
 2.729	2.0250
 2.731	2.0706
 2.732	2.1410
 2.734	2.1999
 2.735	2.1598
 2.736	2.1489
 2.738	2.0956
 2.739	2.1202
 2.741	2.1116
 2.742	2.0621
 2.744	1.9940
 2.745	2.0321
 2.747	2.0498
 2.748	2.0196
 2.749	2.0415
 2.751	2.1146
 2.752	2.0719
 2.754	2.0593
 2.755	2.0819
 2.757	2.1277
 2.758	2.0816
 2.760	2.0089
 2.761	1.9692
 2.763	2.0027
 2.764	2.0170
 2.766	2.0641
 2.767	2.0046
 2.769	2.0276
 2.770	2.0055
 2.772	1.9679
 2.773	1.9680
 2.774	2.0379
 2.776	2.0323
 2.777	2.0785
 2.779	2.0568
 2.780	2.0415
 2.782	1.9812
 2.783	1.9330
 2.785	1.8927
 2.786	1.9779
 2.788	1.9785
 2.789	1.9541
 2.791	1.9361
 2.792	1.9499
 2.794	1.9299
 2.795	1.9410
 2.797	1.9060
 2.798	1.9134
 2.800	1.9357
 2.801	1.9749
 2.803	1.9262
 2.804	1.9513
 2.806	1.9057
 2.808	1.9233
 2.809	1.9476
 2.811	1.9632
 2.812	1.9257
 2.814	1.9335
 2.815	1.8823
 2.817	1.9309
 2.818	1.9197
 2.820	1.9122
 2.821	1.8849
 2.823	1.8630
 2.824	1.8101
 2.826	1.8153
 2.827	1.8572
 2.829	1.9253
 2.831	1.8816
 2.832	1.8641
 2.834	1.8502
 2.835	1.8851
 2.837	1.8863
 2.838	1.9079
 2.840	1.8267
 2.841	1.8628
 2.843	1.8791
 2.844	1.9018
 2.846	1.9093
 2.848	1.9973
 2.849	1.9762
 2.851	1.9022
 2.852	1.8451
 2.854	1.9236
 2.855	1.8960
 2.857	1.9010
 2.859	1.8941
 2.860	1.912
 2.862	1.8204
 2.863	1.7968
 2.865	1.8133
 2.866	1.8476
 2.868	1.7796
 2.870	1.8731
 2.871	1.8966
 2.873	1.8783
 2.874	1.8528
 2.876	1.8361
 2.878	1.7705
 2.879	1.8577
 2.881	1.8935
 2.882	1.9389
 2.884	1.8973
 2.886	1.8937
 2.887	1.8788
 2.889	1.8841
 2.890	1.8036
 2.892	1.7886
 2.894	1.7589
 2.895	1.8306
 2.897	1.8486
 2.899	1.8774
 2.900	1.9138
 2.902	1.9107
 2.903	1.8654
 2.905	1.8828
 2.907	1.8610
 2.908	1.9124
 2.910	1.8121
 2.912	1.8387
 2.913	1.8022
 2.915	1.7851
 2.916	1.8080
 2.918	1.8394
 2.920	1.8058
 2.921	1.8168
 2.923	1.8513
 2.925	1.9185
 2.926	1.8320
 2.928	1.8137
 2.930	1.8353
 2.931	1.8318
 2.933	1.8076
 2.935	1.8415
 2.936	1.8205
 2.938	1.8280
 2.940	1.8240
 2.941	1.9081
 2.943	1.9696
 2.945	1.9434
 2.946	1.7853
 2.948	1.7735
 2.950	1.8337
 2.951	1.8409
 2.953	1.7733
 2.955	1.8290
 2.956	1.8888
 2.958	1.9109
 2.960	1.8668
 2.961	1.8308
 2.963	1.7632
 2.965	1.7984
 2.967	1.7841
 2.968	1.9017
 2.970	1.9192
 2.972	1.9006
 2.973	1.8517
 2.975	1.8202
 2.977	1.7979
 2.978	1.9122
 2.980	1.9215
 2.982	1.8896
 2.984	1.8749
 2.985	1.8713
 2.987	1.8155
 2.989	1.8061
 2.990	1.8305
 2.992	1.8379
 2.994	1.7661
 2.996	1.8230
 2.997	1.8322
 2.999	1.8798
 3.001	1.8229
 3.003	1.7839
 3.004	1.8007
 3.006	1.8654
 3.008	1.8823
 3.010	1.8564
 3.011	1.8007
 3.013	1.8410
 3.015	1.8250
 3.017	1.8061
 3.018	1.7789
 3.020	1.8226
 3.022	1.8344
 3.024	1.8713
 3.025	1.8173
 3.027	1.8397
 3.029	1.8081
 3.031	1.8373
 3.032	1.8314
 3.034	1.7702
 3.036	1.7815
 3.038	1.8795
 3.040	1.8473
 3.041	1.8257
 3.043	1.8298
 3.045	1.8382
 3.047	1.7908
 3.048	1.8196
 3.050	1.7989
 3.052	1.8632
 3.054	1.8269
 3.056	1.7647
 3.057	1.7403
 3.059	1.7897
 3.061	1.7846
 3.063	1.8019
 3.065	1.7644
 3.067	1.7403
 3.068	1.7243
 3.070	1.7390
 3.072	1.7650
 3.074	1.8067
 3.076	1.7409
 3.077	1.7445
 3.079	1.7893
 3.081	1.8440
 3.083	1.8024
 3.085	1.8073
 3.087	1.8488
 3.088	1.8347
 3.090	1.7873
 3.092	1.8689
 3.094	1.8623
 3.096	1.8483
 3.098	1.8188
 3.100	1.8367
 3.101	1.7986
 3.103	1.7815
 3.105	1.7348
 3.107	1.7487
 3.109	1.7581
 3.111	1.8014
 3.113	1.7936
 3.114	1.7973
 3.116	1.7833
 3.118	1.8327
 3.120	1.7894
 3.122	1.7978
 3.124	1.7659
 3.126	1.7401
 3.128	1.6992
 3.129	1.7093
 3.131	1.7338
 3.133	1.8163
 3.135	1.8347
 3.137	1.8083
 3.139	1.7784
 3.141	1.7854
 3.143	1.7483
 3.145	1.7561
 3.147	1.7180
 3.148	1.7431
 3.150	1.7421
 3.152	1.7805
 3.154	1.7527
 3.156	1.7598
 3.158	1.7653
 3.160	1.7789
 3.162	1.7848
 3.164	1.7884
 3.166	1.7398
 3.168	1.7825
 3.170	1.7767
 3.172	1.7452
 3.173	1.7076
 3.175	1.7397
 3.177	1.7643
 3.179	1.7967
 3.181	1.7576
 3.183	1.7586
 3.185	1.7370
 3.187	1.7476
 3.189	1.7673
 3.191	1.7747
 3.193	1.7581
 3.195	1.7965
 3.197	1.7427
 3.199	1.7244
 3.201	1.7054
 3.203	1.7468
 3.205	1.7431
 3.207	1.8052
 3.209	1.7777
 3.211	1.7505
 3.213	1.7100
 3.215	1.7559
 3.217	1.7451
 3.219	1.7884
 3.221	1.7808
 3.223	1.7765
 3.225	1.7864
 3.227	1.8108
 3.229	1.7638
 3.231	1.7803
 3.233	1.7330
 3.235	1.7282
 3.237	1.7543
 3.239	1.7623
 3.241	1.6934
 3.243	1.7410
 3.245	1.7643
 3.247	1.7349
 3.249	1.6778
 3.251	1.6439
 3.253	1.6322
 3.255	1.6870
 3.257	1.6815
 3.259	1.7095
 3.261	1.7008
 3.263	1.6957
 3.265	1.7067
 3.267	1.7135
 3.270	1.6438
 3.272	1.6566
 3.274	1.6581
 3.276	1.6575
 3.278	1.6145
 3.280	1.6575
 3.282	1.6981
 3.284	1.7091
 3.286	1.7011
 3.288	1.7226
 3.290	1.7076
 3.292	1.7112
 3.294	1.6601
 3.297	1.6431
 3.299	1.6427
 3.301	1.6668
 3.303	1.6159
 3.305	1.5932
 3.307	1.6204
 3.309	1.6917
 3.311	1.7071
 3.313	1.7086
 3.316	1.6982
 3.318	1.6987
 3.320	1.6469
 3.322	1.6147
 3.324	1.5928
 3.326	1.6114
 3.328	1.5768
 3.330	1.5595
 3.333	1.5448
 3.335	1.5547
 3.337	1.5468
 3.339	1.6086
 3.341	1.6116
 3.343	1.5456
 3.345	1.5013
 3.348	1.5554
 3.350	1.5759
 3.352	1.6164
 3.354	1.5811
 3.356	1.5678
 3.358	1.5707
 3.361	1.5365
 3.363	1.4511
 3.365	1.4456
 3.367	1.4133
 3.369	1.4218
 3.372	1.4286
 3.374	1.4605
 3.376	1.4333
 3.378	1.4123
 3.380	1.4081
 3.383	1.4188
 3.385	1.4038
 3.387	1.4209
 3.389	1.3931
 3.391	1.4126
 3.394	1.3866
 3.396	1.3249
 3.398	1.2345
 3.400	1.2162
 3.403	1.1906
 3.405	1.2115
 3.407	1.2058
 3.409	1.2181
 3.411	1.2017
 3.414	1.2192
 3.416	1.2927
 3.418	1.4824
 3.420	1.7535
 3.423	2.1152
 3.425	2.4882
 3.427	2.8566
 3.430	3.0566
 3.432	3.0612
 3.434	2.8442
 3.436	2.6913
 3.439	2.5434
 3.441	2.4189
 3.443	2.2996
 3.445	2.2428
 3.448	2.2109
 3.450	2.2454
 3.452	2.2183
 3.455	2.1308
 3.457	2.0605
 3.459	2.0990
 3.462	2.1047
 3.464	2.0950
 3.466	2.0401
 3.469	1.9921
 3.471	1.9671
 3.473	1.9771
 3.476	1.9531
 3.478	1.9395
 3.480	1.8686
 3.483	1.8542
 3.485	1.8288
 3.487	1.8287
 3.490	1.7861
 3.492	1.7240
 3.494	1.6070
 3.497	1.5695
 3.499	1.5419
 3.501	1.5596
 3.504	1.6554
 3.506	1.9336
 3.508	2.4213
 3.511	2.9412
 3.513	3.0560
 3.516	2.8971
 3.518	2.7136
 3.520	2.5967
 3.523	2.4847
 3.525	2.4059
 3.528	2.3454
 3.530	2.3466
 3.532	2.3192
 3.535	2.2926
 3.537	2.2657
 3.540	2.2237
 3.542	2.1547
 3.544	2.1462
 3.547	2.1434
 3.549	2.1721
 3.552	2.1585
 3.554	2.1292
 3.557	2.0940
 3.559	2.0891
 3.561	2.0790
 3.564	2.1144
 3.566	2.1202
 3.569	2.1129
 3.571	2.0818
 3.574	2.0789
 3.576	2.0341
 3.579	2.0377
 3.581	2.0291
 3.584	2.0319
 3.586	2.0482
 3.589	2.0617
 3.591	2.0304
 3.594	2.0468
 3.596	2.0511
 3.599	2.0481
 3.601	2.0155
 3.604	2.0534
 3.606	2.0854
 3.609	2.0737
 3.611	2.0112
 3.614	1.9896
 3.616	1.9937
 3.619	2.0357
 3.621	2.0338
 3.624	2.0131
 3.626	1.9960
 3.629	2.0048
 3.631	2.0073
 3.634	2.0571
 3.636	2.0152
 3.639	1.9903
 3.641	1.9916
 3.644	2.0308
 3.647	2.0226
 3.649	1.9911
 3.652	1.9580
 3.654	1.9800
 3.657	1.9992
 3.659	2.0317
 3.662	2.0152
 3.665	2.0207
 3.667	2.0007
 3.670	2.0084
 3.672	1.9884
 3.675	2.0122
 3.678	1.9858
 3.680	1.9459
 3.683	1.9504
 3.685	1.9658
 3.688	1.9915
 3.691	2.0368
 3.693	2.0096
 3.696	1.9747
 3.699	1.9769
 3.701	1.9848
 3.704	1.9559
 3.707	1.9639
 3.709	1.9847
 3.712	2.0087
 3.715	2.0021
 3.717	1.9941
 3.720	1.9657
 3.723	1.9442
 3.725	1.9235
 3.728	1.9669
 3.731	1.9695
 3.733	1.9545
 3.736	1.9221
 3.739	1.9716
 3.741	1.9775
 3.744	1.9551
 3.747	1.9562
 3.749	1.9768
 3.752	1.9728
 3.755	2.0033
 3.758	2.0078
 3.760	1.9942
 3.763	1.9831
 3.766	2.0113
 3.769	2.0302
 3.771	2.0433
 3.774	2.0134
 3.777	2.0276
 3.779	2.0069
 3.782	1.9921
 3.785	1.9712
 3.788	1.9985
 3.791	1.9852
 3.793	2.0089
 3.796	1.9987
 3.799	1.9985
 3.802	2.0078
 3.804	2.0243
 3.807	2.0229
 3.810	2.0390
 3.813	2.0332
 3.816	2.0213
 3.818	1.9954
 3.821	1.9831
 3.824	1.9901
 3.827	2.0339
 3.830	2.0217
 3.833	2.0351
 3.835	2.0524
 3.838	2.0668
 3.841	2.0459
 3.844	2.0270
 3.847	2.0169
 3.850	2.0037
 3.852	1.9949
 3.855	2.0061
 3.858	2.0255
 3.861	2.0553
 3.864	2.0196
 3.867	2.0058
 3.870	2.0249
 3.873	2.0457
 3.876	2.0289
 3.878	2.0326
 3.881	2.0382
 3.884	2.0583
 3.887	2.0508
 3.890	2.0326
 3.893	2.0008
 3.896	1.9941
 3.899	2.0143
 3.902	2.0478
 3.905	2.0228
 3.908	2.0093
 3.911	2.0267
 3.914	2.0394
 3.917	2.0310
 3.919	2.0565
 3.922	2.0733
 3.925	2.0862
 3.928	2.0767
 3.931	2.0786
 3.934	2.0272
 3.937	2.0120
 3.940	2.0325
 3.943	2.0223
 3.946	1.9789
 3.949	1.9992
 3.952	2.0339
 3.955	2.0716
 3.958	2.0602
 3.961	2.0792
 3.964	2.0522
 3.967	2.0554
 3.970	2.0840
 3.974	2.0792
 3.977	2.0387
 3.980	2.0463
 3.983	2.0124
 3.986	1.9984
 3.989	2.0267
 3.992	2.0598
 3.995	2.0388
 3.998	2.0084
 4.001	2.0006
 4.004	2.0309
 4.007	2.0414
 4.010	2.0611
 4.014	2.0398
 4.017	2.0338
 4.020	2.0135
 4.023	2.0129
 4.026	2.0095
 4.029	2.0343
 4.032	2.0298
 4.035	2.0127
 4.039	1.9786
 4.042	2.0180
 4.045	2.0323
 4.048	2.0180
 4.051	2.0138
 4.054	2.0254
 4.057	2.0223
 4.061	2.0166
 4.064	1.9907
 4.067	2.0103
 4.070	2.0255
 4.073	2.0386
 4.077	2.0281
 4.080	2.0556
 4.083	2.0783
 4.086	2.0733
 4.089	2.0471
 4.093	2.0554
 4.096	2.0515
 4.099	2.0525
 4.102	2.0377
 4.106	2.0353
 4.109	2.0161
 4.112	2.0121
 4.115	2.0078
 4.119	2.0301
 4.122	2.0180
 4.125	2.0109
 4.129	1.9805
 4.132	1.9900
 4.135	2.0184
 4.138	2.0309
 4.142	2.0222
 4.145	2.0255
 4.148	2.0388
 4.152	2.0759
 4.155	2.0193
 4.158	1.9935
 4.162	1.9973
 4.165	1.9689
 4.168	1.9752
 4.172	1.9860
 4.175	1.9608
 4.178	1.9882
 4.182	2.0032
 4.185	2.0274
 4.189	2.0185
 4.192	2.0193
 4.195	2.0008
 4.199	1.9956
 4.202	1.9963
 4.206	2.0255
 4.209	2.0571
 4.212	2.0745
 4.216	2.0536
 4.219	2.0677
 4.223	2.0981
 4.226	2.1427
 4.230	2.1483
 4.233	2.1521
 4.236	2.1422
 4.240	2.1649
 4.243	2.1506
 4.247	2.1286
 4.250	2.0597
 4.254	2.0620
 4.257	2.0160
 4.261	2.0043
 4.264	2.0292
 4.268	2.0719
 4.271	2.1352
 4.275	2.1395
 4.278	2.1469
 4.282	2.1816
 4.285	2.1485
 4.289	2.1471
 4.293	2.1355
 4.296	2.0615
 4.300	2.0883
 4.303	2.1542
 4.307	2.1210
 4.310	2.0665
 4.314	2.0184
 4.318	1.9868
 4.321	1.9777
 4.325	2.0252
 4.328	2.0209
 4.332	2.0058
 4.336	1.9886
 4.339	1.9621
 4.343	1.9837
 4.347	2.0171
 4.350	1.9940
 4.354	1.9627
 4.358	1.9866
 4.361	1.9907
 4.365	1.9772
 4.369	2.0047
 4.372	2.0080
 4.376	1.9897
 4.380	1.9921
 4.383	2.0129
 4.387	2.0074
 4.391	1.9803
 4.394	1.9969
 4.398	2.0056
 4.402	1.9921
 4.406	1.9703
 4.409	1.9590
 4.413	1.9626
 4.417	1.9529
 4.421	1.9826
 4.424	1.9851
 4.428	1.9393
 4.432	1.9215
 4.436	1.9331
 4.440	1.9376
 4.443	1.9453
 4.447	1.9384
 4.451	1.9684
 4.455	2.0077
 4.459	1.9986
 4.463	1.9966
 4.466	1.9829
 4.470	1.9587
 4.474	1.9358
 4.478	1.9500
 4.482	1.9480
 4.486	1.9411
 4.490	1.9771
 4.493	2.0046
 4.497	1.9863
 4.501	1.9634
 4.505	1.9539
 4.509	1.9624
 4.513	1.9886
 4.517	1.9855
 4.521	1.9708
 4.525	1.9630
 4.529	1.9468
 4.533	1.9394
 4.537	1.9329
 4.541	1.9502
 4.545	1.9265
 4.549	1.9265
 4.553	1.9776
 4.557	1.9759
 4.561	1.9346
 4.565	1.9536
 4.569	1.9481
 4.573	1.9365
 4.577	1.9645
 4.581	1.9690
 4.585	1.9755
 4.589	1.9783
 4.593	1.9766
 4.597	1.9712
 4.601	2.0027
 4.605	1.9977
 4.609	1.9708
 4.613	1.9570
 4.617	1.9624
 4.622	1.9853
 4.626	1.9854
 4.630	1.9812
 4.634	1.9798
 4.638	1.9661
 4.642	1.9732
 4.646	1.9813
 4.651	1.9697
 4.655	1.9647
 4.659	1.9579
 4.663	1.9222
 4.667	1.9029
 4.672	1.9449
 4.676	1.9803
 4.680	1.9711
 4.684	1.9562
 4.688	1.9450
 4.693	1.9426
 4.697	1.9372
 4.701	1.9244
 4.705	1.9312
 4.710	1.9399
 4.714	1.9563
 4.718	1.9871
 4.723	1.9289
 4.727	1.9153
 4.731	1.9628
 4.736	1.9662
 4.740	1.9783
 4.744	1.9947
 4.749	2.0040
 4.753	1.9846
 4.757	1.9867
 4.762	1.9894
 4.766	1.9966
 4.770	1.9835
 4.775	1.9655
 4.779	1.9501
 4.784	1.9699
 4.788	2.0100
 4.792	2.0300
 4.797	2.0179
 4.801	2.0086
 4.806	1.9555
 4.810	1.9126
 4.815	1.9117
 4.819	1.9406
 4.824	1.9627
 4.828	1.9955
 4.833	1.9962
 4.837	1.9962
 4.842	1.9708
 4.846	1.9774
 4.851	1.9958
 4.855	1.9764
 4.860	1.9652
 4.864	2.0334
 4.869	2.0472
 4.874	1.9975
 4.878	1.9586
 4.883	1.9711
 4.887	2.0036
 4.892	2.0264
 4.897	1.9895
 4.901	1.9744
 4.906	1.9855
 4.910	2.0051
 4.915	2.0000
 4.920	1.9607
 4.924	1.9521
 4.929	1.9793
 4.934	1.9838
 4.939	1.9805
 4.943	1.9637
 4.948	1.9655
 4.953	1.9879
 4.957	2.0029
 4.962	1.9938
 4.967	1.9978
 4.972	1.9939
 4.976	1.9731
 4.981	1.9801
 4.986	2.0037
 4.991	2.0041
 4.996	1.9888
 5.000	1.9649
 5.005	1.9884
 5.010	2.0032
 5.015	2.0182
 5.020	2.0397
 5.025	2.0282
 5.030	1.9769
 5.034	1.9667
 5.039	1.9703
 5.044	1.9967
 5.049	2.0342
 5.054	2.0489
 5.059	2.0167
 5.064	2.0259
 5.069	2.0315
 5.074	2.0229
 5.079	2.0295
 5.084	2.0436
 5.089	2.0472
 5.094	2.0681
 5.099	2.0556
 5.104	1.9983
 5.109	1.9661
 5.114	1.9878
 5.119	2.0004
 5.124	2.0091
 5.129	2.0027
 5.134	2.0048
 5.139	2.0314
 5.144	2.0460
 5.149	2.0011
 5.155	1.9884
 5.160	2.0298
 5.165	2.0589
 5.170	2.0394
 5.175	2.0223
 5.180	1.9753
 5.185	1.9825
 5.191	2.0023
 5.196	2.0083
 5.201	2.0100
 5.206	2.0071
 5.211	2.0346
 5.217	2.0547
 5.222	2.0161
 5.227	2.0160
 5.233	2.0113
 5.238	2.0437
 5.243	2.0441
 5.248	2.0210
 5.254	2.0031
 5.259	2.0222
 5.264	2.0298
 5.270	2.0292
 5.275	2.0432
 5.280	2.0579
 5.286	2.0199
 5.291	2.0093
 5.297	2.0358
 5.302	2.0664
 5.308	2.0565
 5.313	2.0392
 5.318	1.9983
 5.324	1.9861
 5.329	1.9976
 5.335	2.0670
 5.340	2.0772
 5.346	2.0754
 5.351	2.0197
 5.357	1.9930
 5.362	1.9940
 5.368	2.0507
 5.374	2.0300
 5.379	2.0032
 5.385	2.0052
 5.390	2.0310
 5.396	2.0263
 5.401	2.0477
 5.407	2.0269
 5.413	1.9971
 5.418	1.9734
 5.424	1.9912
 5.430	2.0087
 5.435	2.054
 5.441	2.0585
 5.447	2.0323
 5.453	1.9880
 5.458	1.9793
 5.464	1.9677
 5.470	1.9734
 5.476	1.9476
 5.481	1.9532
 5.487	1.9638
 5.493	1.9961
 5.499	1.9834
 5.505	1.9565
 5.511	1.9314
 5.516	1.9325
 5.522	1.9350
 5.528	1.9538
 5.534	1.9356
 5.540	1.9354
 5.546	1.9271
 5.552	1.9380
 5.558	1.9478
 5.564	1.9168
 5.570	1.8695
 5.576	1.8821
 5.582	1.9103
 5.588	1.9262
 5.594	1.8884
 5.600	1.8895
 5.606	1.8947
 5.612	1.9243
 5.618	1.8712
 5.624	1.8404
 5.630	1.8578
 5.636	1.8864
 5.642	1.8574
 5.649	1.8165
 5.655	1.8107
 5.661	1.8361
 5.667	1.8277
 5.673	1.8293
 5.680	1.7844
 5.686	1.7654
 5.692	1.7853
 5.698	1.8182
 5.705	1.7880
 5.711	1.7821
 5.717	1.7264
 5.723	1.7196
 5.730	1.7249
 5.736	1.7351
 5.742	1.6974
 5.749	1.6919
 5.755	1.6898
 5.762	1.7529
 5.768	1.7526
 5.774	1.7285
 5.781	1.7198
 5.787	1.7433
 5.794	1.7407
 5.800	1.7764
 5.807	1.8333
 5.813	1.8907
 5.820	1.8649
 5.826	1.9020
 5.833	1.9377
 5.839	1.9676
 5.846	1.9511
 5.853	1.9933
 5.859	2.0310
 5.866	2.0587
 5.873	2.0502
 5.879	2.1128
 5.886	2.1208
 5.893	2.1807
 5.899	2.1868
 5.906	2.1746
 5.913	2.1634
 5.919	2.1820
 5.926	2.1408
 5.933	2.1731
 5.940	2.1866
 5.947	2.1716
 5.953	2.1372
 5.960	2.1370
 5.967	2.1264
 5.974	2.1615
 5.981	2.1238
 5.988	2.1046
 5.995	2.0849
 6.002	2.0751
 6.009	1.9833
 6.016	2.0035
 6.023	2.0465
 6.030	2.1228
 6.037	2.1167
 6.044	2.1453
 6.051	2.1048
 6.058	2.0446
 6.065	2.0197
 6.072	2.0890
 6.079	2.0803
 6.086	2.0530
 6.093	1.9815
 6.101	2.0349
 6.108	2.0404
 6.115	2.0870
 6.122	2.1034
 6.129	2.1567
 6.137	2.1035
 6.144	2.0772
 6.151	2.0949
 6.158	2.1836
 6.166	2.1609
 6.173	2.1472
 6.180	2.1419
 6.188	2.2317
 6.195	2.1987
 6.203	2.2046
 6.210	2.2089
 6.218	2.2383
 6.225	2.1976
 6.232	2.2340
 6.240	2.2018
 6.248	2.2122
 6.255	2.1979
 6.263	2.2480
 6.270	2.2387
 6.278	2.2446
 6.285	2.1975
 6.293	2.2333
 6.301	2.1984
 6.308	2.1876
 6.316	2.1446
 6.324	2.1687
 6.331	2.1802
 6.339	2.2372
 6.347	2.2008
 6.355	2.2171
 6.362	2.1785
 6.370	2.1977
 6.378	2.1979
 6.386	2.2018
 6.394	2.1762
 6.402	2.2204
 6.410	2.2249
 6.418	2.2256
 6.426	2.1920
 6.434	2.2372
 6.442	2.2181
 6.450	2.2209
 6.458	2.1884
 6.466	2.2050
 6.474	2.1779
 6.482	2.1804
 6.490	2.1410
 6.498	2.1692
 6.506	2.1155
 6.514	2.1415
 6.523	2.1255
 6.531	2.1370
 6.539	2.1319
 6.547	2.1405
 6.556	2.1045
 6.564	2.1302
 6.572	2.1272
 6.580	2.1493
 6.589	2.1070
 6.597	2.1149
 6.606	2.0933
 6.614	2.1033
 6.623	2.0473
 6.631	2.0973
 6.639	2.1135
 6.648	2.1115
 6.657	2.0775
 6.665	2.1174
 6.674	2.1060
 6.682	2.1068
 6.691	2.1066
 6.700	2.1512
 6.708	2.1121
 6.717	2.0799
 6.726	2.0005
 6.734	2.0006
 6.743	1.9841
 6.752	1.9991
 6.761	1.9652
 6.769	1.9332
 6.778	1.8990
 6.787	2.1176
 6.796	2.2056
 6.805	2.1312
 6.814	2.0720
 6.823	2.1617
 6.832	2.3754
 6.841	2.6102
 6.850	2.4501
 6.859	2.3280
 6.868	2.2386
 6.877	2.2224
 6.886	2.1794
 6.896	2.2275
 6.905	2.2071
 6.914	2.2188
 6.923	2.1786
 6.932	2.1791
 6.942	2.1782
 6.951	2.2068
 6.960	2.2074
 6.970	2.2717
 6.979	2.1984
 6.988	2.2008
 6.998	2.2120
 7.007	2.2706
 7.017	2.2296
 7.026	2.2565
 7.036	2.2098
 7.045	2.1880
 7.055	2.1377
 7.065	2.1789
 7.074	2.1830
 7.084	2.2172
 7.094	2.1766
 7.103	2.2168
 7.113	2.1790
 7.123	2.2121
 7.133	2.1801
 7.142	2.1731
 7.152	2.1425
 7.162	2.2017
 7.172	2.1685
 7.182	2.1932
 7.192	2.1677
 7.202	2.1807
 7.212	2.1101
 7.222	2.1667
 7.232	2.1680
 7.242	2.2145
 7.252	2.1839
 7.262	2.1934
 7.273	2.1553
 7.283	2.1680
 7.293	2.1234
 7.303	2.1469
 7.314	2.1299
 7.324	2.1700
 7.334	2.1511
 7.345	2.2027
 7.355	2.1470
 7.366	2.1686
 7.376	2.1408
 7.387	2.1929
 7.397	2.1849
 7.408	2.2055
 7.418	2.1471
 7.429	2.1893
 7.440	2.1633
 7.450	2.1920
 7.461	2.1359
 7.472	2.1908
 7.483	2.1791
 7.493	2.1779
 7.504	2.0693
 7.515	2.1148
 7.526	2.1684
 7.537	2.2159
 7.548	2.1511
 7.559	2.1858
 7.570	2.1546
 7.581	2.1704
 7.592	2.1547
 7.603	2.1915
 7.614	2.1555
 7.626	2.1596
 7.637	2.1141
 7.648	2.1416
 7.659	2.1223
 7.671	2.1648
 7.682	2.0860
 7.694	2.0881
 7.705	2.0659
 7.716	2.0971
 7.728	2.0684
 7.739	2.1199
 7.751	2.0916
 7.763	2.1387
 7.774	2.1035
 7.786	2.1466
 7.798	2.0738
 7.809	2.0998
 7.821	2.1281
 7.833	2.1794
 7.845	2.1140
 7.857	2.1495
 7.869	2.1433
 7.881	2.1979
 7.893	2.1398
 7.905	2.1404
 7.917	2.0960
 7.929	2.1348
 7.941	2.1169
 7.953	2.1414
 7.965	2.1111
 7.978	2.1693
 7.990	2.1315
 8.002	2.1956
 8.015	2.1509
 8.027	2.1861
 8.039	2.1770
 8.052	2.2231
 8.064	2.1486
 8.077	2.2503
 8.090	2.2400
 8.102	2.3095
 8.115	2.2885
 8.128	2.2861
 8.140	2.1738
 8.153	2.2282
 8.166	2.1561
 8.179	2.1549
 8.192	2.1600
 8.205	2.2893
 8.218	2.2638
 8.231	2.2959
 8.244	2.2325
 8.257	2.3199
 8.270	2.2522
 8.283	2.3061
 8.297	2.2150
 8.310	2.1916
 8.323	2.1551
 8.337	2.2814
 8.350	2.2479
 8.364	2.3249
 8.377	2.2684
 8.391	2.2972
 8.404	2.2051
 8.418	2.2379
 8.432	2.2240
 8.445	2.3147
 8.459	2.2541
 8.473	2.3030
 8.487	2.2710
 8.501	2.3259
 8.515	2.3349
 8.529	2.4921
 8.543	2.4310
 8.557	2.4717
 8.571	2.4385
 8.585	2.5285
 8.599	2.5446
 8.614	2.6116
 8.628	2.4742
 8.642	2.5102
 8.657	2.5299
 8.671	2.6269
 8.686	2.4978
 8.700	2.5621
 8.715	2.5740
 8.730	2.6344
 8.744	2.5130
 8.759	2.5469
 8.774	2.5923
 8.789	2.6512
 8.804	2.4780
 8.819	2.5635
 8.834	2.5957
 8.849	2.6563
 8.864	2.5370
 8.879	2.6365
 8.894	2.5597
 8.910	2.6003
 8.925	2.5460
 8.940	2.6826
 8.956	2.6002
 8.971	2.6328
 8.987	2.5906
 9.002	2.6107
 9.018	2.5141
 9.034	2.5883
 9.050	2.4838
 9.065	2.4878
 9.081	2.3723
 9.097	2.4740
 9.113	2.4377
 9.129	2.5317
 9.145	2.5097
 9.162	2.5063
 9.178	2.3425
 9.194	2.3971
 9.210	2.3559
 9.227	2.4369
 9.243	2.3858
 9.260	2.4288
 9.276	2.3016
 9.293	2.3918
 9.310	2.3336
 9.326	2.4701
 9.343	2.4502
 9.360	2.5421
 9.377	2.3991
 9.394	2.4730
 9.411	2.4748
 9.428	2.5506
 9.445	2.4300
 9.462	2.5040
 9.480	2.4517
 9.497	2.5322
 9.515	2.4620
 9.532	2.5595
 9.550	2.4601
 9.567	2.4654
 9.585	2.4175
 9.603	2.4991
 9.620	2.4058
 9.638	2.4988
 9.656	2.3832
 9.674	2.4950
 9.692	2.5254
 9.711	2.6259
 9.729	2.5135
 9.747	2.5272
 9.765	2.4005
 9.784	2.4557
 9.802	2.3675
 9.821	2.4164
 9.839	2.3632
 9.858	2.4197
 9.877	2.3111
 9.896	2.4113
 9.915	2.3898
 9.934	2.5049
 9.953	2.3461
 9.972	2.3994
 9.991	2.4103
10.010	2.5574
10.030	2.4848
10.049	2.4619
10.069	2.3206
10.088	2.3683
10.108	2.3363
10.128	2.4485
10.148	2.3898
10.167	2.4609
10.187	2.4270
10.207	2.5114
10.228	2.4276
10.248	2.4646
10.268	2.3716
10.289	2.4601
10.309	2.3678
10.330	2.4494
10.350	2.4073
10.371	2.5400
10.392	2.4904
10.412	2.4993
10.433	2.3927
10.454	2.4850
10.476	2.4384
10.497	2.5426
10.518	2.4875
10.539	2.5891
10.561	2.5152
10.582	2.4786
10.604	2.3028
10.626	2.4557
10.648	2.4458
10.670	2.4830
10.692	2.3712
10.714	2.4555
10.736	2.3455
10.758	2.4674
10.780	2.4157
10.803	2.4583
10.825	2.3797
10.848	2.4493
10.871	2.3964
10.894	2.5132
10.917	2.4473
10.940	2.5591
10.963	2.4068
10.986	2.4211
11.009	2.3932
11.033	2.5164
11.056	2.3565
11.080	2.3647
11.104	2.3372
11.127	2.4598
11.151	2.3448
11.175	2.4453
11.200	2.3829
11.224	2.4568
11.248	2.3200
11.273	2.3860
11.297	2.2878
11.322	2.3574
11.347	2.2264
11.372	2.3127
11.397	2.2659
11.422	2.3773
11.447	2.2939
11.472	2.3751
11.498	2.2805
11.523	2.4146
11.549	2.3320
11.575	2.3830
11.600	2.2836
11.626	2.3327
11.653	2.2723
11.679	2.3541
11.705	2.1752
11.732	2.2344
11.758	2.1152
11.785	2.2160
11.812	2.1256
11.839	2.3004
11.866	2.2819
11.893	2.3454
11.920	2.1338
11.948	2.2356
11.976	2.1751
12.003	2.2591
12.031	2.1564
12.059	2.2697
12.087	2.1516
12.115	2.2601
12.144	2.1618
12.172	2.2446
12.201	2.0668
12.230	2.2400
12.259	2.2861
12.288	2.3898
12.317	2.1751
12.346	2.2241
12.376	2.0753
12.405	2.1837
12.435	2.1517
12.465	2.3485
12.495	2.2189
12.525	2.3160
12.555	2.0702
12.586	2.1389
12.617	2.0621
12.647	2.2058
12.678	2.1014
12.709	2.2671
12.741	2.1632
12.772	2.2943
12.803	2.1648
12.835	2.2045
12.867	2.0577
12.899	2.2780
12.931	2.2353
12.964	2.3947
12.996	2.2479
13.029	2.4199
13.061	2.2844
13.094	2.4192
13.128	2.3107
13.161	2.4754
13.194	2.3135
13.228	2.5175
13.262	2.3216
13.296	2.3644
13.330	2.3163
13.364	2.4681
13.399	2.3186
13.434	2.4460
13.469	2.2516
13.504	2.4326
13.539	2.2993
13.574	2.4384
13.610	2.2985
13.646	2.4510
13.682	2.2313
13.718	2.4325
13.754	2.4343
13.791	2.5455
13.828	2.3948
13.865	2.7895
13.902	2.6807
13.939	2.7109
13.977	2.5418
14.015	2.7992
14.053	2.5559
14.091	2.7433
14.129	2.5519
14.168	2.6745
14.207	2.6713
14.246	3.0469
14.285	2.8101
14.324	2.9585
14.364	2.7609
14.404	2.9245
14.444	2.6857
14.484	2.8805
14.525	2.5950
14.566	2.9205
14.607	2.7640
14.648	2.9387
14.690	2.6904
14.731	3.1198
14.773	2.9893
14.815	3.2009
14.858	2.7607
14.901	2.9957
14.944	2.8034
14.987	3.2497
15.030	2.9458
15.074	3.3660
15.118	3.0536
15.162	3.2843
15.206	3.0030
15.251	3.3677
15.296	2.9452
15.341	3.1852
15.387	0

