Name: Aloe bainesii
Type: vegetation
Class: Tree
Genus: Aloe
Species: bainesii
Sample No.: JPL059
Owner: JPL
Wavelength Range: All
Origin: 34.12725; - 118.11075; WGS84
Collection Date: 2/2/2016
Description: Samples were collected at the Huntington Garden in San
Marino California as part of a JPL Subcontract studying HyTES imagery.
Samples were taken to JPL and processed within 48 hours of collection.
The same leaves were processed in the Nicolet and then measured using
the ASD.
 
Measurement: Bidirectional and directional hemispherical reflectance
First Column: X
Second Column: Y
X Units: Wavelength (micrometer)
Y Units: Reflectance (percentage)
First X Value: 0.35
Last X Value: 15.3869
Number of X Values: 3889
Additional Information: 

0.35   4.10902
0.351   1.76325
0.352   1.61588
0.353   2.85461
0.354   3.64871
0.355   2.67728
0.356   3.61355
0.357   4.93034
0.358   3.42260
0.359   2.50169
0.36   2.59322
0.361   3.19809
0.362   3.21911
0.363   2.81760
0.364   2.38508
0.365   2.37895
0.366   3.25055
0.367   3.32067
0.368   2.63748
0.369   2.43445
0.37   2.87874
0.371   3.36375
0.372   3.46955
0.373   3.23997
0.374   2.65131
0.375   2.40669
0.376   2.95217
0.377   2.68649
0.378   2.23754
0.379   2.15000
0.38   2.71140
0.381   2.87037
0.382   2.82691
0.383   2.82141
0.384   2.66170
0.385   2.54602
0.386   2.41082
0.387   2.23116
0.388   2.86013
0.389   2.94793
0.39   2.38545
0.391   2.38692
0.392   2.38771
0.393   2.44875
0.394   2.60908
0.395   2.51733
0.396   2.80075
0.397   3.17713
0.398   3.02712
0.399   2.45864
0.4   2.40339
0.401   2.89201
0.402   2.76978
0.403   2.63239
0.404   2.80858
0.405   3.22423
0.406   2.60194
0.407   2.60932
0.408   3.18599
0.409   3.19258
0.41   2.96190
0.411   3.05327
0.412   3.46942
0.413   3.16804
0.414   2.96015
0.415   3.03106
0.416   3.26691
0.417   3.14529
0.418   3.09901
0.419   3.22493
0.42   3.27313
0.421   3.24015
0.422   3.21770
0.423   3.25876
0.424   3.26478
0.425   3.27210
0.426   3.31862
0.427   3.41698
0.428   3.37548
0.429   3.38283
0.43   3.50812
0.431   3.61848
0.432   3.64267
0.433   3.68795
0.434   3.82029
0.435   3.75740
0.436   3.75195
0.437   3.83224
0.438   3.85352
0.439   3.78661
0.44   3.80751
0.441   3.98691
0.442   4.10236
0.443   4.13065
0.444   4.13079
0.445   4.18182
0.446   4.21636
0.447   4.17492
0.448   4.12687
0.449   4.28333
0.45   4.34395
0.451   4.37297
0.452   4.46307
0.453   4.50544
0.454   4.53094
0.455   4.53507
0.456   4.50228
0.457   4.53248
0.458   4.58602
0.459   4.62694
0.46   4.66355
0.461   4.69237
0.462   4.72669
0.463   4.77220
0.464   4.75930
0.465   4.79241
0.466   4.88655
0.467   4.95601
0.468   4.90436
0.469   4.83137
0.47   4.83673
0.471   4.90385
0.472   4.92392
0.473   4.90110
0.474   4.90442
0.475   4.96537
0.476   5.00433
0.477   5.00426
0.478   5.06980
0.479   5.04906
0.48   5.03075
0.481   5.12386
0.482   5.19679
0.483   5.19104
0.484   5.12456
0.485   5.08026
0.486   5.10090
0.487   5.13877
0.488   5.15947
0.489   5.21042
0.49   5.26531
0.491   5.28611
0.492   5.25225
0.493   5.32131
0.494   5.35715
0.495   5.33143
0.496   5.41114
0.497   5.47274
0.498   5.49246
0.499   5.49562
0.5   5.58946
0.501   5.65337
0.502   5.69948
0.503   5.83933
0.504   5.88980
0.505   5.92629
0.506   6.01621
0.507   6.10470
0.508   6.20126
0.509   6.31465
0.51   6.45017
0.511   6.59288
0.512   6.70941
0.513   6.81485
0.514   6.98762
0.515   7.15527
0.516   7.33762
0.517   7.55896
0.518   7.77533
0.519   7.96629
0.52   8.15661
0.521   8.39882
0.522   8.61719
0.523   8.81253
0.524   9.00706
0.525   9.24455
0.526   9.46031
0.527   9.66707
0.528   9.89617
0.529   10.0899
0.53   10.2567
0.531   10.4167
0.532   10.5983
0.533   10.7555
0.534   10.9006
0.535   11.0490
0.536   11.1696
0.537   11.2778
0.538   11.3772
0.539   11.4653
0.54   11.5838
0.541   11.6996
0.542   11.7885
0.543   11.8671
0.544   11.9336
0.545   11.9997
0.546   12.0747
0.547   12.1242
0.548   12.1766
0.549   12.2416
0.55   12.3016
0.551   12.3221
0.552   12.3270
0.553   12.3459
0.554   12.3722
0.555   12.3729
0.556   12.3516
0.557   12.3356
0.558   12.2938
0.559   12.2323
0.56   12.1636
0.561   12.1039
0.562   12.0358
0.563   11.9542
0.564   11.8620
0.565   11.7749
0.566   11.6870
0.567   11.5806
0.568   11.4265
0.569   11.2706
0.57   11.1399
0.571   11.0396
0.572   10.9256
0.573   10.8000
0.574   10.6727
0.575   10.5583
0.576   10.4536
0.577   10.3720
0.578   10.3143
0.579   10.2564
0.58   10.1850
0.581   10.1112
0.582   10.0499
0.583   9.97363
0.584   9.89670
0.585   9.82342
0.586   9.74708
0.587   9.70508
0.588   9.67275
0.589   9.62328
0.59   9.56808
0.591   9.54177
0.592   9.53114
0.593   9.49673
0.594   9.44571
0.595   9.41431
0.596   9.40998
0.597   9.38734
0.598   9.34054
0.599   9.30518
0.6   9.30581
0.601   9.24056
0.602   9.21231
0.603   9.21876
0.604   9.15539
0.605   9.08440
0.606   9.02325
0.607   8.97703
0.608   8.94513
0.609   8.89034
0.61   8.81269
0.611   8.73369
0.612   8.66281
0.613   8.60301
0.614   8.54473
0.615   8.45874
0.616   8.37186
0.617   8.30691
0.618   8.26972
0.619   8.20577
0.62   8.14567
0.621   8.10610
0.622   8.08877
0.623   8.06665
0.624   8.04536
0.625   8.02544
0.626   7.97922
0.627   7.96611
0.628   7.97827
0.629   7.98113
0.63   7.95791
0.631   7.95387
0.632   7.96544
0.633   7.93185
0.634   7.89860
0.635   7.86955
0.636   7.83674
0.637   7.78718
0.638   7.72257
0.639   7.63605
0.64   7.52477
0.641   7.45563
0.642   7.40638
0.643   7.33981
0.644   7.21103
0.645   7.10175
0.646   7.01614
0.647   6.94159
0.648   6.90680
0.649   6.86229
0.65   6.79956
0.651   6.74612
0.652   6.71806
0.653   6.69459
0.654   6.65942
0.655   6.61951
0.656   6.58356
0.657   6.55247
0.658   6.51897
0.659   6.45086
0.66   6.37852
0.661   6.32263
0.662   6.28649
0.663   6.23225
0.664   6.16927
0.665   6.11474
0.666   6.07595
0.667   6.04899
0.668   6.03038
0.669   6.01708
0.67   6.00906
0.671   5.99964
0.672   5.99924
0.673   6.04244
0.674   6.05925
0.675   6.08350
0.676   6.14810
0.677   6.17761
0.678   6.22817
0.679   6.31053
0.68   6.40259
0.681   6.48787
0.682   6.58443
0.683   6.70018
0.684   6.81441
0.685   6.98173
0.686   7.18266
0.687   7.38828
0.688   7.63802
0.689   7.92962
0.69   8.27569
0.691   8.69921
0.692   9.19252
0.693   9.75402
0.694   10.3904
0.695   11.1201
0.696   11.9233
0.697   12.7885
0.698   13.7059
0.699   14.6827
0.7   15.7030
0.701   16.7594
0.702   17.8518
0.703   18.9611
0.704   20.0910
0.705   21.2338
0.706   22.3505
0.707   23.4803
0.708   24.6393
0.709   25.8241
0.71   26.9644
0.711   28.1091
0.712   29.2854
0.713   30.4965
0.714   31.7048
0.715   32.9110
0.716   34.1225
0.717   35.3457
0.718   36.5496
0.719   37.7462
0.72   38.9588
0.721   40.1476
0.722   41.2967
0.723   42.4225
0.724   43.5701
0.725   44.6831
0.726   45.7659
0.727   46.8149
0.728   47.7725
0.729   48.7188
0.73   49.6386
0.731   50.4828
0.732   51.2879
0.733   52.0551
0.734   52.7832
0.735   53.4715
0.736   54.1207
0.737   54.7238
0.738   55.2852
0.739   55.8423
0.74   56.3450
0.741   56.7991
0.742   57.2303
0.743   57.6317
0.744   57.9945
0.745   58.3147
0.746   58.5962
0.747   58.8782
0.748   59.1254
0.749   59.3223
0.75   59.5261
0.751   59.7060
0.752   59.8678
0.753   60.0187
0.754   60.1073
0.755   60.2104
0.756   60.3378
0.757   60.4411
0.758   60.5114
0.759   60.5781
0.76   60.6544
0.761   60.7152
0.762   60.7500
0.763   60.7882
0.764   60.8504
0.765   60.8756
0.766   60.8873
0.767   60.9067
0.768   60.9453
0.769   60.9502
0.77   60.9846
0.771   61.0527
0.772   61.0614
0.773   61.0515
0.774   61.0444
0.775   61.0591
0.776   61.1244
0.777   61.1629
0.778   61.1606
0.779   61.1484
0.78   61.2086
0.781   61.2620
0.782   61.2724
0.783   61.2653
0.784   61.3042
0.785   61.3653
0.786   61.4081
0.787   61.3929
0.788   61.4137
0.789   61.4421
0.79   61.4305
0.791   61.4388
0.792   61.4721
0.793   61.5248
0.794   61.5799
0.795   61.5882
0.796   61.5793
0.797   61.5881
0.798   61.6404
0.799   61.6681
0.8   61.6919
0.801   61.7303
0.802   61.7323
0.803   61.7290
0.804   61.7250
0.805   61.7202
0.806   61.7501
0.807   61.7662
0.808   61.7583
0.809   61.7558
0.81   61.7994
0.811   61.8297
0.812   61.8096
0.813   61.7607
0.814   61.7757
0.815   61.7859
0.816   61.7316
0.817   61.7240
0.818   61.7165
0.819   61.6981
0.82   61.6746
0.821   61.6473
0.822   61.6348
0.823   61.6288
0.824   61.5970
0.825   61.5171
0.826   61.4413
0.827   61.3927
0.828   61.3298
0.829   61.2780
0.83   61.2109
0.831   61.1098
0.832   61.0085
0.833   60.9674
0.834   60.9600
0.835   60.9226
0.836   60.8257
0.837   60.7950
0.838   60.8111
0.839   60.7497
0.84   60.7264
0.841   60.7241
0.842   60.7169
0.843   60.6916
0.844   60.6863
0.845   60.6914
0.846   60.6891
0.847   60.6706
0.848   60.6379
0.849   60.6059
0.85   60.5927
0.851   60.6096
0.852   60.6214
0.853   60.6176
0.854   60.6041
0.855   60.5704
0.856   60.5589
0.857   60.5779
0.858   60.5945
0.859   60.5619
0.86   60.5211
0.861   60.5012
0.862   60.4854
0.863   60.5261
0.864   60.5482
0.865   60.4971
0.866   60.4562
0.867   60.4385
0.868   60.4473
0.869   60.4685
0.87   60.4533
0.871   60.4314
0.872   60.4174
0.873   60.4088
0.874   60.3673
0.875   60.3509
0.876   60.3540
0.877   60.3111
0.878   60.2672
0.879   60.2565
0.88   60.2585
0.881   60.1845
0.882   60.0924
0.883   60.0594
0.884   60.0938
0.885   60.0514
0.886   59.9938
0.887   59.9619
0.888   59.9630
0.889   59.9128
0.89   59.8818
0.891   59.8526
0.892   59.7877
0.893   59.7550
0.894   59.7048
0.895   59.6446
0.896   59.6174
0.897   59.6144
0.898   59.6092
0.899   59.5807
0.9   59.5182
0.901   59.4220
0.902   59.3674
0.903   59.3752
0.904   59.3812
0.905   59.3175
0.906   59.2209
0.907   59.1424
0.908   59.1113
0.909   59.0704
0.91   59.0091
0.911   58.9231
0.912   58.7800
0.913   58.7297
0.914   58.7044
0.915   58.6098
0.916   58.5324
0.917   58.4722
0.918   58.3912
0.919   58.2503
0.92   58.0877
0.921   57.8959
0.922   57.7413
0.923   57.6826
0.924   57.4978
0.925   57.2749
0.926   57.0675
0.927   56.8750
0.928   56.6231
0.929   56.3682
0.93   56.1407
0.931   55.9291
0.932   55.6824
0.933   55.4213
0.934   55.1410
0.935   54.8033
0.936   54.4874
0.937   54.2265
0.938   53.9902
0.939   53.6811
0.94   53.3566
0.941   53.0212
0.942   52.6593
0.943   52.2431
0.944   51.8486
0.945   51.4683
0.946   51.0750
0.947   50.6592
0.948   50.2215
0.949   49.7421
0.95   49.2412
0.951   48.8436
0.952   48.3420
0.953   47.8137
0.954   47.3525
0.955   46.8236
0.956   46.3655
0.957   45.9722
0.958   45.6035
0.959   45.2944
0.96   44.9909
0.961   44.7255
0.962   44.5217
0.963   44.2553
0.964   44.0379
0.965   43.8985
0.966   43.8138
0.967   43.7185
0.968   43.6366
0.969   43.5479
0.97   43.4375
0.971   43.3934
0.972   43.3215
0.973   43.2296
0.974   43.1711
0.975   43.1517
0.976   43.1138
0.977   43.0730
0.978   43.0668
0.979   43.0419
0.98   43.0157
0.981   43.0846
0.982   43.2787
0.983   43.1593
0.984   43.1641
0.985   43.2879
0.986   43.3332
0.987   43.4614
0.988   43.5561
0.989   43.6345
0.99   43.7482
0.991   43.7482
0.992   43.8086
0.993   43.9388
0.994   44.0598
0.995   44.1486
0.996   44.2350
0.997   44.3554
0.998   44.5128
0.999   44.5856
1   44.5952
1.001   44.9499
1.002   45.1272
1.003   45.3033
1.004   45.5106
1.005   45.6796
1.006   45.8180
1.007   45.9758
1.008   46.1296
1.009   46.2613
1.01   46.4335
1.011   46.6264
1.012   46.8162
1.013   47.0506
1.014   47.2538
1.015   47.4400
1.016   47.6227
1.017   47.8178
1.018   47.9568
1.019   48.1422
1.02   48.3363
1.021   48.5057
1.022   48.7218
1.023   48.9331
1.024   49.1503
1.025   49.3646
1.026   49.6089
1.027   49.8072
1.028   49.9634
1.029   50.1518
1.03   50.3433
1.031   50.5290
1.032   50.7329
1.033   50.9222
1.034   51.0991
1.035   51.2442
1.036   51.3888
1.037   51.5795
1.038   51.7546
1.039   51.9442
1.04   52.1035
1.041   52.2475
1.042   52.3965
1.043   52.5351
1.044   52.6731
1.045   52.8140
1.046   52.9579
1.047   53.0937
1.048   53.2284
1.049   53.3696
1.05   53.5102
1.051   53.6563
1.052   53.7916
1.053   53.9018
1.054   54.0062
1.055   54.0987
1.056   54.1517
1.057   54.2319
1.058   54.3194
1.059   54.4103
1.06   54.5105
1.061   54.6032
1.062   54.7215
1.063   54.7926
1.064   54.8323
1.065   54.8731
1.066   54.8763
1.067   54.8963
1.068   54.9208
1.069   54.9554
1.07   54.9786
1.071   55.0010
1.072   55.0220
1.073   55.0489
1.074   55.0504
1.075   55.0415
1.076   55.0293
1.077   55.0120
1.078   54.9685
1.079   54.8988
1.08   54.8500
1.081   54.7766
1.082   54.7270
1.083   54.7400
1.084   54.6966
1.085   54.6210
1.086   54.5466
1.087   54.4710
1.088   54.3742
1.089   54.2771
1.09   54.1911
1.091   54.0864
1.092   53.9533
1.093   53.8382
1.094   53.7305
1.095   53.6209
1.096   53.5199
1.097   53.4016
1.098   53.2748
1.099   53.1472
1.1   53.0015
1.101   52.8676
1.102   52.7402
1.103   52.6210
1.104   52.4803
1.105   52.3399
1.106   52.2090
1.107   52.0771
1.108   51.9401
1.109   51.8141
1.11   51.6758
1.111   51.5250
1.112   51.3734
1.113   51.2266
1.114   51.0681
1.115   50.9030
1.116   50.7249
1.117   50.5614
1.118   50.3523
1.119   50.1075
1.12   49.8527
1.121   49.6110
1.122   49.3301
1.123   49.0347
1.124   48.7595
1.125   48.4255
1.126   48.0547
1.127   47.6488
1.128   47.2194
1.129   46.7406
1.13   46.2187
1.131   45.6627
1.132   45.0615
1.133   44.4511
1.134   43.8015
1.135   43.1490
1.136   42.4869
1.137   41.7995
1.138   41.1132
1.139   40.4123
1.14   39.7100
1.141   39.0161
1.142   38.3201
1.143   37.6416
1.144   36.9922
1.145   36.3478
1.146   35.7611
1.147   35.2040
1.148   34.6899
1.149   34.2265
1.15   33.7812
1.151   33.3611
1.152   32.9784
1.153   32.6220
1.154   32.2994
1.155   32.0103
1.156   31.7583
1.157   31.5323
1.158   31.3324
1.159   31.1572
1.16   30.9957
1.161   30.8387
1.162   30.7031
1.163   30.5840
1.164   30.4703
1.165   30.3665
1.166   30.2791
1.167   30.1895
1.168   30.1007
1.169   30.0225
1.17   29.9555
1.171   29.8854
1.172   29.8223
1.173   29.7578
1.174   29.6925
1.175   29.6257
1.176   29.5600
1.177   29.4995
1.178   29.4377
1.179   29.3766
1.18   29.3193
1.181   29.2539
1.182   29.1945
1.183   29.1377
1.184   29.0839
1.185   29.0350
1.186   28.9781
1.187   28.9160
1.188   28.8607
1.189   28.8031
1.19   28.7557
1.191   28.7203
1.192   28.6761
1.193   28.6289
1.194   28.5855
1.195   28.5361
1.196   28.4997
1.197   28.4715
1.198   28.4549
1.199   28.4522
1.2   28.4462
1.201   28.4481
1.202   28.4456
1.203   28.4321
1.204   28.4361
1.205   28.4466
1.206   28.4600
1.207   28.4850
1.208   28.5031
1.209   28.5201
1.21   28.5466
1.211   28.5727
1.212   28.5957
1.213   28.6327
1.214   28.6719
1.215   28.7254
1.216   28.7944
1.217   28.8665
1.218   28.9378
1.219   29.0090
1.22   29.0706
1.221   29.1388
1.222   29.2120
1.223   29.2881
1.224   29.3737
1.225   29.4583
1.226   29.5438
1.227   29.6270
1.228   29.7008
1.229   29.7761
1.23   29.8461
1.231   29.9038
1.232   29.9633
1.233   30.0220
1.234   30.0817
1.235   30.1461
1.236   30.2105
1.237   30.2757
1.238   30.3357
1.239   30.3998
1.24   30.4552
1.241   30.5040
1.242   30.5530
1.243   30.6085
1.244   30.6642
1.245   30.7206
1.246   30.7768
1.247   30.8217
1.248   30.8667
1.249   30.9142
1.25   30.9670
1.251   31.0164
1.252   31.0510
1.253   31.0876
1.254   31.1227
1.255   31.1610
1.256   31.2108
1.257   31.2573
1.258   31.2976
1.259   31.3322
1.26   31.3581
1.261   31.3800
1.262   31.3970
1.263   31.4131
1.264   31.4196
1.265   31.4288
1.266   31.4310
1.267   31.4264
1.268   31.4248
1.269   31.4115
1.27   31.3929
1.271   31.3686
1.272   31.3460
1.273   31.3291
1.274   31.3024
1.275   31.2757
1.276   31.2362
1.277   31.1785
1.278   31.1300
1.279   31.0798
1.28   31.0247
1.281   30.9713
1.282   30.9108
1.283   30.8464
1.284   30.7813
1.285   30.7152
1.286   30.6396
1.287   30.5584
1.288   30.4727
1.289   30.3776
1.29   30.2737
1.291   30.1701
1.292   30.0538
1.293   29.9363
1.294   29.8079
1.295   29.6700
1.296   29.5418
1.297   29.3969
1.298   29.2540
1.299   29.1127
1.3   28.9555
1.301   28.8024
1.302   28.6434
1.303   28.4805
1.304   28.3124
1.305   28.1342
1.306   27.9538
1.307   27.7643
1.308   27.5679
1.309   27.3691
1.31   27.1682
1.311   26.9613
1.312   26.7487
1.313   26.5339
1.314   26.3141
1.315   26.0897
1.316   25.8591
1.317   25.6260
1.318   25.3855
1.319   25.1383
1.32   24.8885
1.321   24.6364
1.322   24.3909
1.323   24.1428
1.324   23.8957
1.325   23.6514
1.326   23.4049
1.327   23.1582
1.328   22.9075
1.329   22.6581
1.33   22.4068
1.331   22.1542
1.332   21.9076
1.333   21.6664
1.334   21.4287
1.335   21.1880
1.336   20.9504
1.337   20.7189
1.338   20.4932
1.339   20.2777
1.34   20.0641
1.341   19.8588
1.342   19.6548
1.343   19.4507
1.344   19.2615
1.345   19.0750
1.346   18.8893
1.347   18.7134
1.348   18.5454
1.349   18.3797
1.35   18.2197
1.351   18.0636
1.352   17.9029
1.353   17.7490
1.354   17.5985
1.355   17.4450
1.356   17.3009
1.357   17.1506
1.358   16.9940
1.359   16.8395
1.36   16.6833
1.361   16.5249
1.362   16.3655
1.363   16.1985
1.364   16.0220
1.365   15.8462
1.366   15.6644
1.367   15.4775
1.368   15.2852
1.369   15.0758
1.37   14.8549
1.371   14.6285
1.372   14.3878
1.373   14.1340
1.374   13.8683
1.375   13.5900
1.376   13.3061
1.377   13.0145
1.378   12.7079
1.379   12.3913
1.38   12.0616
1.381   11.7240
1.382   11.3870
1.383   11.0479
1.384   10.7076
1.385   10.3620
1.386   10.0202
1.387   9.67395
1.388   9.34205
1.389   9.01263
1.39   8.70002
1.391   8.40197
1.392   8.11071
1.393   7.83383
1.394   7.56423
1.395   7.30432
1.396   7.05771
1.397   6.82033
1.398   6.60138
1.399   6.40091
1.4   6.21477
1.401   6.04682
1.402   5.88449
1.403   5.72922
1.404   5.58261
1.405   5.44488
1.406   5.32436
1.407   5.21553
1.408   5.11550
1.409   5.02143
1.41   4.93124
1.411   4.84743
1.412   4.76888
1.413   4.69927
1.414   4.63860
1.415   4.58576
1.416   4.53924
1.417   4.49194
1.418   4.44474
1.419   4.39720
1.42   4.35106
1.421   4.30975
1.422   4.27225
1.423   4.24101
1.424   4.21292
1.425   4.18695
1.426   4.16735
1.427   4.14361
1.428   4.11922
1.429   4.09708
1.43   4.07035
1.431   4.05283
1.432   4.04409
1.433   4.03020
1.434   4.01998
1.435   4.00628
1.436   3.98884
1.437   3.97152
1.438   3.95701
1.439   3.94649
1.44   3.93565
1.441   3.92654
1.442   3.91821
1.443   3.90701
1.444   3.90120
1.445   3.89827
1.446   3.89502
1.447   3.89569
1.448   3.89461
1.449   3.89133
1.45   3.88767
1.451   3.88346
1.452   3.88058
1.453   3.87535
1.454   3.87726
1.455   3.88450
1.456   3.88957
1.457   3.89912
1.458   3.90589
1.459   3.90787
1.46   3.91192
1.461   3.91492
1.462   3.91894
1.463   3.92733
1.464   3.93709
1.465   3.95294
1.466   3.96667
1.467   3.97650
1.468   3.98971
1.469   3.99824
1.47   4.00922
1.471   4.02485
1.472   4.03915
1.473   4.05798
1.474   4.07588
1.475   4.09112
1.476   4.10888
1.477   4.12711
1.478   4.14715
1.479   4.16923
1.48   4.19169
1.481   4.21118
1.482   4.23095
1.483   4.25155
1.484   4.27136
1.485   4.29842
1.486   4.32776
1.487   4.35873
1.488   4.39161
1.489   4.42001
1.49   4.44781
1.491   4.47379
1.492   4.49782
1.493   4.51669
1.494   4.54349
1.495   4.57117
1.496   4.60398
1.497   4.64804
1.498   4.68437
1.499   4.71771
1.5   4.75136
1.501   4.78073
1.502   4.81328
1.503   4.84952
1.504   4.88505
1.505   4.92060
1.506   4.95686
1.507   4.99253
1.508   5.02773
1.509   5.06250
1.51   5.10160
1.511   5.13908
1.512   5.17865
1.513   5.21991
1.514   5.25658
1.515   5.29281
1.516   5.32892
1.517   5.36498
1.518   5.40512
1.519   5.44492
1.52   5.48848
1.521   5.53598
1.522   5.57846
1.523   5.61884
1.524   5.65577
1.525   5.69034
1.526   5.72742
1.527   5.76713
1.528   5.81508
1.529   5.86100
1.53   5.89991
1.531   5.94136
1.532   5.98113
1.533   6.01956
1.534   6.06424
1.535   6.11056
1.536   6.15372
1.537   6.19998
1.538   6.24658
1.539   6.28765
1.54   6.32874
1.541   6.37023
1.542   6.40934
1.543   6.45065
1.544   6.49309
1.545   6.53279
1.546   6.57683
1.547   6.62552
1.548   6.67342
1.549   6.72435
1.55   6.77285
1.551   6.81479
1.552   6.85553
1.553   6.89454
1.554   6.93547
1.555   6.97988
1.556   7.02153
1.557   7.06568
1.558   7.11067
1.559   7.15162
1.56   7.20077
1.561   7.24839
1.562   7.28915
1.563   7.33064
1.564   7.36992
1.565   7.41416
1.566   7.45775
1.567   7.50183
1.568   7.54914
1.569   7.59008
1.57   7.63293
1.571   7.67676
1.572   7.71472
1.573   7.75472
1.574   7.79747
1.575   7.83886
1.576   7.88124
1.577   7.92260
1.578   7.96191
1.579   8.00153
1.58   8.04230
1.581   8.08391
1.582   8.12459
1.583   8.16594
1.584   8.20982
1.585   8.25765
1.586   8.30436
1.587   8.34356
1.588   8.38076
1.589   8.41452
1.59   8.44490
1.591   8.48278
1.592   8.52214
1.593   8.56127
1.594   8.60693
1.595   8.64758
1.596   8.68374
1.597   8.72203
1.598   8.75620
1.599   8.78915
1.6   8.83148
1.601   8.87657
1.602   8.91334
1.603   8.95161
1.604   8.98735
1.605   9.01765
1.606   9.04968
1.607   9.08228
1.608   9.11768
1.609   9.15145
1.61   9.18660
1.611   9.22453
1.612   9.25437
1.613   9.28044
1.614   9.31117
1.615   9.34330
1.616   9.37970
1.617   9.41828
1.618   9.45376
1.619   9.48617
1.62   9.51618
1.621   9.54463
1.622   9.56858
1.623   9.59537
1.624   9.62672
1.625   9.65997
1.626   9.69482
1.627   9.72612
1.628   9.74960
1.629   9.77219
1.63   9.79058
1.631   9.81617
1.632   9.84457
1.633   9.87180
1.634   9.90295
1.635   9.93072
1.636   9.95670
1.637   9.98060
1.638   10.0015
1.639   10.0254
1.64   10.0493
1.641   10.0695
1.642   10.0918
1.643   10.1109
1.644   10.1239
1.645   10.1436
1.646   10.1632
1.647   10.1867
1.648   10.2007
1.649   10.2138
1.65   10.2318
1.651   10.2436
1.652   10.2626
1.653   10.2840
1.654   10.2982
1.655   10.3158
1.656   10.3285
1.657   10.3421
1.658   10.3612
1.659   10.3696
1.66   10.3788
1.661   10.3843
1.662   10.3845
1.663   10.3947
1.664   10.4041
1.665   10.4159
1.666   10.4232
1.667   10.4230
1.668   10.4272
1.669   10.4286
1.67   10.4335
1.671   10.4434
1.672   10.4490
1.673   10.4532
1.674   10.4522
1.675   10.4440
1.676   10.4382
1.677   10.4299
1.678   10.4209
1.679   10.4175
1.68   10.4050
1.681   10.3876
1.682   10.3651
1.683   10.3322
1.684   10.3090
1.685   10.2893
1.686   10.2744
1.687   10.2664
1.688   10.2489
1.689   10.2271
1.69   10.2034
1.691   10.1728
1.692   10.1473
1.693   10.1255
1.694   10.0983
1.695   10.0702
1.696   10.0384
1.697   10.0033
1.698   9.96578
1.699   9.92425
1.7   9.88797
1.701   9.84932
1.702   9.80753
1.703   9.77069
1.704   9.72883
1.705   9.68185
1.706   9.63589
1.707   9.58676
1.708   9.53966
1.709   9.49006
1.71   9.44762
1.711   9.41157
1.712   9.37469
1.713   9.33889
1.714   9.29148
1.715   9.24206
1.716   9.19715
1.717   9.14829
1.718   9.10482
1.719   9.06839
1.72   9.02886
1.721   8.98168
1.722   8.93402
1.723   8.89036
1.724   8.83939
1.725   8.78918
1.726   8.74617
1.727   8.69704
1.728   8.65847
1.729   8.62808
1.73   8.60431
1.731   8.58471
1.732   8.57000
1.733   8.55869
1.734   8.55417
1.735   8.54808
1.736   8.54812
1.737   8.54035
1.738   8.52572
1.739   8.51602
1.74   8.50790
1.741   8.49402
1.742   8.48108
1.743   8.46396
1.744   8.44206
1.745   8.41338
1.746   8.38222
1.747   8.34802
1.748   8.30227
1.749   8.26513
1.75   8.23087
1.751   8.19793
1.752   8.16876
1.753   8.13143
1.754   8.09438
1.755   8.04531
1.756   7.99318
1.757   7.95484
1.758   7.92192
1.759   7.89252
1.76   7.86649
1.761   7.82045
1.762   7.78323
1.763   7.74203
1.764   7.71212
1.765   7.69514
1.766   7.67754
1.767   7.67314
1.768   7.65598
1.769   7.63006
1.77   7.60937
1.771   7.57797
1.772   7.56247
1.773   7.55901
1.774   7.55569
1.775   7.56488
1.776   7.56217
1.777   7.55498
1.778   7.54964
1.779   7.53866
1.78   7.53232
1.781   7.53178
1.782   7.52464
1.783   7.51368
1.784   7.50612
1.785   7.49987
1.786   7.48562
1.787   7.46718
1.788   7.45439
1.789   7.44898
1.79   7.45696
1.791   7.46264
1.792   7.47070
1.793   7.47256
1.794   7.46792
1.795   7.47198
1.796   7.47878
1.797   7.48137
1.798   7.49229
1.799   7.49388
1.8   7.48022
1.801   7.47761
1.802   7.47774
1.803   7.47989
1.804   7.48681
1.805   7.49323
1.806   7.50074
1.807   7.50959
1.808   7.52127
1.809   7.52793
1.81   7.53267
1.811   7.54286
1.812   7.55170
1.813   7.56506
1.814   7.57115
1.815   7.55079
1.816   7.53283
1.817   7.53653
1.818   7.53540
1.819   7.54809
1.82   7.55758
1.821   7.55293
1.822   7.55530
1.823   7.57326
1.824   7.57194
1.825   7.55452
1.826   7.54746
1.827   7.53777
1.828   7.53049
1.829   7.53302
1.83   7.52023
1.831   7.43784
1.832   7.44748
1.833   7.43886
1.834   7.40743
1.835   7.37736
1.836   7.34394
1.837   7.31398
1.838   7.29474
1.839   7.26558
1.84   7.23120
1.841   7.19927
1.842   7.17320
1.843   7.12259
1.844   7.07626
1.845   7.00767
1.846   6.93387
1.847   6.89349
1.848   6.84364
1.849   6.80873
1.85   6.76166
1.851   6.71646
1.852   6.63950
1.853   6.56056
1.854   6.48561
1.855   6.40665
1.856   6.31969
1.857   6.23499
1.858   6.13366
1.859   6.04046
1.86   5.94033
1.861   5.84775
1.862   5.76239
1.863   5.67799
1.864   5.57545
1.865   5.47965
1.866   5.36704
1.867   5.24615
1.868   5.13797
1.869   5.00171
1.87   4.86573
1.871   4.72299
1.872   4.59833
1.873   4.46596
1.874   4.35177
1.875   4.26633
1.876   4.17459
1.877   4.07170
1.878   3.96223
1.879   3.85604
1.88   3.75883
1.881   3.66157
1.882   3.57393
1.883   3.49841
1.884   3.41297
1.885   3.33128
1.886   3.25117
1.887   3.17867
1.888   3.13086
1.889   3.06703
1.89   3.00903
1.891   2.95114
1.892   2.89654
1.893   2.81528
1.894   2.76124
1.895   2.72252
1.896   2.68183
1.897   2.65887
1.898   2.63738
1.899   2.61207
1.9   2.57974
1.901   2.54323
1.902   2.51152
1.903   2.47788
1.904   2.43082
1.905   2.41867
1.906   2.39827
1.907   2.36531
1.908   2.35653
1.909   2.33951
1.91   2.32918
1.911   2.33135
1.912   2.36041
1.913   2.36783
1.914   2.37583
1.915   2.37831
1.916   2.36212
1.917   2.35261
1.918   2.33995
1.919   2.32469
1.92   2.31510
1.921   2.30163
1.922   2.29770
1.923   2.29767
1.924   2.30659
1.925   2.32714
1.926   2.34541
1.927   2.37161
1.928   2.35984
1.929   2.32206
1.93   2.30305
1.931   2.26507
1.932   2.24140
1.933   2.24435
1.934   2.27965
1.935   2.29657
1.936   2.34177
1.937   2.35637
1.938   2.35148
1.939   2.34024
1.94   2.32776
1.941   2.31977
1.942   2.32251
1.943   2.32714
1.944   2.33184
1.945   2.34116
1.946   2.34366
1.947   2.33998
1.948   2.34608
1.949   2.35443
1.95   2.36199
1.951   2.37793
1.952   2.39413
1.953   2.38852
1.954   2.38540
1.955   2.38517
1.956   2.37600
1.957   2.37991
1.958   2.39615
1.959   2.40287
1.96   2.41988
1.961   2.41796
1.962   2.39239
1.963   2.38799
1.964   2.38282
1.965   2.38130
1.966   2.40711
1.967   2.41382
1.968   2.42163
1.969   2.42843
1.97   2.43659
1.971   2.43811
1.972   2.44912
1.973   2.48190
1.974   2.47263
1.975   2.46612
1.976   2.46870
1.977   2.46346
1.978   2.46447
1.979   2.47015
1.98   2.49248
1.981   2.49974
1.982   2.49843
1.983   2.50376
1.984   2.49908
1.985   2.50944
1.986   2.53182
1.987   2.55915
1.988   2.56630
1.989   2.58322
1.99   2.60542
1.991   2.60752
1.992   2.61320
1.993   2.63576
1.994   2.63047
1.995   2.58864
1.996   2.57756
1.997   2.56916
1.998   2.56754
1.999   2.57594
2   2.60204
2.001   2.60248
2.002   2.59900
2.003   2.61054
2.004   2.60703
2.005   2.62132
2.006   2.65544
2.007   2.67489
2.008   2.70027
2.009   2.71418
2.01   2.70830
2.011   2.72093
2.012   2.74638
2.013   2.75456
2.014   2.75992
2.015   2.76382
2.016   2.74638
2.017   2.71858
2.018   2.71106
2.019   2.71134
2.02   2.72165
2.021   2.75034
2.022   2.76627
2.023   2.79231
2.024   2.80180
2.025   2.79742
2.026   2.79418
2.027   2.77876
2.028   2.76855
2.029   2.76893
2.03   2.77971
2.031   2.80683
2.032   2.86847
2.033   2.89715
2.034   2.93188
2.035   2.94476
2.036   2.92808
2.037   2.92502
2.038   2.91522
2.039   2.90947
2.04   2.90308
2.041   2.90283
2.042   2.89822
2.043   2.91455
2.044   2.92645
2.045   2.94572
2.046   2.96294
2.047   2.98131
2.048   2.99902
2.049   3.02033
2.05   3.03875
2.051   3.06333
2.052   3.07479
2.053   3.07334
2.054   3.07841
2.055   3.08735
2.056   3.07134
2.057   3.08853
2.058   3.11008
2.059   3.11569
2.06   3.11667
2.061   3.12627
2.062   3.13061
2.063   3.13380
2.064   3.14331
2.065   3.15121
2.066   3.14562
2.067   3.15372
2.068   3.18182
2.069   3.19527
2.07   3.19906
2.071   3.21095
2.072   3.22717
2.073   3.23801
2.074   3.23883
2.075   3.24070
2.076   3.23838
2.077   3.21006
2.078   3.21430
2.079   3.23882
2.08   3.25268
2.081   3.28038
2.082   3.29384
2.083   3.30048
2.084   3.30408
2.085   3.29362
2.086   3.29631
2.087   3.30967
2.088   3.30152
2.089   3.31549
2.09   3.34236
2.091   3.36178
2.092   3.38920
2.093   3.40595
2.094   3.41421
2.095   3.43274
2.096   3.45424
2.097   3.46801
2.098   3.49310
2.099   3.49833
2.1   3.47538
2.101   3.47094
2.102   3.45741
2.103   3.46147
2.104   3.47969
2.105   3.51110
2.106   3.53495
2.107   3.56669
2.108   3.59122
2.109   3.61473
2.11   3.63097
2.111   3.64217
2.112   3.65593
2.113   3.66264
2.114   3.67348
2.115   3.69027
2.116   3.70249
2.117   3.72343
2.118   3.72386
2.119   3.70412
2.12   3.69672
2.121   3.67724
2.122   3.66394
2.123   3.66173
2.124   3.67335
2.125   3.68318
2.126   3.69269
2.127   3.71351
2.128   3.75242
2.129   3.77424
2.13   3.80085
2.131   3.81399
2.132   3.80400
2.133   3.81284
2.134   3.82531
2.135   3.83752
2.136   3.86207
2.137   3.87765
2.138   3.89082
2.139   3.89723
2.14   3.89560
2.141   3.89200
2.142   3.89764
2.143   3.90068
2.144   3.90733
2.145   3.92802
2.146   3.93326
2.147   3.92500
2.148   3.93118
2.149   3.94034
2.15   3.95024
2.151   3.96811
2.152   3.98030
2.153   3.98505
2.154   3.99776
2.155   4.01801
2.156   4.03269
2.157   4.05032
2.158   4.06389
2.159   4.06504
2.16   4.08074
2.161   4.08089
2.162   4.08431
2.163   4.08870
2.164   4.08802
2.165   4.09236
2.166   4.10451
2.167   4.11033
2.168   4.10684
2.169   4.11956
2.17   4.14452
2.171   4.15749
2.172   4.16725
2.173   4.18931
2.174   4.22078
2.175   4.23314
2.176   4.25523
2.177   4.26015
2.178   4.22393
2.179   4.21272
2.18   4.21429
2.181   4.21170
2.182   4.20780
2.183   4.22112
2.184   4.22123
2.185   4.21428
2.186   4.21084
2.187   4.20931
2.188   4.20417
2.189   4.18902
2.19   4.19487
2.191   4.21632
2.192   4.22062
2.193   4.22681
2.194   4.23402
2.195   4.22400
2.196   4.22888
2.197   4.25898
2.198   4.27134
2.199   4.27894
2.2   4.28010
2.201   4.26171
2.202   4.25815
2.203   4.25768
2.204   4.26066
2.205   4.28356
2.206   4.29048
2.207   4.29198
2.208   4.28248
2.209   4.28782
2.21   4.29648
2.211   4.29509
2.212   4.29536
2.213   4.29919
2.214   4.29117
2.215   4.29411
2.216   4.32396
2.217   4.31859
2.218   4.28875
2.219   4.27491
2.22   4.24648
2.221   4.23520
2.222   4.24671
2.223   4.24365
2.224   4.23558
2.225   4.22989
2.226   4.21862
2.227   4.21380
2.228   4.20499
2.229   4.21414
2.23   4.23855
2.231   4.26284
2.232   4.30631
2.233   4.32748
2.234   4.33079
2.235   4.31812
2.236   4.30282
2.237   4.26353
2.238   4.24386
2.239   4.22230
2.24   4.21058
2.241   4.21549
2.242   4.20639
2.243   4.19559
2.244   4.18294
2.245   4.15846
2.246   4.14395
2.247   4.14035
2.248   4.12976
2.249   4.12040
2.25   4.10529
2.251   4.08202
2.252   4.06072
2.253   4.03618
2.254   4.01487
2.255   4.00273
2.256   3.97751
2.257   3.93268
2.258   3.91159
2.259   3.88982
2.26   3.87697
2.261   3.88708
2.262   3.90421
2.263   3.89854
2.264   3.90012
2.265   3.87349
2.266   3.83146
2.267   3.81203
2.268   3.78632
2.269   3.77391
2.27   3.78142
2.271   3.78724
2.272   3.80142
2.273   3.78734
2.274   3.77134
2.275   3.75070
2.276   3.70575
2.277   3.66985
2.278   3.63880
2.279   3.61226
2.28   3.57708
2.281   3.54905
2.282   3.54347
2.283   3.51596
2.284   3.46565
2.285   3.43403
2.286   3.40671
2.287   3.38219
2.288   3.35941
2.289   3.35257
2.29   3.36060
2.291   3.35251
2.292   3.36009
2.293   3.35012
2.294   3.30908
2.295   3.28845
2.296   3.27972
2.297   3.26014
2.298   3.23683
2.299   3.22788
2.3   3.18441
2.301   3.12068
2.302   3.09262
2.303   3.06123
2.304   3.06371
2.305   3.08724
2.306   3.08532
2.307   3.07722
2.308   3.03049
2.309   2.98291
2.31   2.98023
2.311   2.96549
2.312   2.97209
2.313   3.02378
2.314   3.03638
2.315   3.02949
2.316   3.04582
2.317   3.06726
2.318   3.07653
2.319   3.09203
2.32   3.10072
2.321   3.09600
2.322   3.10280
2.323   3.10886
2.324   3.12968
2.325   3.16549
2.326   3.17038
2.327   3.18631
2.328   3.17354
2.329   3.10409
2.33   3.09287
2.331   3.10494
2.332   3.10709
2.333   3.15163
2.334   3.14174
2.335   3.08342
2.336   3.04498
2.337   2.96349
2.338   2.94462
2.339   2.98711
2.34   2.99617
2.341   3.03352
2.342   3.04029
2.343   2.99473
2.344   2.98828
2.345   3.00116
2.346   2.99460
2.347   3.01421
2.348   2.99290
2.349   2.89840
2.35   2.87779
2.351   2.89273
2.352   2.87842
2.353   2.88981
2.354   2.89682
2.355   2.88177
2.356   2.86301
2.357   2.84240
2.358   2.87073
2.359   2.88310
2.36   2.85583
2.361   2.89351
2.362   2.93407
2.363   2.89621
2.364   2.90938
2.365   2.90778
2.366   2.83229
2.367   2.83475
2.368   2.83716
2.369   2.77101
2.37   2.74582
2.371   2.73496
2.372   2.74276
2.373   2.82681
2.374   2.92265
2.375   2.95164
2.376   2.92115
2.377   2.83857
2.378   2.77955
2.379   2.77432
2.38   2.78082
2.381   2.85114
2.382   2.86277
2.383   2.81165
2.384   2.76057
2.385   2.65974
2.386   2.59800
2.387   2.57629
2.388   2.56351
2.389   2.55130
2.39   2.52468
2.391   2.54071
2.392   2.56238
2.393   2.59882
2.394   2.69373
2.395   2.75548
2.396   2.78538
2.397   2.82607
2.398   2.83511
2.399   2.85701
2.4   2.90121
2.401   2.87947
2.402   2.83501
2.403   2.76684
2.404   2.67301
2.405   2.67874
2.406   2.69190
2.407   2.66994
2.408   2.68734
2.409   2.64464
2.41   2.56504
2.411   2.57368
2.412   2.58801
2.413   2.55422
2.414   2.57534
2.415   2.53495
2.416   2.47971
2.417   2.53065
2.418   2.61324
2.419   2.76716
2.42   2.83045
2.421   2.75728
2.422   2.64982
2.423   2.46482
2.424   2.32478
2.425   2.24133
2.426   2.19864
2.427   2.20481
2.428   2.17963
2.429   2.24076
2.43   2.29804
2.431   2.32038
2.432   2.40016
2.433   2.42759
2.434   2.44253
2.435   2.43534
2.436   2.47324
2.437   2.54770
2.438   2.56035
2.439   2.61675
2.44   2.61667
2.441   2.64449
2.442   2.67163
2.443   2.45760
2.444   2.30469
2.445   2.25796
2.446   2.19213
2.447   2.39800
2.448   2.62179
2.449   2.58141
2.45   2.49426
2.451   2.42574
2.452   2.39649
2.453   2.41622
2.454   2.57462
2.455   2.75563
2.456   2.75189
2.457   2.68385
2.458   2.62342
2.459   2.49952
2.46   2.50207
2.461   2.55618
2.462   2.51441
2.463   2.50996
2.464   2.45136
2.465   2.50855
2.466   2.60408
2.467   2.68401
2.468   2.80354
2.469   2.75127
2.47   2.69449
2.471   2.45489
2.472   2.41766
2.473   2.53924
2.474   2.57323
2.475   2.75996
2.476   2.77625
2.477   2.57538
2.478   2.45110
2.479   2.27668
2.48   2.18122
2.481   2.12016
2.482   2.16474
2.483   2.19407
2.484   2.30824
2.485   2.42389
2.486   2.59685
2.487   2.70458
2.488   2.53331
2.489   2.20895
2.49   1.82495
2.491   1.48669
2.492   1.29666
2.493   1.30695
2.494   1.29174
2.495   1.48715
2.496   1.93604
2.497   2.41251
2.498   3.12557
2.499   3.49421
2.5   3.35041
2.5002   1.72227
2.5014   1.73144
2.5026   1.71233
2.5038   1.69672
2.505   1.65083
2.5062   1.66366
2.5074   1.64735
2.5087   1.64670
2.5099   1.64382
2.5111   1.62229
2.5123   1.59890
2.5135   1.65282
2.5147   1.62612
2.516   1.58112
2.5172   1.57519
2.5184   1.66076
2.5196   1.71005
2.5209   1.70560
2.5221   1.62149
2.5233   1.63334
2.5245   1.61661
2.5258   1.64167
2.527   1.64657
2.5282   1.70048
2.5295   1.69356
2.5307   1.69929
2.5319   1.65661
2.5332   1.61674
2.5344   1.60499
2.5356   1.72568
2.5369   1.69078
2.5381   1.60368
2.5394   1.59209
2.5406   1.66873
2.5419   1.73966
2.5431   1.79277
2.5444   1.69583
2.5456   1.59293
2.5469   1.59898
2.5481   1.61255
2.5494   1.59740
2.5506   1.60226
2.5519   1.62988
2.5531   1.64711
2.5544   1.62025
2.5556   1.65445
2.5569   1.65789
2.5582   1.62612
2.5594   1.59674
2.5607   1.66826
2.562   1.73403
2.5632   1.76536
2.5645   1.67539
2.5658   1.63406
2.567   1.64714
2.5683   1.71388
2.5696   1.74749
2.5708   1.72856
2.5721   1.69493
2.5734   1.74644
2.5747   1.77251
2.576   1.75435
2.5772   1.69893
2.5785   1.68406
2.5798   1.69177
2.5811   1.74930
2.5824   1.73774
2.5837   1.67699
2.5849   1.61601
2.5862   1.63127
2.5875   1.59601
2.5888   1.66563
2.5901   1.70030
2.5914   1.71216
2.5927   1.66771
2.594   1.66848
2.5953   1.64751
2.5966   1.70653
2.5979   1.74582
2.5992   1.71866
2.6005   1.70379
2.6018   1.75871
2.6031   1.70647
2.6044   1.74411
2.6057   1.73423
2.607   1.69140
2.6083   1.67589
2.6097   1.72410
2.611   1.70141
2.6123   1.63935
2.6136   1.62886
2.6149   1.68347
2.6162   1.65361
2.6176   1.64258
2.6189   1.65299
2.6202   1.64619
2.6215   1.64323
2.6229   1.67883
2.6242   1.6834
2.6255   1.72270
2.6268   1.70041
2.6282   1.73034
2.6295   1.71171
2.6308   1.65957
2.6322   1.58132
2.6335   1.64476
2.6349   1.67606
2.6362   1.69517
2.6375   1.70664
2.6389   1.72183
2.6402   1.68836
2.6416   1.68964
2.6429   1.65365
2.6443   1.60669
2.6456   1.59776
2.647   1.63732
2.6483   1.65724
2.6497   1.67543
2.651   1.64991
2.6524   1.68915
2.6537   1.66973
2.6551   1.6574
2.6565   1.64304
2.6578   1.65833
2.6592   1.60340
2.6605   1.61275
2.6619   1.60628
2.6633   1.61855
2.6646   1.61351
2.666   1.64145
2.6674   1.61528
2.6688   1.63462
2.6701   1.63641
2.6715   1.67824
2.6729   1.69415
2.6743   1.71661
2.6756   1.71539
2.677   1.71595
2.6784   1.65746
2.6798   1.67486
2.6812   1.67974
2.6826   1.61856
2.684   1.60231
2.6853   1.64916
2.6867   1.63166
2.6881   1.60130
2.6895   1.60353
2.6909   1.66360
2.6923   1.64975
2.6937   1.64992
2.6951   1.60749
2.6965   1.57997
2.6979   1.57672
2.6993   1.66477
2.7007   1.63946
2.7021   1.57716
2.7035   1.53934
2.705   1.51923
2.7064   1.48447
2.7078   1.53511
2.7092   1.57106
2.7106   1.59752
2.712   1.59740
2.7134   1.63278
2.7149   1.53750
2.7163   1.50144
2.7177   1.48526
2.7191   1.51539
2.7206   1.49807
2.722   1.48076
2.7234   1.47297
2.7249   1.47804
2.7263   1.46065
2.7277   1.48091
2.7292   1.43656
2.7306   1.44232
2.732   1.47772
2.7335   1.55849
2.7349   1.49985
2.7364   1.55403
2.7378   1.59602
2.7392   1.47894
2.7407   1.32017
2.7421   1.38125
2.7436   1.43895
2.745   1.43808
2.7465   1.39422
2.748   1.42969
2.7494   1.42196
2.7509   1.42299
2.7523   1.40992
2.7538   1.37010
2.7553   1.34702
2.7567   1.42716
2.7582   1.49930
2.7597   1.56319
2.7611   1.43323
2.7626   1.36270
2.7641   1.40768
2.7655   1.44116
2.767   1.42461
2.7685   1.49926
2.77   1.53004
2.7715   1.55158
2.7729   1.42298
2.7744   1.33056
2.7759   1.32484
2.7774   1.41538
2.7789   1.42810
2.7804   1.44098
2.7819   1.43114
2.7834   1.54016
2.7849   1.47758
2.7863   1.41280
2.7878   1.37871
2.7893   1.42496
2.7908   1.41616
2.7924   1.41258
2.7939   1.45355
2.7954   1.48213
2.7969   1.41181
2.7984   1.43309
2.7999   1.43767
2.8014   1.46369
2.8029   1.43764
2.8044   1.50134
2.8059   1.46043
2.8075   1.43861
2.809   1.45588
2.8105   1.4701
2.812   1.39666
2.8136   1.39530
2.8151   1.37989
2.8166   1.32895
2.8181   1.31384
2.8197   1.38051
2.8212   1.37476
2.8228   1.39290
2.8243   1.38090
2.8258   1.45739
2.8274   1.44229
2.8289   1.38876
2.8305   1.39711
2.832   1.43077
2.8335   1.39301
2.8351   1.39711
2.8366   1.36221
2.8382   1.36610
2.8398   1.34212
2.8413   1.35512
2.8429   1.38152
2.8444   1.43255
2.846   1.41343
2.8476   1.45875
2.8491   1.46680
2.8507   1.46864
2.8523   1.42108
2.8538   1.44661
2.8554   1.47194
2.857   1.45358
2.8585   1.34772
2.8601   1.3921
2.8617   1.44882
2.8633   1.43188
2.8649   1.36882
2.8664   1.44471
2.868   1.51345
2.8696   1.54698
2.8712   1.49586
2.8728   1.46997
2.8744   1.42455
2.876   1.42086
2.8776   1.43682
2.8792   1.44088
2.8808   1.41154
2.8824   1.41676
2.884   1.36511
2.8856   1.34319
2.8872   1.36807
2.8888   1.46398
2.8904   1.49204
2.892   1.50974
2.8936   1.42320
2.8953   1.44249
2.8969   1.44152
2.8985   1.51653
2.9001   1.49040
2.9017   1.38354
2.9034   1.33364
2.905   1.44709
2.9066   1.44705
2.9082   1.44171
2.9099   1.41359
2.9115   1.48719
2.9131   1.46479
2.9148   1.48951
2.9164   1.50103
2.9181   1.47705
2.9197   1.46264
2.9213   1.47663
2.923   1.41246
2.9246   1.45241
2.9263   1.48229
2.9279   1.57453
2.9296   1.50728
2.9313   1.43301
2.9329   1.44590
2.9346   1.45869
2.9362   1.44625
2.9379   1.51595
2.9396   1.46186
2.9412   1.46560
2.9429   1.45419
2.9446   1.46319
2.9462   1.46956
2.9479   1.44441
2.9496   1.43355
2.9513   1.49447
2.953   1.50631
2.9546   1.50602
2.9563   1.46305
2.958   1.46575
2.9597   1.43618
2.9614   1.49116
2.9631   1.52418
2.9648   1.57681
2.9665   1.58162
2.9682   1.54994
2.9699   1.46142
2.9716   1.44552
2.9733   1.44056
2.975   1.50258
2.9767   1.53013
2.9784   1.47813
2.9801   1.45760
2.9818   1.53411
2.9835   1.48006
2.9853   1.50934
2.987   1.49992
2.9887   1.47667
2.9904   1.40836
2.9921   1.42703
2.9939   1.44039
2.9956   1.44548
2.9973   1.42661
2.9991   1.48598
3.0008   1.47579
3.0025   1.52448
3.0043   1.51926
3.006   1.51194
3.0078   1.47741
3.0095   1.53934
3.0113   1.52353
3.013   1.44161
3.0148   1.36477
3.0165   1.40280
3.0183   1.37857
3.02   1.39813
3.0218   1.43740
3.0236   1.47632
3.0253   1.46357
3.0271   1.48690
3.0289   1.51818
3.0306   1.50066
3.0324   1.45927
3.0342   1.54487
3.0359   1.58932
3.0377   1.61146
3.0395   1.52949
3.0413   1.48747
3.0431   1.48286
3.0449   1.41921
3.0466   1.37209
3.0484   1.46990
3.0502   1.46818
3.052   1.50036
3.0538   1.49588
3.0556   1.50236
3.0574   1.49053
3.0592   1.5201
3.061   1.52426
3.0628   1.52535
3.0647   1.48558
3.0665   1.49185
3.0683   1.47041
3.0701   1.46469
3.0719   1.38729
3.0737   1.40178
3.0756   1.43258
3.0774   1.46810
3.0792   1.47719
3.081   1.49064
3.0829   1.46604
3.0847   1.49410
3.0865   1.44511
3.0884   1.42366
3.0902   1.45638
3.0921   1.53183
3.0939   1.50160
3.0958   1.45779
3.0976   1.43934
3.0995   1.45360
3.1013   1.47951
3.1032   1.52560
3.105   1.48544
3.1069   1.48239
3.1087   1.47051
3.1106   1.51806
3.1125   1.52342
3.1144   1.49062
3.1162   1.50964
3.1181   1.55389
3.12   1.48413
3.1219   1.45468
3.1237   1.40037
3.1256   1.42003
3.1275   1.43651
3.1294   1.50899
3.1313   1.51340
3.1332   1.45178
3.1351   1.34579
3.137   1.37859
3.1389   1.43489
3.1408   1.48155
3.1427   1.44588
3.1446   1.46950
3.1465   1.43297
3.1484   1.45117
3.1503   1.43690
3.1522   1.47827
3.1541   1.49477
3.1561   1.50760
3.158   1.46805
3.1599   1.44387
3.1618   1.45924
3.1638   1.51633
3.1657   1.48660
3.1676   1.44516
3.1696   1.36263
3.1715   1.34531
3.1734   1.35945
3.1754   1.39035
3.1773   1.37771
3.1793   1.41889
3.1812   1.43048
3.1832   1.46184
3.1851   1.42575
3.1871   1.46358
3.189   1.49593
3.191   1.45138
3.193   1.39811
3.1949   1.45146
3.1969   1.46773
3.1989   1.46935
3.2009   1.44590
3.2028   1.40479
3.2048   1.38030
3.2068   1.42169
3.2088   1.41605
3.2108   1.44632
3.2128   1.45273
3.2148   1.46101
3.2167   1.42003
3.2187   1.40439
3.2207   1.42690
3.2227   1.52439
3.2247   1.51932
3.2268   1.48115
3.2288   1.41105
3.2308   1.40005
3.2328   1.38042
3.2348   1.35794
3.2368   1.36231
3.2388   1.42768
3.2409   1.40541
3.2429   1.38302
3.2449   1.37876
3.247   1.44560
3.249   1.47960
3.251   1.45221
3.2531   1.38764
3.2551   1.39976
3.2572   1.39561
3.2592   1.38682
3.2613   1.39261
3.2633   1.40667
3.2654   1.37758
3.2674   1.44056
3.2695   1.46201
3.2715   1.45162
3.2736   1.41840
3.2757   1.42761
3.2777   1.41191
3.2798   1.38597
3.2819   1.38813
3.284   1.37900
3.2861   1.37733
3.2881   1.40437
3.2902   1.39810
3.2923   1.40380
3.2944   1.41540
3.2965   1.41681
3.2986   1.38738
3.3007   1.38138
3.3028   1.36018
3.3049   1.38006
3.307   1.37520
3.3091   1.35898
3.3112   1.35272
3.3134   1.38402
3.3155   1.36993
3.3176   1.35441
3.3197   1.31756
3.3218   1.35054
3.324   1.37778
3.3261   1.35514
3.3282   1.35951
3.3304   1.37592
3.3325   1.33360
3.3347   1.35992
3.3368   1.38046
3.339   1.37512
3.3411   1.32648
3.3433   1.34778
3.3454   1.32115
3.3476   1.31994
3.3497   1.31856
3.3519   1.32566
3.3541   1.31159
3.3562   1.29133
3.3584   1.28284
3.3606   1.29647
3.3628   1.27274
3.365   1.29306
3.3671   1.30856
3.3693   1.29265
3.3715   1.27797
3.3737   1.30601
3.3759   1.31766
3.3781   1.32634
3.3803   1.26783
3.3825   1.24505
3.3847   1.25549
3.3869   1.25052
3.3891   1.22170
3.3914   1.22918
3.3936   1.18242
3.3958   1.23393
3.398   1.20022
3.4003   1.15243
3.4025   1.13095
3.4047   1.09162
3.407   1.09498
3.4092   1.14956
3.4114   1.17944
3.4137   1.22006
3.4159   1.21849
3.4182   1.30027
3.4204   1.48487
3.4227   1.71119
3.425   2.00946
3.4272   2.4058
3.4295   2.66250
3.4318   2.68643
3.434   2.49183
3.4363   2.31997
3.4386   2.15184
3.4409   2.04595
3.4432   1.98516
3.4454   1.94749
3.4477   1.93020
3.45   1.93729
3.4523   1.85928
3.4546   1.85233
3.4569   1.86220
3.4592   1.82543
3.4615   1.75269
3.4639   1.76042
3.4662   1.72949
3.4685   1.71808
3.4708   1.68394
3.4731   1.64110
3.4755   1.57228
3.4778   1.57538
3.4801   1.57951
3.4825   1.57273
3.4848   1.56961
3.4872   1.53836
3.4895   1.56883
3.4918   1.58122
3.4942   1.46881
3.4966   1.43105
3.4989   1.44074
3.5013   1.49329
3.5036   1.48442
3.506   1.61168
3.5084   2.02305
3.5108   2.50498
3.5131   2.58780
3.5155   2.40873
3.5179   2.22070
3.5203   2.12456
3.5227   1.99018
3.5251   1.92842
3.5275   1.86109
3.5299   1.86307
3.5323   1.83889
3.5347   1.79876
3.5371   1.76906
3.5395   1.77174
3.5419   1.73722
3.5444   1.70565
3.5468   1.70475
3.5492   1.70253
3.5516   1.69063
3.5541   1.70518
3.5565   1.71049
3.559   1.72013
3.5614   1.69067
3.5638   1.67714
3.5663   1.66411
3.5687   1.68542
3.5712   1.64324
3.5737   1.62049
3.5761   1.63591
3.5786   1.65866
3.5811   1.65115
3.5835   1.67083
3.586   1.63853
3.5885   1.62098
3.591   1.63114
3.5935   1.63080
3.596   1.56743
3.5985   1.55265
3.601   1.60688
3.6035   1.64242
3.606   1.60996
3.6085   1.58948
3.611   1.56203
3.6135   1.56602
3.616   1.55761
3.6186   1.59086
3.6211   1.59055
3.6236   1.56532
3.6261   1.53440
3.6287   1.53261
3.6312   1.54392
3.6338   1.58680
3.6363   1.57908
3.6389   1.58028
3.6414   1.53469
3.644   1.52120
3.6465   1.53663
3.6491   1.54276
3.6517   1.54216
3.6543   1.54367
3.6568   1.55322
3.6594   1.57597
3.662   1.55173
3.6646   1.58859
3.6672   1.58830
3.6698   1.55064
3.6724   1.54727
3.675   1.55356
3.6776   1.56528
3.6802   1.58085
3.6828   1.58857
3.6854   1.59061
3.688   1.55290
3.6907   1.52185
3.6933   1.53656
3.6959   1.54294
3.6986   1.52309
3.7012   1.54562
3.7039   1.53032
3.7065   1.53375
3.7092   1.52319
3.7118   1.53202
3.7145   1.53465
3.7171   1.53734
3.7198   1.55893
3.7225   1.56402
3.7251   1.52387
3.7278   1.55857
3.7305   1.55314
3.7332   1.53334
3.7359   1.49772
3.7386   1.49096
3.7413   1.51331
3.744   1.52763
3.7467   1.46845
3.7494   1.47099
3.7521   1.51981
3.7548   1.52734
3.7575   1.48012
3.7603   1.47285
3.763   1.50555
3.7657   1.54635
3.7685   1.53961
3.7712   1.53324
3.7739   1.52021
3.7767   1.53350
3.7794   1.51050
3.7822   1.49797
3.785   1.49936
3.7877   1.51859
3.7905   1.55587
3.7933   1.55280
3.796   1.52745
3.7988   1.53027
3.8016   1.50964
3.8044   1.52190
3.8072   1.54203
3.81   1.52829
3.8128   1.49425
3.8156   1.50354
3.8184   1.52305
3.8212   1.53323
3.824   1.53700
3.8269   1.55847
3.8297   1.55407
3.8325   1.54757
3.8353   1.56196
3.8382   1.52425
3.841   1.50198
3.8439   1.53023
3.8467   1.53039
3.8496   1.52910
3.8524   1.53084
3.8553   1.52708
3.8582   1.50850
3.8611   1.49528
3.8639   1.49479
3.8668   1.55275
3.8697   1.58367
3.8726   1.56000
3.8755   1.50160
3.8784   1.50440
3.8813   1.50029
3.8842   1.48450
3.8871   1.50405
3.89   1.54371
3.8929   1.51908
3.8959   1.50776
3.8988   1.50823
3.9017   1.49058
3.9047   1.48796
3.9076   1.48281
3.9106   1.47236
3.9135   1.50894
3.9165   1.51134
3.9194   1.51703
3.9224   1.54371
3.9254   1.56701
3.9283   1.53023
3.9313   1.48191
3.9343   1.47124
3.9373   1.50718
3.9403   1.50528
3.9433   1.50121
3.9463   1.53824
3.9493   1.56109
3.9523   1.54673
3.9553   1.53300
3.9583   1.50091
3.9613   1.51846
3.9644   1.51045
3.9674   1.49666
3.9704   1.52466
3.9735   1.55272
3.9765   1.54838
3.9796   1.53928
3.9826   1.51583
3.9857   1.52830
3.9888   1.53755
3.9918   1.53783
3.9949   1.54877
3.998   1.53239
4.0011   1.51552
4.0042   1.51145
4.0073   1.54867
4.0104   1.55543
4.0135   1.50721
4.0166   1.46852
4.0197   1.48680
4.0228   1.49040
4.0259   1.49963
4.0291   1.53457
4.0322   1.56143
4.0353   1.54712
4.0385   1.51078
4.0416   1.51401
4.0448   1.49053
4.0479   1.48758
4.0511   1.50776
4.0543   1.49922
4.0574   1.50065
4.0606   1.51283
4.0638   1.48528
4.067   1.48887
4.0702   1.50574
4.0734   1.51582
4.0766   1.52131
4.0798   1.51680
4.083   1.51742
4.0862   1.54081
4.0894   1.54707
4.0927   1.56041
4.0959   1.51939
4.0991   1.50234
4.1024   1.50425
4.1056   1.51310
4.1089   1.54546
4.1121   1.53123
4.1154   1.52164
4.1187   1.51928
4.1219   1.49107
4.1252   1.49632
4.1285   1.50706
4.1318   1.52489
4.1351   1.51984
4.1384   1.48329
4.1417   1.45311
4.145   1.48991
4.1483   1.52508
4.1516   1.51437
4.155   1.52595
4.1583   1.52394
4.1616   1.51434
4.165   1.52947
4.1683   1.51941
4.1717   1.51770
4.175   1.52923
4.1784   1.50623
4.1818   1.49736
4.1851   1.51836
4.1885   1.52661
4.1919   1.53223
4.1953   1.50742
4.1987   1.52856
4.2021   1.54641
4.2055   1.56086
4.2089   1.60354
4.2123   1.58067
4.2158   1.56515
4.2192   1.58826
4.2226   1.60372
4.2261   1.56433
4.2295   1.58820
4.233   1.57536
4.2364   1.52824
4.2399   1.51034
4.2434   1.52311
4.2468   1.60191
4.2503   1.59175
4.2538   1.56784
4.2573   1.55985
4.2608   1.51582
4.2643   1.53349
4.2678   1.59853
4.2713   1.63624
4.2748   1.59905
4.2784   1.59721
4.2819   1.62880
4.2854   1.64351
4.289   1.62544
4.2925   1.57300
4.2961   1.56236
4.2997   1.57188
4.3032   1.58661
4.3068   1.56913
4.3104   1.56651
4.314   1.59134
4.3176   1.54368
4.3212   1.52690
4.3248   1.51371
4.3284   1.52216
4.332   1.50919
4.3356   1.47391
4.3392   1.48660
4.3429   1.50239
4.3465   1.47576
4.3502   1.45862
4.3538   1.47510
4.3575   1.50877
4.3611   1.49654
4.3648   1.49624
4.3685   1.48626
4.3722   1.48972
4.3759   1.50723
4.3796   1.50518
4.3833   1.48115
4.387   1.44551
4.3907   1.48534
4.3944   1.53974
4.3981   1.51401
4.4019   1.49086
4.4056   1.48819
4.4093   1.48510
4.4131   1.46387
4.4169   1.44972
4.4206   1.44385
4.4244   1.46914
4.4282   1.47129
4.432   1.46172
4.4357   1.46008
4.4395   1.49256
4.4434   1.48648
4.4472   1.47037
4.451   1.42520
4.4548   1.44564
4.4586   1.48323
4.4625   1.46759
4.4663   1.44273
4.4702   1.48473
4.474   1.48439
4.4779   1.47388
4.4818   1.46184
4.4856   1.47388
4.4895   1.47611
4.4934   1.46741
4.4973   1.45648
4.5012   1.46343
4.5051   1.48550
4.509   1.50230
4.513   1.46930
4.5169   1.46822
4.5208   1.46958
4.5248   1.43476
4.5287   1.45997
4.5327   1.49088
4.5367   1.48240
4.5406   1.51189
4.5446   1.50356
4.5486   1.49189
4.5526   1.47135
4.5566   1.47336
4.5606   1.46134
4.5646   1.43466
4.5686   1.42562
4.5727   1.45314
4.5767   1.46074
4.5807   1.47845
4.5848   1.47653
4.5888   1.45868
4.5929   1.44055
4.597   1.45265
4.6011   1.49069
4.6051   1.49778
4.6092   1.46903
4.6133   1.47369
4.6174   1.48559
4.6216   1.52109
4.6257   1.50312
4.6298   1.46591
4.634   1.42983
4.6381   1.44064
4.6422   1.43146
4.6464   1.44687
4.6506   1.44690
4.6547   1.42656
4.6589   1.39006
4.6631   1.41579
4.6673   1.41418
4.6715   1.42437
4.6757   1.42685
4.68   1.44896
4.6842   1.45908
4.6884   1.47091
4.6927   1.44669
4.6969   1.45459
4.7012   1.46549
4.7054   1.49291
4.7097   1.45173
4.714   1.44512
4.7183   1.44534
4.7226   1.45173
4.7269   1.44936
4.7312   1.44881
4.7355   1.44584
4.7398   1.47529
4.7442   1.47672
4.7485   1.46259
4.7529   1.44074
4.7572   1.47111
4.7616   1.46493
4.766   1.44370
4.7704   1.45843
4.7748   1.47033
4.7792   1.42535
4.7836   1.41703
4.788   1.40587
4.7924   1.43396
4.7968   1.45250
4.8013   1.46877
4.8057   1.42947
4.8102   1.41807
4.8147   1.41962
4.8191   1.43970
4.8236   1.41525
4.8281   1.40898
4.8326   1.42692
4.8371   1.45782
4.8416   1.48056
4.8462   1.49528
4.8507   1.42632
4.8552   1.39832
4.8598   1.41724
4.8643   1.45241
4.8689   1.43301
4.8735   1.42336
4.8781   1.41381
4.8827   1.43393
4.8873   1.43808
4.8919   1.44846
4.8965   1.44234
4.9011   1.45435
4.9058   1.44805
4.9104   1.48784
4.9151   1.48260
4.9197   1.45456
4.9244   1.42451
4.9291   1.43911
4.9338   1.43640
4.9385   1.45077
4.9432   1.42645
4.9479   1.44049
4.9526   1.42705
4.9574   1.40681
4.9621   1.42995
4.9668   1.48350
4.9716   1.47706
4.9764   1.45573
4.9812   1.40103
4.986   1.41173
4.9908   1.41332
4.9956   1.40764
5.0004   1.38868
5.0052   1.42078
5.01   1.42604
5.0149   1.45358
5.0197   1.43431
5.0246   1.39997
5.0295   1.38907
5.0344   1.42673
5.0393   1.42133
5.0442   1.45886
5.0491   1.44111
5.054   1.44888
5.0589   1.46601
5.0639   1.50632
5.0688   1.45966
5.0738   1.41315
5.0787   1.35450
5.0837   1.37959
5.0887   1.42562
5.0937   1.45338
5.0987   1.42998
5.1037   1.43861
5.1088   1.40485
5.1138   1.43272
5.1188   1.43870
5.1239   1.44341
5.129   1.41793
5.134   1.42541
5.1391   1.41230
5.1442   1.39459
5.1493   1.40602
5.1545   1.41819
5.1596   1.40335
5.1647   1.43204
5.1699   1.43771
5.175   1.46165
5.1802   1.43904
5.1854   1.44191
5.1906   1.43856
5.1958   1.46615
5.201   1.45376
5.2062   1.44901
5.2114   1.42703
5.2167   1.43206
5.2219   1.40970
5.2272   1.41163
5.2325   1.40214
5.2378   1.41030
5.2431   1.39850
5.2484   1.41956
5.2537   1.41242
5.259   1.40670
5.2644   1.37151
5.2697   1.40075
5.2751   1.41517
5.2804   1.44949
5.2858   1.42856
5.2912   1.44510
5.2966   1.44033
5.302   1.43609
5.3075   1.41793
5.3129   1.43633
5.3183   1.42654
5.3238   1.43638
5.3293   1.39712
5.3348   1.38356
5.3403   1.36783
5.3458   1.41498
5.3513   1.41778
5.3568   1.41424
5.3623   1.38943
5.3679   1.39664
5.3735   1.38845
5.379   1.37404
5.3846   1.36185
5.3902   1.42742
5.3958   1.41626
5.4014   1.40261
5.4071   1.40028
5.4127   1.40400
5.4184   1.35923
5.424   1.36929
5.4297   1.37539
5.4354   1.39255
5.4411   1.37938
5.4468   1.41476
5.4526   1.41231
5.4583   1.39510
5.4641   1.37389
5.4698   1.37436
5.4756   1.32448
5.4814   1.34583
5.4872   1.33635
5.493   1.32579
5.4988   1.33043
5.5047   1.37434
5.5105   1.36976
5.5164   1.35309
5.5222   1.31225
5.5281   1.31706
5.534   1.30047
5.5399   1.32452
5.5459   1.33781
5.5518   1.35523
5.5578   1.32368
5.5637   1.31922
5.5697   1.30179
5.5757   1.30942
5.5817   1.29733
5.5877   1.35711
5.5937   1.32786
5.5998   1.32357
5.6058   1.28659
5.6119   1.27215
5.618   1.26166
5.6241   1.28992
5.6302   1.27513
5.6363   1.30309
5.6424   1.31490
5.6486   1.30956
5.6547   1.26683
5.6609   1.28527
5.6671   1.27010
5.6733   1.32688
5.6795   1.32678
5.6857   1.28558
5.692   1.24541
5.6982   1.29253
5.7045   1.24282
5.7108   1.23829
5.7171   1.22918
5.7234   1.24333
5.7297   1.23090
5.7361   1.28314
5.7424   1.27112
5.7488   1.28993
5.7551   1.29784
5.7615   1.36362
5.768   1.33875
5.7744   1.35250
5.7808   1.34659
5.7873   1.36631
5.7937   1.33822
5.8002   1.36359
5.8067   1.34482
5.8132   1.41489
5.8197   1.43398
5.8263   1.45247
5.8328   1.45698
5.8394   1.48727
5.846   1.43344
5.8526   1.45807
5.8592   1.44152
5.8658   1.51191
5.8725   1.55777
5.8791   1.56392
5.8858   1.48819
5.8925   1.51225
5.8992   1.51934
5.9059   1.51354
5.9126   1.46042
5.9194   1.47473
5.9262   1.45166
5.9329   1.47124
5.9397   1.45675
5.9465   1.48901
5.9534   1.48120
5.9602   1.52944
5.9671   1.49231
5.9739   1.52045
5.9808   1.46541
5.9877   1.42754
5.9947   1.41197
6.0016   1.42244
6.0086   1.37458
6.0155   1.41765
6.0225   1.35604
6.0295   1.36416
6.0365   1.37152
6.0436   1.41092
6.0506   1.39184
6.0577   1.46949
6.0648   1.49552
6.0719   1.50156
6.079   1.43820
6.0861   1.45128
6.0933   1.46983
6.1005   1.53685
6.1076   1.47766
6.1148   1.51002
6.1221   1.48388
6.1293   1.50409
6.1366   1.51824
6.1438   1.59749
6.1511   1.56016
6.1584   1.56533
6.1657   1.55803
6.1731   1.57035
6.1804   1.55947
6.1878   1.62071
6.1952   1.57874
6.2026   1.56443
6.21   1.57626
6.2175   1.64189
6.225   1.58912
6.2324   1.61735
6.2399   1.58537
6.2475   1.59418
6.255   1.53312
6.2625   1.52064
6.2701   1.51593
6.2777   1.58399
6.2853   1.54863
6.2929   1.56814
6.3006   1.51874
6.3083   1.51229
6.3159   1.49526
6.3236   1.59196
6.3314   1.57636
6.3391   1.53411
6.3469   1.47534
6.3546   1.54867
6.3624   1.52969
6.3703   1.55328
6.3781   1.50543
6.3859   1.54965
6.3938   1.53021
6.4017   1.52358
6.4096   1.49510
6.4176   1.58099
6.4255   1.55221
6.4335   1.52160
6.4415   1.44864
6.4495   1.51846
6.4575   1.53310
6.4656   1.54541
6.4736   1.47400
6.4817   1.45666
6.4898   1.42516
6.498   1.48890
6.5061   1.47876
6.5143   1.50362
6.5225   1.44950
6.5307   1.49482
6.539   1.45319
6.5472   1.46061
6.5555   1.41844
6.5638   1.46638
6.5721   1.46592
6.5804   1.50392
6.5888   1.41848
6.5972   1.38745
6.6056   1.34266
6.614   1.40115
6.6225   1.35012
6.6309   1.37816
6.6394   1.40509
6.6479   1.47566
6.6565   1.44000
6.665   1.38795
6.6736   1.28656
6.6822   1.34643
6.6908   1.31856
6.6995   1.35481
6.7081   1.32713
6.7168   1.36352
6.7255   1.34227
6.7343   1.36791
6.743   1.31435
6.7518   1.33076
6.7606   1.29756
6.7694   1.28554
6.7783   1.24970
6.7872   1.36885
6.7961   1.42724
6.805   1.45431
6.8139   1.38499
6.8229   1.41676
6.8319   1.49135
6.8409   1.60906
6.8499   1.48426
6.859   1.45347
6.8681   1.43312
6.8772   1.48514
6.8863   1.44224
6.8955   1.47463
6.9046   1.46097
6.9139   1.49572
6.9231   1.44824
6.9323   1.45787
6.9416   1.41667
6.9509   1.49584
6.9603   1.47487
6.9696   1.45282
6.979   1.41263
6.9884   1.46359
6.9978   1.41515
7.0073   1.47089
7.0168   1.42299
7.0263   1.45872
7.0358   1.44440
7.0454   1.43324
7.055   1.37457
7.0646   1.46661
7.0742   1.43265
7.0839   1.46567
7.0936   1.44642
7.1033   1.51192
7.113   1.48901
7.1228   1.48270
7.1326   1.38107
7.1424   1.44074
7.1523   1.45350
7.1621   1.48855
7.172   1.48330
7.182   1.56226
7.1919   1.45600
7.2019   1.46226
7.2119   1.42174
7.222   1.45206
7.2321   1.43663
7.2422   1.49987
7.2523   1.43837
7.2624   1.47049
7.2726   1.45278
7.2828   1.47077
7.2931   1.39282
7.3034   1.43023
7.3137   1.38181
7.324   1.42606
7.3344   1.39449
7.3447   1.45460
7.3552   1.43636
7.3656   1.47704
7.3761   1.42031
7.3866   1.43725
7.3971   1.39728
7.4077   1.41419
7.4183   1.37391
7.4289   1.45363
7.4396   1.41680
7.4503   1.43655
7.461   1.39325
7.4717   1.46100
7.4825   1.42458
7.4933   1.44198
7.5042   1.34715
7.5151   1.35069
7.526   1.38008
7.5369   1.44083
7.5479   1.40575
7.5589   1.49633
7.5699   1.43851
7.581   1.42887
7.5921   1.36189
7.6032   1.42174
7.6144   1.42573
7.6256   1.43817
7.6368   1.35736
7.6481   1.39659
7.6594   1.36197
7.6707   1.40192
7.6821   1.40184
7.6935   1.46969
7.7049   1.38571
7.7164   1.42233
7.7278   1.35724
7.7394   1.36674
7.751   1.39049
7.7626   1.48002
7.7742   1.41999
7.7859   1.42312
7.7976   1.39972
7.8093   1.46460
7.8211   1.38705
7.8329   1.43429
7.8448   1.41531
7.8566   1.44921
7.8686   1.3623
7.8805   1.40369
7.8925   1.37192
7.9046   1.44106
7.9166   1.41761
7.9287   1.48967
7.9409   1.43397
7.9531   1.48554
7.9653   1.45082
7.9775   1.46606
7.9898   1.38563
8.0021   1.39773
8.0145   1.36048
8.0269   1.43056
8.0394   1.36850
8.0518   1.45780
8.0644   1.35221
8.0769   1.44067
8.0895   1.46826
8.1022   1.54357
8.1148   1.46966
8.1276   1.52760
8.1403   1.46991
8.1531   1.52872
8.166   1.39728
8.1788   1.44897
8.1918   1.38316
8.2047   1.45839
8.2177   1.42329
8.2308   1.49342
8.2439   1.45100
8.257   1.55165
8.2702   1.47182
8.2834   1.52154
8.2966   1.46124
8.3099   1.54937
8.3233   1.45347
8.3366   1.50156
8.3501   1.49179
8.3635   1.54596
8.377   1.46334
8.3906   1.51183
8.4042   1.47039
8.4178   1.57691
8.4315   1.49548
8.4453   1.56885
8.459   1.50010
8.4729   1.54327
8.4867   1.47836
8.5006   1.62068
8.5146   1.60383
8.5286   1.70791
8.5426   1.67128
8.5567   1.67149
8.5709   1.51443
8.5851   1.65620
8.5993   1.60650
8.6136   1.62733
8.6279   1.52354
8.6423   1.60023
8.6567   1.56799
8.6712   1.64632
8.6857   1.60218
8.7003   1.73924
8.7149   1.68209
8.7296   1.72975
8.7443   1.59454
8.7591   1.66597
8.7739   1.56562
8.7888   1.62737
8.8037   1.5892
8.8187   1.71389
8.8337   1.60782
8.8488   1.70108
8.8639   1.64939
8.8791   1.68214
8.8943   1.50623
8.9096   1.51699
8.9249   1.50639
8.9403   1.63220
8.9558   1.55995
8.9713   1.70524
8.9868   1.69865
9.0024   1.82197
9.0181   1.68942
9.0338   1.78533
9.0495   1.70975
9.0654   1.75163
9.0812   1.68395
9.0972   1.77058
9.1132   1.69174
9.1292   1.76489
9.1453   1.66351
9.1615   1.76156
9.1777   1.70407
9.194   1.75414
9.2103   1.61146
9.2267   1.77357
9.2431   1.71162
9.2596   1.77039
9.2762   1.70021
9.2928   1.84902
9.3095   1.75347
9.3262   1.75069
9.343   1.54320
9.3599   1.66337
9.3768   1.68980
9.3938   1.77206
9.4109   1.61124
9.428   1.71383
9.4451   1.67185
9.4624   1.76203
9.4797   1.64902
9.4971   1.79047
9.5145   1.71100
9.532   1.83455
9.5495   1.69937
9.5671   1.73112
9.5848   1.62698
9.6026   1.75817
9.6204   1.72671
9.6383   1.85294
9.6562   1.68982
9.6742   1.80936
9.6923   1.71266
9.7105   1.73250
9.7287   1.54791
9.747   1.67471
9.7653   1.66311
9.7837   1.76411
9.8022   1.60772
9.8208   2.23612
9.8394   2.48422
9.8581   1.99935
9.8769   1.74404
9.8958   1.85236
9.9147   1.70228
9.9337   1.72081
9.9528   1.59020
9.9719   1.58505
9.9911   1.54148
10.0104   1.66549
10.0298   1.64876
10.0492   1.79503
10.0687   1.74199
10.0883   1.70355
10.108   1.50309
10.1277   1.55373
10.1475   1.54876
10.1674   1.66463
10.1874   1.55936
10.2074   1.61630
10.2276   1.50931
10.2478   1.60233
10.2681   1.54948
10.2885   1.60896
10.3089   1.52707
10.3295   1.63324
10.3501   1.55765
10.3708   1.60248
10.3916   1.50409
10.4124   1.58173
10.4334   1.50594
10.4544   1.57434
10.4755   1.49761
10.4967   1.61439
10.518   1.44920
10.5394   1.50139
10.5609   1.46038
10.5824   1.56265
10.6041   1.51676
10.6258   1.65511
10.6476   1.53189
10.6695   1.63563
10.6915   1.51610
10.7136   1.57846
10.7358   1.53552
10.7581   1.68572
10.7804   1.55772
10.8029   1.58305
10.8254   1.51172
10.8481   1.60733
10.8708   1.51943
10.8937   1.55673
10.9166   1.42671
10.9396   1.52693
10.9628   1.43142
10.986   1.54135
11.0093   1.39108
11.0327   1.48018
11.0563   1.42541
11.0799   1.57116
11.1036   1.51760
11.1274   1.64051
11.1514   1.49935
11.1754   1.56554
11.1995   1.42816
11.2238   1.53402
11.2481   1.44570
11.2726   1.48013
11.2971   1.30153
11.3218   1.39885
11.3466   1.36415
11.3715   1.56305
11.3965   1.49294
11.4216   1.56467
11.4468   1.38213
11.4721   1.50476
11.4975   1.42574
11.5231   1.50196
11.5487   1.38658
11.5745   1.55825
11.6004   1.49486
11.6264   1.65859
11.6525   1.43016
11.6788   1.45301
11.7052   1.28314
11.7316   1.38601
11.7582   1.36855
11.785   1.45648
11.8118   1.24165
11.8388   1.40198
11.8659   1.35700
11.8931   1.52860
11.9204   1.39721
11.9479   1.51818
11.9755   1.38152
12.0032   1.46642
12.0311   1.37861
12.059   1.50634
12.0871   1.37955
12.1154   1.51939
12.1438   1.34915
12.1723   1.47527
12.2009   1.36146
12.2297   1.53754
12.2586   1.38328
12.2876   1.56015
12.3168   1.38183
12.3462   1.58853
12.3756   1.47119
12.4052   1.54543
12.435   1.33983
12.4649   1.44329
12.4949   1.38975
12.5251   1.61222
12.5554   1.46123
12.5859   1.56670
12.6165   1.30374
12.6473   1.46754
12.6782   1.34818
12.7093   1.43181
12.7405   1.25676
12.7719   1.55560
12.8034   1.44914
12.8351   1.57322
12.867   1.44481
12.899   1.50106
12.9311   1.35041
12.9635   1.59526
12.996   1.41442
13.0286   1.48651
13.0614   1.37564
13.0944   1.54725
13.1276   1.27173
13.1609   1.40367
13.1944   1.29893
13.228   1.52923
13.2619   1.36928
13.2959   1.43266
13.33   1.25105
13.3644   1.44171
13.3989   1.20363
13.4336   1.43474
13.4685   1.26830
13.5036   1.50894
13.5389   1.40792
13.5743   1.51093
13.6099   1.20388
13.6458   1.38854
13.6818   1.32844
13.7179   1.58080
13.7543   1.38797
13.7909   1.60936
13.8277   1.45350
13.8647   1.61671
13.9018   1.45052
13.9392   1.71496
13.9768   1.48645
14.0146   1.69895
14.0525   1.43974
14.0907   1.67163
14.1291   1.41624
14.1677   1.52548
14.2065   1.30871
14.2456   1.60680
14.2848   1.28835
14.3243   1.44206
14.3639   1.21602
14.4038   1.52670
14.444   1.25222
14.4843   1.64691
14.5249   1.37725
14.5657   1.62123
14.6067   1.40511
14.648   1.50397
14.6895   1.02781
14.7312   1.45752
14.7732   1.27273
14.8154   1.75902
14.8578   1.53638
14.9005   1.80572
14.9435   1.15597
14.9867   1.60894
15.0301   1.37255
15.0738   1.65905
15.1177   1.21639
15.1619   1.64428
15.2064   1.35350
15.2511   1.50804
15.2961   0.81994
15.3414   1.43746
15.3869   0

