Name: Caesalpinia cacalaco
Type: vegetation
Class: Tree
Genus: Caesalpinia
Species: cacalaco
Sample No.: JPL067
Owner: JPL
Wavelength Range: All
Origin: 34.12622; - 118.10958; WGS84
Collection Date: 2/2/2016
Description: Samples were collected at the Huntington Garden in San Marino California as part of a JPL Subcontract studying HyTES imagery. Samples were taken to JPL and processed within 48 hours of collection. The same leaves were processed in the Nicolet and then measured using the ASD.
Measurement: Bidirectional and directional hemispherical reflectance
First Column: X
Second Column: Y
X Units: Wavelength (micrometer)
Y Units: Reflectance (percentage)
First X Value: 0.35
Last X Value: 15.3869
Number of X Values: 3889
Additional Information: 

 0.350	5.8452
 0.351	6.0773
 0.352	4.5947
 0.353	4.1191
 0.354	6.0396
 0.355	5.5150
 0.356	5.3290
 0.357	5.7879
 0.358	5.9803
 0.359	6.0264
 0.360	5.7758
 0.361	5.5095
 0.362	6.1122
 0.363	5.9696
 0.364	5.3615
 0.365	4.9728
 0.366	5.1657
 0.367	5.2410
 0.368	5.1121
 0.369	5.0871
 0.370	4.6262
 0.371	4.4496
 0.372	4.9101
 0.373	5.4444
 0.374	5.5259
 0.375	5.3333
 0.376	5.2668
 0.377	5.4715
 0.378	5.5117
 0.379	5.2414
 0.380	4.8243
 0.381	4.7659
 0.382	4.8677
 0.383	4.9135
 0.384	4.8963
 0.385	5.2848
 0.386	5.6740
 0.387	5.4853
 0.388	5.1317
 0.389	4.8846
 0.390	4.9202
 0.391	5.3249
 0.392	5.4572
 0.393	5.4385
 0.394	5.4503
 0.395	5.3947
 0.396	5.1640
 0.397	4.9457
 0.398	5.0117
 0.399	5.0878
 0.400	5.3447
 0.401	5.6113
 0.402	5.2395
 0.403	5.0435
 0.404	5.1222
 0.405	5.3619
 0.406	5.7003
 0.407	5.6195
 0.408	5.3072
 0.409	5.3517
 0.410	5.2089
 0.411	5.2045
 0.412	5.4673
 0.413	5.6099
 0.414	5.5905
 0.415	5.4906
 0.416	5.4223
 0.417	5.3167
 0.418	5.4099
 0.419	5.6834
 0.420	5.8750
 0.421	5.8120
 0.422	5.6142
 0.423	5.4587
 0.424	5.5002
 0.425	5.6907
 0.426	5.8832
 0.427	5.9112
 0.428	5.8737
 0.429	5.8578
 0.430	5.8837
 0.431	5.8826
 0.432	5.9649
 0.433	6.0436
 0.434	6.0352
 0.435	6.0476
 0.436	6.0786
 0.437	6.0850
 0.438	6.0113
 0.439	6.0844
 0.440	6.1326
 0.441	6.0730
 0.442	6.1757
 0.443	6.1861
 0.444	6.0953
 0.445	6.0074
 0.446	6.0684
 0.447	6.2209
 0.448	6.3062
 0.449	6.0774
 0.450	5.9782
 0.451	6.0532
 0.452	6.2011
 0.453	6.2162
 0.454	6.1727
 0.455	6.1432
 0.456	6.1866
 0.457	6.2368
 0.458	6.2478
 0.459	6.2098
 0.460	6.1636
 0.461	6.2031
 0.462	6.2177
 0.463	6.1007
 0.464	6.1715
 0.465	6.1970
 0.466	6.1463
 0.467	6.2114
 0.468	6.2155
 0.469	6.1933
 0.470	6.2008
 0.471	6.2360
 0.472	6.2198
 0.473	6.1777
 0.474	6.1841
 0.475	6.1854
 0.476	6.1667
 0.477	6.1415
 0.478	6.1626
 0.479	6.1708
 0.480	6.1678
 0.481	6.1684
 0.482	6.1537
 0.483	6.1670
 0.484	6.2010
 0.485	6.2051
 0.486	6.2233
 0.487	6.2333
 0.488	6.2223
 0.489	6.2331
 0.490	6.2262
 0.491	6.2209
 0.492	6.2487
 0.493	6.1890
 0.494	6.1896
 0.495	6.2941
 0.496	6.3642
 0.497	6.3966
 0.498	6.4173
 0.499	6.4510
 0.500	6.4600
 0.501	6.5050
 0.502	6.5616
 0.503	6.5480
 0.504	6.6499
 0.505	6.7430
 0.506	6.7533
 0.507	6.8462
 0.508	6.9510
 0.509	7.0546
 0.510	7.1691
 0.511	7.3109
 0.512	7.4607
 0.513	7.6138
 0.514	7.7892
 0.515	7.9816
 0.516	8.1826
 0.517	8.3913
 0.518	8.6426
 0.519	8.8973
 0.520	9.1327
 0.521	9.3475
 0.522	9.6322
 0.523	9.9087
 0.524	10.138
 0.525	10.428
 0.526	10.718
 0.527	10.976
 0.528	11.189
 0.529	11.401
 0.530	11.600
 0.531	11.786
 0.532	11.980
 0.533	12.136
 0.534	12.266
 0.535	12.394
 0.536	12.534
 0.537	12.649
 0.538	12.729
 0.539	12.789
 0.540	12.872
 0.541	12.984
 0.542	13.108
 0.543	13.200
 0.544	13.260
 0.545	13.288
 0.546	13.295
 0.547	13.315
 0.548	13.314
 0.549	13.298
 0.550	13.326
 0.551	13.332
 0.552	13.315
 0.553	13.287
 0.554	13.244
 0.555	13.200
 0.556	13.149
 0.557	13.073
 0.558	12.973
 0.559	12.855
 0.560	12.729
 0.561	12.617
 0.562	12.509
 0.563	12.382
 0.564	12.222
 0.565	12.090
 0.566	11.956
 0.567	11.798
 0.568	11.611
 0.569	11.434
 0.570	11.261
 0.571	11.082
 0.572	10.906
 0.573	10.734
 0.574	10.567
 0.575	10.405
 0.576	10.277
 0.577	10.169
 0.578	10.065
 0.579	9.9558
 0.580	9.8561
 0.581	9.7599
 0.582	9.6581
 0.583	9.5648
 0.584	9.5026
 0.585	9.4590
 0.586	9.3866
 0.587	9.3143
 0.588	9.2485
 0.589	9.1882
 0.590	9.1279
 0.591	9.0707
 0.592	9.0242
 0.593	8.9945
 0.594	8.9552
 0.595	8.9096
 0.596	8.8678
 0.597	8.8439
 0.598	8.8295
 0.599	8.8160
 0.600	8.7949
 0.601	8.7628
 0.602	8.7153
 0.603	8.6559
 0.604	8.5951
 0.605	8.5404
 0.606	8.4943
 0.607	8.4452
 0.608	8.3426
 0.609	8.2682
 0.610	8.2268
 0.611	8.1836
 0.612	8.1215
 0.613	8.0333
 0.614	7.9265
 0.615	7.8286
 0.616	7.7287
 0.617	7.6403
 0.618	7.5813
 0.619	7.5658
 0.620	7.5200
 0.621	7.4484
 0.622	7.4143
 0.623	7.3897
 0.624	7.3603
 0.625	7.3264
 0.626	7.3188
 0.627	7.3082
 0.628	7.2937
 0.629	7.2849
 0.630	7.2831
 0.631	7.2767
 0.632	7.2660
 0.633	7.2653
 0.634	7.2470
 0.635	7.2116
 0.636	7.1693
 0.637	7.1386
 0.638	7.1024
 0.639	7.0506
 0.640	6.9806
 0.641	6.9130
 0.642	6.8467
 0.643	6.7815
 0.644	6.7220
 0.645	6.6625
 0.646	6.6008
 0.647	6.5393
 0.648	6.4921
 0.649	6.4600
 0.650	6.4341
 0.651	6.3986
 0.652	6.3528
 0.653	6.3241
 0.654	6.3227
 0.655	6.3155
 0.656	6.2646
 0.657	6.1937
 0.658	6.1494
 0.659	6.1396
 0.660	6.1159
 0.661	6.0655
 0.662	6.0183
 0.663	5.9858
 0.664	5.9626
 0.665	5.9432
 0.666	5.9386
 0.667	5.9305
 0.668	5.9181
 0.669	5.9100
 0.670	5.9128
 0.671	5.9259
 0.672	5.9408
 0.673	5.9395
 0.674	5.9515
 0.675	5.9748
 0.676	6.0004
 0.677	6.0267
 0.678	6.0527
 0.679	6.0882
 0.680	6.1458
 0.681	6.1977
 0.682	6.2492
 0.683	6.3030
 0.684	6.3472
 0.685	6.4100
 0.686	6.4855
 0.687	6.5652
 0.688	6.6789
 0.689	6.8310
 0.690	7.0278
 0.691	7.2776
 0.692	7.5716
 0.693	7.9494
 0.694	8.4316
 0.695	8.9893
 0.696	9.6256
 0.697	10.345
 0.698	11.150
 0.699	12.037
 0.700	12.976
 0.701	13.954
 0.702	14.977
 0.703	16.044
 0.704	17.128
 0.705	18.213
 0.706	19.313
 0.707	20.420
 0.708	21.535
 0.709	22.660
 0.710	23.765
 0.711	24.884
 0.712	26.012
 0.713	27.113
 0.714	28.216
 0.715	29.314
 0.716	30.398
 0.717	31.468
 0.718	32.532
 0.719	33.579
 0.720	34.599
 0.721	35.615
 0.722	36.584
 0.723	37.511
 0.724	38.453
 0.725	39.348
 0.726	40.195
 0.727	41.003
 0.728	41.783
 0.729	42.534
 0.730	43.245
 0.731	43.901
 0.732	44.529
 0.733	45.135
 0.734	45.710
 0.735	46.229
 0.736	46.724
 0.737	47.186
 0.738	47.612
 0.739	48.023
 0.740	48.399
 0.741	48.741
 0.742	49.059
 0.743	49.353
 0.744	49.622
 0.745	49.864
 0.746	50.076
 0.747	50.284
 0.748	50.483
 0.749	50.666
 0.750	50.844
 0.751	50.986
 0.752	51.093
 0.753	51.179
 0.754	51.272
 0.755	51.378
 0.756	51.472
 0.757	51.521
 0.758	51.599
 0.759	51.668
 0.760	51.707
 0.761	51.769
 0.762	51.817
 0.763	51.855
 0.764	51.897
 0.765	51.938
 0.766	51.958
 0.767	51.974
 0.768	52.019
 0.769	52.054
 0.770	52.060
 0.771	52.049
 0.772	52.060
 0.773	52.052
 0.774	52.049
 0.775	52.074
 0.776	52.102
 0.777	52.115
 0.778	52.111
 0.779	52.096
 0.780	52.102
 0.781	52.107
 0.782	52.114
 0.783	52.147
 0.784	52.143
 0.785	52.132
 0.786	52.139
 0.787	52.137
 0.788	52.111
 0.789	52.092
 0.790	52.109
 0.791	52.109
 0.792	52.124
 0.793	52.135
 0.794	52.096
 0.795	52.082
 0.796	52.089
 0.797	52.095
 0.798	52.077
 0.799	52.080
 0.800	52.057
 0.801	51.994
 0.802	52.009
 0.803	52.030
 0.804	52.030
 0.805	52.006
 0.806	51.972
 0.807	51.968
 0.808	51.982
 0.809	51.959
 0.810	51.948
 0.811	51.932
 0.812	51.908
 0.813	51.901
 0.814	51.888
 0.815	51.871
 0.816	51.861
 0.817	51.855
 0.818	51.854
 0.819	51.836
 0.820	51.787
 0.821	51.769
 0.822	51.780
 0.823	51.791
 0.824	51.762
 0.825	51.753
 0.826	51.739
 0.827	51.704
 0.828	51.680
 0.829	51.672
 0.830	51.662
 0.831	51.646
 0.832	51.687
 0.833	51.671
 0.834	51.639
 0.835	51.673
 0.836	51.654
 0.837	51.635
 0.838	51.641
 0.839	51.656
 0.840	51.646
 0.841	51.628
 0.842	51.608
 0.843	51.567
 0.844	51.602
 0.845	51.647
 0.846	51.645
 0.847	51.637
 0.848	51.622
 0.849	51.631
 0.850	51.680
 0.851	51.696
 0.852	51.707
 0.853	51.709
 0.854	51.689
 0.855	51.728
 0.856	51.721
 0.857	51.675
 0.858	51.714
 0.859	51.744
 0.860	51.769
 0.861	51.784
 0.862	51.752
 0.863	51.766
 0.864	51.796
 0.865	51.803
 0.866	51.805
 0.867	51.862
 0.868	51.908
 0.869	51.871
 0.870	51.868
 0.871	51.867
 0.872	51.867
 0.873	51.881
 0.874	51.884
 0.875	51.908
 0.876	51.946
 0.877	51.954
 0.878	51.952
 0.879	51.976
 0.880	52.017
 0.881	51.995
 0.882	52.019
 0.883	52.039
 0.884	52.025
 0.885	52.065
 0.886	52.063
 0.887	52.046
 0.888	52.064
 0.889	52.103
 0.890	52.107
 0.891	52.098
 0.892	52.122
 0.893	52.163
 0.894	52.153
 0.895	52.107
 0.896	52.093
 0.897	52.128
 0.898	52.166
 0.899	52.200
 0.900	52.256
 0.901	52.256
 0.902	52.227
 0.903	52.201
 0.904	52.196
 0.905	52.233
 0.906	52.259
 0.907	52.245
 0.908	52.234
 0.909	52.245
 0.910	52.259
 0.911	52.255
 0.912	52.239
 0.913	52.223
 0.914	52.214
 0.915	52.214
 0.916	52.210
 0.917	52.199
 0.918	52.201
 0.919	52.232
 0.920	52.245
 0.921	52.202
 0.922	52.158
 0.923	52.189
 0.924	52.148
 0.925	52.110
 0.926	52.101
 0.927	52.102
 0.928	52.153
 0.929	52.136
 0.930	52.042
 0.931	51.979
 0.932	51.973
 0.933	51.989
 0.934	51.991
 0.935	51.959
 0.936	51.889
 0.937	51.858
 0.938	51.864
 0.939	51.780
 0.940	51.723
 0.941	51.667
 0.942	51.603
 0.943	51.602
 0.944	51.620
 0.945	51.595
 0.946	51.513
 0.947	51.458
 0.948	51.400
 0.949	51.357
 0.950	51.332
 0.951	51.263
 0.952	51.175
 0.953	51.110
 0.954	51.080
 0.955	51.015
 0.956	50.895
 0.957	50.768
 0.958	50.700
 0.959	50.714
 0.960	50.656
 0.961	50.572
 0.962	50.559
 0.963	50.593
 0.964	50.538
 0.965	50.447
 0.966	50.420
 0.967	50.368
 0.968	50.369
 0.969	50.361
 0.970	50.266
 0.971	50.209
 0.972	50.257
 0.973	50.319
 0.974	50.276
 0.975	50.222
 0.976	50.248
 0.977	50.284
 0.978	50.233
 0.979	50.273
 0.980	50.196
 0.981	50.104
 0.982	50.190
 0.983	50.269
 0.984	50.233
 0.985	50.183
 0.986	50.266
 0.987	50.287
 0.988	50.381
 0.989	50.430
 0.990	50.285
 0.991	50.252
 0.992	50.236
 0.993	50.247
 0.994	50.316
 0.995	50.338
 0.996	50.326
 0.997	50.355
 0.998	50.470
 0.999	50.502
 1.000	50.438
 1.001	50.914
 1.002	50.935
 1.003	50.919
 1.004	50.956
 1.005	50.990
 1.006	51.021
 1.007	51.077
 1.008	51.092
 1.009	51.058
 1.010	51.073
 1.011	51.095
 1.012	51.116
 1.013	51.191
 1.014	51.208
 1.015	51.191
 1.016	51.151
 1.017	51.146
 1.018	51.153
 1.019	51.218
 1.020	51.329
 1.021	51.383
 1.022	51.428
 1.023	51.453
 1.024	51.425
 1.025	51.437
 1.026	51.467
 1.027	51.479
 1.028	51.477
 1.029	51.511
 1.030	51.564
 1.031	51.598
 1.032	51.650
 1.033	51.692
 1.034	51.713
 1.035	51.721
 1.036	51.741
 1.037	51.741
 1.038	51.746
 1.039	51.736
 1.040	51.744
 1.041	51.773
 1.042	51.783
 1.043	51.793
 1.044	51.789
 1.045	51.741
 1.046	51.741
 1.047	51.757
 1.048	51.778
 1.049	51.845
 1.050	51.882
 1.051	51.909
 1.052	51.918
 1.053	51.931
 1.054	51.930
 1.055	51.946
 1.056	51.967
 1.057	51.986
 1.058	52.015
 1.059	52.038
 1.060	52.073
 1.061	52.083
 1.062	52.073
 1.063	52.073
 1.064	52.059
 1.065	52.053
 1.066	52.071
 1.067	52.070
 1.068	52.060
 1.069	52.041
 1.070	52.022
 1.071	51.977
 1.072	51.985
 1.073	52.016
 1.074	52.037
 1.075	52.096
 1.076	52.116
 1.077	52.106
 1.078	52.110
 1.079	52.110
 1.080	52.109
 1.081	52.101
 1.082	52.105
 1.083	52.134
 1.084	52.129
 1.085	52.091
 1.086	52.087
 1.087	52.076
 1.088	52.036
 1.089	52.040
 1.090	52.089
 1.091	52.094
 1.092	52.099
 1.093	52.089
 1.094	52.052
 1.095	52.034
 1.096	52.014
 1.097	52.000
 1.098	52.001
 1.099	51.991
 1.100	51.971
 1.101	51.961
 1.102	51.954
 1.103	51.943
 1.104	51.932
 1.105	51.949
 1.106	51.945
 1.107	51.937
 1.108	51.925
 1.109	51.906
 1.110	51.886
 1.111	51.864
 1.112	51.839
 1.113	51.805
 1.114	51.786
 1.115	51.779
 1.116	51.758
 1.117	51.734
 1.118	51.713
 1.119	51.687
 1.120	51.653
 1.121	51.620
 1.122	51.592
 1.123	51.552
 1.124	51.501
 1.125	51.449
 1.126	51.395
 1.127	51.337
 1.128	51.271
 1.129	51.204
 1.130	51.149
 1.131	51.071
 1.132	50.985
 1.133	50.884
 1.134	50.752
 1.135	50.639
 1.136	50.532
 1.137	50.418
 1.138	50.299
 1.139	50.170
 1.140	50.008
 1.141	49.840
 1.142	49.692
 1.143	49.538
 1.144	49.386
 1.145	49.238
 1.146	49.091
 1.147	48.932
 1.148	48.798
 1.149	48.682
 1.150	48.561
 1.151	48.448
 1.152	48.340
 1.153	48.226
 1.154	48.128
 1.155	48.044
 1.156	47.964
 1.157	47.905
 1.158	47.852
 1.159	47.794
 1.160	47.755
 1.161	47.701
 1.162	47.645
 1.163	47.601
 1.164	47.549
 1.165	47.511
 1.166	47.482
 1.167	47.450
 1.168	47.423
 1.169	47.399
 1.170	47.368
 1.171	47.350
 1.172	47.345
 1.173	47.335
 1.174	47.329
 1.175	47.313
 1.176	47.288
 1.177	47.276
 1.178	47.263
 1.179	47.241
 1.180	47.226
 1.181	47.202
 1.182	47.181
 1.183	47.173
 1.184	47.146
 1.185	47.124
 1.186	47.111
 1.187	47.085
 1.188	47.071
 1.189	47.074
 1.190	47.069
 1.191	47.060
 1.192	47.049
 1.193	47.037
 1.194	47.025
 1.195	47.000
 1.196	46.994
 1.197	47.002
 1.198	47.006
 1.199	47.029
 1.200	47.044
 1.201	47.060
 1.202	47.077
 1.203	47.078
 1.204	47.091
 1.205	47.097
 1.206	47.097
 1.207	47.122
 1.208	47.142
 1.209	47.166
 1.210	47.205
 1.211	47.225
 1.212	47.230
 1.213	47.242
 1.214	47.236
 1.215	47.249
 1.216	47.273
 1.217	47.305
 1.218	47.331
 1.219	47.360
 1.220	47.375
 1.221	47.385
 1.222	47.412
 1.223	47.447
 1.224	47.491
 1.225	47.533
 1.226	47.563
 1.227	47.588
 1.228	47.610
 1.229	47.635
 1.230	47.660
 1.231	47.689
 1.232	47.724
 1.233	47.757
 1.234	47.782
 1.235	47.807
 1.236	47.821
 1.237	47.819
 1.238	47.823
 1.239	47.841
 1.240	47.860
 1.241	47.882
 1.242	47.904
 1.243	47.919
 1.244	47.933
 1.245	47.951
 1.246	47.968
 1.247	47.988
 1.248	48.005
 1.249	48.017
 1.250	48.038
 1.251	48.040
 1.252	48.040
 1.253	48.062
 1.254	48.071
 1.255	48.083
 1.256	48.096
 1.257	48.094
 1.258	48.093
 1.259	48.097
 1.260	48.106
 1.261	48.113
 1.262	48.120
 1.263	48.134
 1.264	48.138
 1.265	48.143
 1.266	48.144
 1.267	48.134
 1.268	48.127
 1.269	48.126
 1.270	48.128
 1.271	48.125
 1.272	48.117
 1.273	48.103
 1.274	48.085
 1.275	48.066
 1.276	48.054
 1.277	48.041
 1.278	48.030
 1.279	48.010
 1.280	47.982
 1.281	47.953
 1.282	47.925
 1.283	47.907
 1.284	47.889
 1.285	47.871
 1.286	47.849
 1.287	47.824
 1.288	47.796
 1.289	47.768
 1.290	47.732
 1.291	47.688
 1.292	47.629
 1.293	47.570
 1.294	47.510
 1.295	47.459
 1.296	47.432
 1.297	47.388
 1.298	47.342
 1.299	47.306
 1.300	47.244
 1.301	47.189
 1.302	47.130
 1.303	47.056
 1.304	46.979
 1.305	46.903
 1.306	46.828
 1.307	46.746
 1.308	46.665
 1.309	46.577
 1.310	46.488
 1.311	46.401
 1.312	46.306
 1.313	46.203
 1.314	46.101
 1.315	45.995
 1.316	45.897
 1.317	45.805
 1.318	45.705
 1.319	45.587
 1.320	45.450
 1.321	45.311
 1.322	45.178
 1.323	45.064
 1.324	44.956
 1.325	44.828
 1.326	44.698
 1.327	44.567
 1.328	44.415
 1.329	44.260
 1.330	44.100
 1.331	43.930
 1.332	43.774
 1.333	43.621
 1.334	43.462
 1.335	43.315
 1.336	43.162
 1.337	43.004
 1.338	42.862
 1.339	42.715
 1.340	42.557
 1.341	42.406
 1.342	42.246
 1.343	42.093
 1.344	41.958
 1.345	41.813
 1.346	41.671
 1.347	41.531
 1.348	41.383
 1.349	41.239
 1.350	41.101
 1.351	40.959
 1.352	40.812
 1.353	40.668
 1.354	40.527
 1.355	40.396
 1.356	40.269
 1.357	40.139
 1.358	40.006
 1.359	39.856
 1.360	39.696
 1.361	39.533
 1.362	39.367
 1.363	39.201
 1.364	39.031
 1.365	38.855
 1.366	38.664
 1.367	38.458
 1.368	38.249
 1.369	38.030
 1.370	37.788
 1.371	37.533
 1.372	37.246
 1.373	36.933
 1.374	36.607
 1.375	36.257
 1.376	35.894
 1.377	35.509
 1.378	35.090
 1.379	34.650
 1.380	34.180
 1.381	33.676
 1.382	33.156
 1.383	32.616
 1.384	32.056
 1.385	31.476
 1.386	30.875
 1.387	30.248
 1.388	29.612
 1.389	28.954
 1.390	28.292
 1.391	27.638
 1.392	26.980
 1.393	26.324
 1.394	25.675
 1.395	25.020
 1.396	24.374
 1.397	23.741
 1.398	23.120
 1.399	22.531
 1.400	21.962
 1.401	21.405
 1.402	20.876
 1.403	20.363
 1.404	19.875
 1.405	19.421
 1.406	18.988
 1.407	18.582
 1.408	18.200
 1.409	17.841
 1.410	17.507
 1.411	17.198
 1.412	16.909
 1.413	16.634
 1.414	16.383
 1.415	16.151
 1.416	15.937
 1.417	15.742
 1.418	15.557
 1.419	15.383
 1.420	15.217
 1.421	15.063
 1.422	14.924
 1.423	14.799
 1.424	14.686
 1.425	14.580
 1.426	14.483
 1.427	14.391
 1.428	14.305
 1.429	14.228
 1.430	14.162
 1.431	14.100
 1.432	14.049
 1.433	13.997
 1.434	13.946
 1.435	13.904
 1.436	13.865
 1.437	13.834
 1.438	13.810
 1.439	13.790
 1.440	13.772
 1.441	13.756
 1.442	13.746
 1.443	13.734
 1.444	13.726
 1.445	13.724
 1.446	13.716
 1.447	13.717
 1.448	13.726
 1.449	13.731
 1.450	13.743
 1.451	13.754
 1.452	13.759
 1.453	13.767
 1.454	13.780
 1.455	13.801
 1.456	13.823
 1.457	13.848
 1.458	13.874
 1.459	13.898
 1.460	13.934
 1.461	13.977
 1.462	14.021
 1.463	14.074
 1.464	14.130
 1.465	14.192
 1.466	14.263
 1.467	14.332
 1.468	14.411
 1.469	14.492
 1.470	14.576
 1.471	14.667
 1.472	14.753
 1.473	14.846
 1.474	14.946
 1.475	15.045
 1.476	15.158
 1.477	15.274
 1.478	15.383
 1.479	15.503
 1.480	15.625
 1.481	15.741
 1.482	15.863
 1.483	15.985
 1.484	16.108
 1.485	16.234
 1.486	16.367
 1.487	16.508
 1.488	16.647
 1.489	16.788
 1.490	16.927
 1.491	17.062
 1.492	17.197
 1.493	17.332
 1.494	17.470
 1.495	17.612
 1.496	17.754
 1.497	17.897
 1.498	18.039
 1.499	18.181
 1.500	18.321
 1.501	18.462
 1.502	18.604
 1.503	18.746
 1.504	18.892
 1.505	19.038
 1.506	19.187
 1.507	19.339
 1.508	19.489
 1.509	19.640
 1.510	19.790
 1.511	19.937
 1.512	20.084
 1.513	20.231
 1.514	20.378
 1.515	20.522
 1.516	20.667
 1.517	20.809
 1.518	20.947
 1.519	21.085
 1.520	21.232
 1.521	21.380
 1.522	21.522
 1.523	21.661
 1.524	21.797
 1.525	21.931
 1.526	22.065
 1.527	22.203
 1.528	22.343
 1.529	22.485
 1.530	22.629
 1.531	22.769
 1.532	22.908
 1.533	23.037
 1.534	23.162
 1.535	23.291
 1.536	23.419
 1.537	23.546
 1.538	23.681
 1.539	23.814
 1.540	23.943
 1.541	24.072
 1.542	24.197
 1.543	24.322
 1.544	24.451
 1.545	24.574
 1.546	24.696
 1.547	24.821
 1.548	24.939
 1.549	25.057
 1.550	25.174
 1.551	25.287
 1.552	25.398
 1.553	25.505
 1.554	25.620
 1.555	25.734
 1.556	25.840
 1.557	25.957
 1.558	26.067
 1.559	26.170
 1.560	26.280
 1.561	26.382
 1.562	26.478
 1.563	26.572
 1.564	26.664
 1.565	26.759
 1.566	26.859
 1.567	26.970
 1.568	27.079
 1.569	27.182
 1.570	27.285
 1.571	27.386
 1.572	27.479
 1.573	27.569
 1.574	27.654
 1.575	27.736
 1.576	27.822
 1.577	27.913
 1.578	28.010
 1.579	28.109
 1.580	28.202
 1.581	28.286
 1.582	28.366
 1.583	28.437
 1.584	28.505
 1.585	28.587
 1.586	28.665
 1.587	28.748
 1.588	28.838
 1.589	28.917
 1.590	28.997
 1.591	29.082
 1.592	29.160
 1.593	29.240
 1.594	29.325
 1.595	29.404
 1.596	29.474
 1.597	29.546
 1.598	29.621
 1.599	29.694
 1.600	29.760
 1.601	29.832
 1.602	29.898
 1.603	29.958
 1.604	30.021
 1.605	30.084
 1.606	30.147
 1.607	30.208
 1.608	30.275
 1.609	30.344
 1.610	30.392
 1.611	30.439
 1.612	30.492
 1.613	30.536
 1.614	30.591
 1.615	30.650
 1.616	30.700
 1.617	30.755
 1.618	30.809
 1.619	30.862
 1.620	30.921
 1.621	30.977
 1.622	31.034
 1.623	31.091
 1.624	31.145
 1.625	31.195
 1.626	31.239
 1.627	31.283
 1.628	31.323
 1.629	31.362
 1.630	31.401
 1.631	31.442
 1.632	31.482
 1.633	31.524
 1.634	31.574
 1.635	31.610
 1.636	31.641
 1.637	31.668
 1.638	31.679
 1.639	31.706
 1.640	31.743
 1.641	31.774
 1.642	31.815
 1.643	31.843
 1.644	31.862
 1.645	31.876
 1.646	31.883
 1.647	31.901
 1.648	31.906
 1.649	31.917
 1.650	31.943
 1.651	31.956
 1.652	31.976
 1.653	31.992
 1.654	31.993
 1.655	32.001
 1.656	32.005
 1.657	32.009
 1.658	32.015
 1.659	32.017
 1.660	32.025
 1.661	32.025
 1.662	32.035
 1.663	32.043
 1.664	32.038
 1.665	32.044
 1.666	32.047
 1.667	32.056
 1.668	32.072
 1.669	32.082
 1.670	32.086
 1.671	32.085
 1.672	32.077
 1.673	32.066
 1.674	32.062
 1.675	32.048
 1.676	32.035
 1.677	32.018
 1.678	31.989
 1.679	31.964
 1.680	31.933
 1.681	31.902
 1.682	31.867
 1.683	31.823
 1.684	31.781
 1.685	31.730
 1.686	31.686
 1.687	31.652
 1.688	31.608
 1.689	31.575
 1.690	31.536
 1.691	31.489
 1.692	31.448
 1.693	31.413
 1.694	31.374
 1.695	31.333
 1.696	31.293
 1.697	31.247
 1.698	31.200
 1.699	31.152
 1.700	31.108
 1.701	31.062
 1.702	31.027
 1.703	31.005
 1.704	30.967
 1.705	30.930
 1.706	30.876
 1.707	30.802
 1.708	30.740
 1.709	30.672
 1.710	30.624
 1.711	30.590
 1.712	30.558
 1.713	30.520
 1.714	30.464
 1.715	30.397
 1.716	30.335
 1.717	30.269
 1.718	30.197
 1.719	30.134
 1.720	30.072
 1.721	30.004
 1.722	29.950
 1.723	29.903
 1.724	29.838
 1.725	29.776
 1.726	29.723
 1.727	29.659
 1.728	29.604
 1.729	29.556
 1.730	29.488
 1.731	29.436
 1.732	29.395
 1.733	29.350
 1.734	29.311
 1.735	29.271
 1.736	29.232
 1.737	29.186
 1.738	29.139
 1.739	29.093
 1.740	29.041
 1.741	28.987
 1.742	28.936
 1.743	28.882
 1.744	28.822
 1.745	28.762
 1.746	28.707
 1.747	28.639
 1.748	28.556
 1.749	28.485
 1.750	28.412
 1.751	28.339
 1.752	28.272
 1.753	28.205
 1.754	28.135
 1.755	28.065
 1.756	27.992
 1.757	27.915
 1.758	27.827
 1.759	27.746
 1.760	27.675
 1.761	27.616
 1.762	27.552
 1.763	27.494
 1.764	27.435
 1.765	27.373
 1.766	27.311
 1.767	27.244
 1.768	27.187
 1.769	27.133
 1.770	27.082
 1.771	27.042
 1.772	27.000
 1.773	26.960
 1.774	26.919
 1.775	26.882
 1.776	26.844
 1.777	26.802
 1.778	26.763
 1.779	26.724
 1.780	26.691
 1.781	26.661
 1.782	26.633
 1.783	26.612
 1.784	26.586
 1.785	26.557
 1.786	26.535
 1.787	26.515
 1.788	26.497
 1.789	26.491
 1.790	26.499
 1.791	26.494
 1.792	26.482
 1.793	26.478
 1.794	26.468
 1.795	26.461
 1.796	26.472
 1.797	26.468
 1.798	26.445
 1.799	26.438
 1.800	26.434
 1.801	26.433
 1.802	26.443
 1.803	26.451
 1.804	26.459
 1.805	26.466
 1.806	26.477
 1.807	26.482
 1.808	26.479
 1.809	26.482
 1.810	26.487
 1.811	26.487
 1.812	26.494
 1.813	26.515
 1.814	26.517
 1.815	26.511
 1.816	26.504
 1.817	26.498
 1.818	26.496
 1.819	26.503
 1.820	26.509
 1.821	26.516
 1.822	26.506
 1.823	26.487
 1.824	26.475
 1.825	26.443
 1.826	26.428
 1.827	26.440
 1.828	26.431
 1.829	26.413
 1.830	26.391
 1.831	26.655
 1.832	26.613
 1.833	26.571
 1.834	26.490
 1.835	26.415
 1.836	26.361
 1.837	26.309
 1.838	26.269
 1.839	26.212
 1.840	26.156
 1.841	26.080
 1.842	25.994
 1.843	25.879
 1.844	25.768
 1.845	25.661
 1.846	25.528
 1.847	25.397
 1.848	25.265
 1.849	25.107
 1.850	24.931
 1.851	24.734
 1.852	24.537
 1.853	24.343
 1.854	24.131
 1.855	23.929
 1.856	23.730
 1.857	23.487
 1.858	23.224
 1.859	22.931
 1.860	22.618
 1.861	22.253
 1.862	21.869
 1.863	21.472
 1.864	21.065
 1.865	20.675
 1.866	20.285
 1.867	19.865
 1.868	19.443
 1.869	18.998
 1.870	18.515
 1.871	17.998
 1.872	17.484
 1.873	16.957
 1.874	16.410
 1.875	15.870
 1.876	15.331
 1.877	14.772
 1.878	14.214
 1.879	13.692
 1.880	13.173
 1.881	12.665
 1.882	12.159
 1.883	11.663
 1.884	11.159
 1.885	10.654
 1.886	10.181
 1.887	9.7562
 1.888	9.3552
 1.889	8.9747
 1.890	8.6094
 1.891	8.2592
 1.892	7.9106
 1.893	7.5867
 1.894	7.3030
 1.895	7.0433
 1.896	6.8114
 1.897	6.6096
 1.898	6.4197
 1.899	6.2539
 1.900	6.0987
 1.901	5.9592
 1.902	5.8363
 1.903	5.7311
 1.904	5.6353
 1.905	5.5583
 1.906	5.4683
 1.907	5.3959
 1.908	5.3360
 1.909	5.2909
 1.910	5.2570
 1.911	5.2087
 1.912	5.1457
 1.913	5.1081
 1.914	5.0696
 1.915	5.0477
 1.916	5.0405
 1.917	5.0400
 1.918	5.0304
 1.919	5.0037
 1.920	4.9862
 1.921	4.9658
 1.922	4.9560
 1.923	4.9604
 1.924	4.9538
 1.925	4.9444
 1.926	4.9432
 1.927	4.9475
 1.928	4.9330
 1.929	4.9416
 1.930	4.9598
 1.931	4.9575
 1.932	4.9671
 1.933	4.9806
 1.934	5.0040
 1.935	5.0152
 1.936	5.0284
 1.937	5.0363
 1.938	5.0379
 1.939	5.0299
 1.940	5.0284
 1.941	5.0218
 1.942	5.0134
 1.943	5.0218
 1.944	5.0322
 1.945	5.0490
 1.946	5.0688
 1.947	5.0983
 1.948	5.1208
 1.949	5.1403
 1.950	5.1693
 1.951	5.1980
 1.952	5.2119
 1.953	5.2320
 1.954	5.2585
 1.955	5.2780
 1.956	5.2971
 1.957	5.3144
 1.958	5.3213
 1.959	5.3402
 1.960	5.3617
 1.961	5.3865
 1.962	5.4176
 1.963	5.4488
 1.964	5.4958
 1.965	5.5429
 1.966	5.5937
 1.967	5.6467
 1.968	5.6774
 1.969	5.6837
 1.970	5.6985
 1.971	5.6902
 1.972	5.7114
 1.973	5.7399
 1.974	5.7877
 1.975	5.8497
 1.976	5.9097
 1.977	5.9683
 1.978	6.0290
 1.979	6.0757
 1.980	6.1141
 1.981	6.1508
 1.982	6.1680
 1.983	6.2050
 1.984	6.2542
 1.985	6.2967
 1.986	6.3458
 1.987	6.3912
 1.988	6.4205
 1.989	6.4565
 1.990	6.5155
 1.991	6.5830
 1.992	6.6415
 1.993	6.7109
 1.994	6.7728
 1.995	6.8239
 1.996	6.8766
 1.997	6.9310
 1.998	6.9856
 1.999	7.0364
 2.000	7.0896
 2.001	7.1323
 2.002	7.1812
 2.003	7.2199
 2.004	7.2593
 2.005	7.3145
 2.006	7.3854
 2.007	7.4500
 2.008	7.5289
 2.009	7.5912
 2.010	7.6474
 2.011	7.7017
 2.012	7.7454
 2.013	7.7874
 2.014	7.8531
 2.015	7.9134
 2.016	7.9803
 2.017	8.0373
 2.018	8.0932
 2.019	8.1318
 2.020	8.1893
 2.021	8.2593
 2.022	8.3233
 2.023	8.3932
 2.024	8.4534
 2.025	8.4997
 2.026	8.5586
 2.027	8.6168
 2.028	8.6889
 2.029	8.7573
 2.030	8.8123
 2.031	8.8614
 2.032	8.8925
 2.033	8.9343
 2.034	8.9725
 2.035	9.0184
 2.036	9.0640
 2.037	9.1200
 2.038	9.1987
 2.039	9.2554
 2.040	9.3064
 2.041	9.3574
 2.042	9.4005
 2.043	9.4281
 2.044	9.4715
 2.045	9.5291
 2.046	9.5694
 2.047	9.5969
 2.048	9.6441
 2.049	9.6967
 2.050	9.7448
 2.051	9.8047
 2.052	9.8572
 2.053	9.8927
 2.054	9.9422
 2.055	9.9979
 2.056	10.063
 2.057	10.120
 2.058	10.182
 2.059	10.242
 2.060	10.300
 2.061	10.355
 2.062	10.415
 2.063	10.464
 2.064	10.499
 2.065	10.546
 2.066	10.586
 2.067	10.637
 2.068	10.708
 2.069	10.769
 2.070	10.836
 2.071	10.894
 2.072	10.951
 2.073	10.984
 2.074	11.034
 2.075	11.086
 2.076	11.137
 2.077	11.188
 2.078	11.245
 2.079	11.302
 2.080	11.361
 2.081	11.430
 2.082	11.492
 2.083	11.549
 2.084	11.608
 2.085	11.672
 2.086	11.726
 2.087	11.786
 2.088	11.821
 2.089	11.857
 2.090	11.881
 2.091	11.914
 2.092	11.940
 2.093	11.983
 2.094	12.036
 2.095	12.091
 2.096	12.163
 2.097	12.219
 2.098	12.274
 2.099	12.319
 2.100	12.339
 2.101	12.382
 2.102	12.433
 2.103	12.486
 2.104	12.556
 2.105	12.626
 2.106	12.677
 2.107	12.715
 2.108	12.762
 2.109	12.805
 2.110	12.841
 2.111	12.870
 2.112	12.916
 2.113	12.965
 2.114	13.006
 2.115	13.060
 2.116	13.107
 2.117	13.128
 2.118	13.173
 2.119	13.244
 2.120	13.303
 2.121	13.365
 2.122	13.435
 2.123	13.471
 2.124	13.486
 2.125	13.510
 2.126	13.513
 2.127	13.534
 2.128	13.560
 2.129	13.596
 2.130	13.638
 2.131	13.683
 2.132	13.750
 2.133	13.797
 2.134	13.842
 2.135	13.872
 2.136	13.875
 2.137	13.898
 2.138	13.915
 2.139	13.942
 2.140	13.994
 2.141	14.033
 2.142	14.064
 2.143	14.090
 2.144	14.120
 2.145	14.135
 2.146	14.182
 2.147	14.261
 2.148	14.303
 2.149	14.347
 2.150	14.377
 2.151	14.367
 2.152	14.387
 2.153	14.426
 2.154	14.456
 2.155	14.498
 2.156	14.524
 2.157	14.535
 2.158	14.550
 2.159	14.568
 2.160	14.562
 2.161	14.565
 2.162	14.571
 2.163	14.597
 2.164	14.631
 2.165	14.671
 2.166	14.749
 2.167	14.776
 2.168	14.772
 2.169	14.791
 2.170	14.798
 2.171	14.809
 2.172	14.835
 2.173	14.855
 2.174	14.856
 2.175	14.874
 2.176	14.903
 2.177	14.933
 2.178	14.972
 2.179	15.008
 2.180	15.049
 2.181	15.087
 2.182	15.125
 2.183	15.157
 2.184	15.184
 2.185	15.207
 2.186	15.221
 2.187	15.221
 2.188	15.235
 2.189	15.245
 2.190	15.269
 2.191	15.314
 2.192	15.338
 2.193	15.357
 2.194	15.379
 2.195	15.391
 2.196	15.411
 2.197	15.446
 2.198	15.468
 2.199	15.486
 2.200	15.499
 2.201	15.506
 2.202	15.513
 2.203	15.513
 2.204	15.517
 2.205	15.531
 2.206	15.521
 2.207	15.530
 2.208	15.541
 2.209	15.567
 2.210	15.609
 2.211	15.635
 2.212	15.665
 2.213	15.682
 2.214	15.678
 2.215	15.691
 2.216	15.722
 2.217	15.720
 2.218	15.695
 2.219	15.694
 2.220	15.675
 2.221	15.677
 2.222	15.720
 2.223	15.737
 2.224	15.744
 2.225	15.751
 2.226	15.759
 2.227	15.753
 2.228	15.726
 2.229	15.714
 2.230	15.703
 2.231	15.680
 2.232	15.676
 2.233	15.692
 2.234	15.682
 2.235	15.672
 2.236	15.627
 2.237	15.551
 2.238	15.496
 2.239	15.421
 2.240	15.371
 2.241	15.339
 2.242	15.306
 2.243	15.286
 2.244	15.242
 2.245	15.200
 2.246	15.144
 2.247	15.056
 2.248	14.989
 2.249	14.945
 2.250	14.869
 2.251	14.777
 2.252	14.691
 2.253	14.569
 2.254	14.478
 2.255	14.410
 2.256	14.342
 2.257	14.285
 2.258	14.235
 2.259	14.207
 2.260	14.155
 2.261	14.109
 2.262	14.037
 2.263	13.933
 2.264	13.863
 2.265	13.800
 2.266	13.764
 2.267	13.715
 2.268	13.677
 2.269	13.644
 2.270	13.607
 2.271	13.570
 2.272	13.564
 2.273	13.504
 2.274	13.404
 2.275	13.327
 2.276	13.222
 2.277	13.151
 2.278	13.091
 2.279	13.064
 2.280	13.087
 2.281	13.064
 2.282	13.058
 2.283	13.020
 2.284	12.925
 2.285	12.861
 2.286	12.794
 2.287	12.748
 2.288	12.715
 2.289	12.694
 2.290	12.706
 2.291	12.700
 2.292	12.708
 2.293	12.684
 2.294	12.637
 2.295	12.584
 2.296	12.510
 2.297	12.433
 2.298	12.344
 2.299	12.264
 2.300	12.188
 2.301	12.083
 2.302	12.003
 2.303	11.930
 2.304	11.821
 2.305	11.753
 2.306	11.703
 2.307	11.651
 2.308	11.630
 2.309	11.619
 2.310	11.635
 2.311	11.635
 2.312	11.623
 2.313	11.629
 2.314	11.605
 2.315	11.528
 2.316	11.506
 2.317	11.515
 2.318	11.486
 2.319	11.459
 2.320	11.435
 2.321	11.378
 2.322	11.352
 2.323	11.356
 2.324	11.347
 2.325	11.355
 2.326	11.319
 2.327	11.254
 2.328	11.197
 2.329	11.082
 2.330	11.035
 2.331	11.046
 2.332	11.031
 2.333	11.054
 2.334	11.033
 2.335	10.956
 2.336	10.920
 2.337	10.893
 2.338	10.856
 2.339	10.845
 2.340	10.804
 2.341	10.726
 2.342	10.670
 2.343	10.625
 2.344	10.566
 2.345	10.492
 2.346	10.438
 2.347	10.382
 2.348	10.327
 2.349	10.296
 2.350	10.259
 2.351	10.197
 2.352	10.166
 2.353	10.163
 2.354	10.143
 2.355	10.150
 2.356	10.123
 2.357	10.049
 2.358	10.001
 2.359	9.9402
 2.360	9.9346
 2.361	9.9599
 2.362	9.9116
 2.363	9.8476
 2.364	9.7222
 2.365	9.5897
 2.366	9.5166
 2.367	9.4370
 2.368	9.4320
 2.369	9.4561
 2.370	9.4558
 2.371	9.4723
 2.372	9.4683
 2.373	9.4196
 2.374	9.3649
 2.375	9.3125
 2.376	9.2323
 2.377	9.1863
 2.378	9.1934
 2.379	9.2014
 2.380	9.2074
 2.381	9.1900
 2.382	9.1211
 2.383	9.0101
 2.384	8.9109
 2.385	8.8535
 2.386	8.7987
 2.387	8.7644
 2.388	8.7190
 2.389	8.6518
 2.390	8.5662
 2.391	8.5299
 2.392	8.5522
 2.393	8.5284
 2.394	8.5588
 2.395	8.5807
 2.396	8.5649
 2.397	8.5742
 2.398	8.5662
 2.399	8.5614
 2.400	8.4985
 2.401	8.3940
 2.402	8.3192
 2.403	8.1938
 2.404	8.1065
 2.405	8.1219
 2.406	8.0881
 2.407	8.0672
 2.408	8.0438
 2.409	8.0288
 2.410	7.9855
 2.411	7.8972
 2.412	7.8955
 2.413	7.7813
 2.414	7.6825
 2.415	7.6289
 2.416	7.5247
 2.417	7.5404
 2.418	7.5263
 2.419	7.5017
 2.420	7.4816
 2.421	7.3994
 2.422	7.3690
 2.423	7.3639
 2.424	7.3296
 2.425	7.2548
 2.426	7.1444
 2.427	7.0896
 2.428	7.0942
 2.429	7.0585
 2.430	7.0251
 2.431	6.9621
 2.432	6.8342
 2.433	6.8012
 2.434	6.8942
 2.435	6.9973
 2.436	7.0803
 2.437	7.0634
 2.438	6.9697
 2.439	6.8364
 2.440	6.6421
 2.441	6.5497
 2.442	6.4803
 2.443	6.4249
 2.444	6.3719
 2.445	6.2791
 2.446	6.2855
 2.447	6.3180
 2.448	6.4202
 2.449	6.4704
 2.450	6.4416
 2.451	6.4094
 2.452	6.2514
 2.453	6.2597
 2.454	6.2751
 2.455	6.1732
 2.456	6.2191
 2.457	6.0947
 2.458	6.0349
 2.459	6.0113
 2.460	5.8981
 2.461	6.0809
 2.462	6.0610
 2.463	5.9483
 2.464	6.0248
 2.465	5.9772
 2.466	6.0244
 2.467	6.1547
 2.468	6.1071
 2.469	5.9777
 2.470	5.9175
 2.471	5.9133
 2.472	5.8838
 2.473	5.8159
 2.474	5.8399
 2.475	5.9424
 2.476	5.9876
 2.477	6.0396
 2.478	6.0325
 2.479	5.8806
 2.480	5.8926
 2.481	6.1677
 2.482	6.1621
 2.483	6.0271
 2.484	5.8305
 2.485	5.4279
 2.486	5.3422
 2.487	5.3040
 2.488	5.1918
 2.489	5.4956
 2.490	5.7415
 2.491	6.1164
 2.492	6.5584
 2.493	6.5194
 2.494	6.6581
 2.495	6.5311
 2.496	6.2131
 2.497	6.3839
 2.498	6.1439
 2.499	5.8913
 2.500	6.1252
 2.500	4.4684
 2.501	4.4581
 2.503	4.4370
 2.504	4.4798
 2.505	4.4559
 2.506	4.4728
 2.507	4.4425
 2.509	4.4040
 2.510	4.3899
 2.511	4.4020
 2.512	4.3997
 2.514	4.3906
 2.515	4.3382
 2.516	4.4185
 2.517	4.4677
 2.518	4.4299
 2.520	4.3780
 2.521	4.4239
 2.522	4.4093
 2.523	4.3411
 2.525	4.2919
 2.526	4.3209
 2.527	4.3500
 2.528	4.3875
 2.530	4.3403
 2.531	4.3112
 2.532	4.2596
 2.533	4.2897
 2.534	4.3273
 2.536	4.3643
 2.537	4.3089
 2.538	4.3338
 2.539	4.3375
 2.541	4.2951
 2.542	4.2457
 2.543	4.2462
 2.544	4.2516
 2.546	4.2931
 2.547	4.1816
 2.548	4.1359
 2.549	4.2199
 2.551	4.2952
 2.552	4.2498
 2.553	4.2352
 2.554	4.2990
 2.556	4.4017
 2.557	4.4006
 2.558	4.4116
 2.559	4.3609
 2.561	4.2276
 2.562	4.0848
 2.563	4.0769
 2.565	4.1174
 2.566	4.2596
 2.567	4.3498
 2.568	4.2558
 2.570	4.0876
 2.571	4.1460
 2.572	4.2977
 2.573	4.2490
 2.575	4.1943
 2.576	4.2072
 2.577	4.1003
 2.579	4.1905
 2.580	4.2606
 2.581	4.2445
 2.582	4.2084
 2.584	4.1018
 2.585	4.0568
 2.586	4.1863
 2.588	4.1676
 2.589	4.1843
 2.590	4.1245
 2.591	4.1366
 2.593	4.0665
 2.594	3.8533
 2.595	3.6588
 2.597	3.8672
 2.598	4.0658
 2.599	4.1403
 2.601	4.1235
 2.602	4.0871
 2.603	4.0363
 2.604	3.9771
 2.606	3.8411
 2.607	3.8697
 2.608	3.9593
 2.610	3.9753
 2.611	3.9173
 2.612	3.9578
 2.614	3.9888
 2.615	4.0090
 2.616	3.8671
 2.618	3.7430
 2.619	3.7853
 2.620	3.7592
 2.622	3.7587
 2.623	3.8814
 2.624	3.8297
 2.626	3.7559
 2.627	3.6206
 2.628	3.7342
 2.630	3.6592
 2.631	3.5692
 2.632	3.7200
 2.634	3.7713
 2.635	3.6740
 2.636	3.7099
 2.638	3.7225
 2.639	3.7237
 2.640	3.6788
 2.642	3.7092
 2.643	3.7050
 2.644	3.6602
 2.646	3.5891
 2.647	3.6449
 2.648	3.6721
 2.650	3.6780
 2.651	3.6073
 2.652	3.5398
 2.654	3.4976
 2.655	3.5091
 2.657	3.4821
 2.658	3.5451
 2.659	3.4792
 2.661	3.4456
 2.662	3.4407
 2.663	3.4273
 2.665	3.2539
 2.666	3.1468
 2.667	3.1867
 2.669	3.2691
 2.670	3.1157
 2.672	3.1847
 2.673	3.3545
 2.674	3.3357
 2.676	3.2375
 2.677	3.2165
 2.678	3.2123
 2.680	3.2682
 2.681	3.3264
 2.683	3.3456
 2.684	3.2747
 2.685	3.2302
 2.687	3.1786
 2.688	3.2181
 2.690	3.2653
 2.691	3.2825
 2.692	3.2399
 2.694	3.1846
 2.695	3.1509
 2.697	3.1895
 2.698	3.2167
 2.699	3.2783
 2.701	3.2572
 2.702	3.2389
 2.704	3.1888
 2.705	3.2101
 2.706	3.2415
 2.708	3.2175
 2.709	3.1204
 2.711	3.0222
 2.712	2.9647
 2.713	3.0348
 2.715	3.1051
 2.716	3.2185
 2.718	3.2064
 2.719	3.1347
 2.721	2.9023
 2.722	2.9408
 2.723	3.0306
 2.725	2.9846
 2.726	2.9968
 2.728	3.1216
 2.729	3.1913
 2.731	3.1737
 2.732	3.1314
 2.734	3.0936
 2.735	3.0046
 2.736	2.9760
 2.738	2.9550
 2.739	2.9075
 2.741	2.8327
 2.742	2.8944
 2.744	2.9520
 2.745	3.0549
 2.747	3.1211
 2.748	3.1327
 2.749	3.0564
 2.751	3.0335
 2.752	2.9674
 2.754	2.8968
 2.755	2.8330
 2.757	2.9066
 2.758	2.9589
 2.760	2.9595
 2.761	2.9716
 2.763	2.9375
 2.764	2.8902
 2.766	2.9595
 2.767	2.9035
 2.769	2.9584
 2.770	2.9825
 2.772	2.9478
 2.773	2.8938
 2.774	2.8531
 2.776	2.7872
 2.777	2.8496
 2.779	2.8601
 2.780	2.8999
 2.782	2.9128
 2.783	2.9213
 2.785	2.9566
 2.786	2.9058
 2.788	2.7770
 2.789	2.8073
 2.791	2.9003
 2.792	2.9186
 2.794	2.8750
 2.795	2.9205
 2.797	2.9105
 2.798	2.9316
 2.800	2.8694
 2.801	2.8417
 2.803	2.7521
 2.804	2.7905
 2.806	2.8510
 2.808	2.9215
 2.809	2.9172
 2.811	2.9486
 2.812	2.9395
 2.814	2.9004
 2.815	2.8282
 2.817	2.8017
 2.818	2.7642
 2.820	2.8809
 2.821	2.8563
 2.823	2.8246
 2.824	2.8181
 2.826	2.9003
 2.827	2.9085
 2.829	2.8797
 2.831	2.8266
 2.832	2.8669
 2.834	2.8388
 2.835	2.7511
 2.837	2.7536
 2.838	2.8895
 2.840	2.8964
 2.841	2.8777
 2.843	2.8724
 2.844	2.9584
 2.846	2.9056
 2.848	2.8596
 2.849	2.8672
 2.851	2.9348
 2.852	2.8358
 2.854	2.8228
 2.855	2.8665
 2.857	2.9070
 2.859	2.8226
 2.860	2.7987
 2.862	2.8421
 2.863	2.9113
 2.865	2.9348
 2.866	2.9468
 2.868	2.8955
 2.870	2.9098
 2.871	2.8800
 2.873	2.8944
 2.874	2.8643
 2.876	2.8583
 2.878	2.8860
 2.879	2.8763
 2.881	2.8409
 2.882	2.8656
 2.884	2.8587
 2.886	2.8385
 2.887	2.8048
 2.889	2.8346
 2.890	2.7803
 2.892	2.7987
 2.894	2.8383
 2.895	2.8815
 2.897	2.8598
 2.899	2.9231
 2.900	2.8659
 2.902	2.8348
 2.903	2.8379
 2.905	2.8421
 2.907	2.8397
 2.908	2.8647
 2.910	2.8569
 2.912	2.9252
 2.913	2.9224
 2.915	2.9351
 2.916	2.8706
 2.918	2.8658
 2.920	2.8708
 2.921	2.9164
 2.923	2.8419
 2.925	2.8231
 2.926	2.8287
 2.928	2.8962
 2.930	2.8922
 2.931	2.8837
 2.933	2.8722
 2.935	2.9138
 2.936	2.8430
 2.938	2.8429
 2.940	2.8709
 2.941	2.9067
 2.943	2.8713
 2.945	2.9008
 2.946	2.8910
 2.948	2.8662
 2.950	2.8396
 2.951	2.9004
 2.953	2.9315
 2.955	2.9305
 2.956	2.9110
 2.958	2.9093
 2.960	2.8741
 2.961	2.9015
 2.963	2.8674
 2.965	2.8953
 2.967	2.8866
 2.968	2.8627
 2.970	2.8168
 2.972	2.8749
 2.973	2.8468
 2.975	2.8736
 2.977	2.8894
 2.978	2.8675
 2.980	2.8297
 2.982	2.8404
 2.984	2.8062
 2.985	2.8259
 2.987	2.8199
 2.989	2.8391
 2.990	2.8622
 2.992	2.9181
 2.994	2.9113
 2.996	2.9163
 2.997	2.8726
 2.999	2.8593
 3.001	2.8149
 3.003	2.8277
 3.004	2.8086
 3.006	2.9157
 3.008	2.8723
 3.010	2.8373
 3.011	2.9008
 3.013	2.9235
 3.015	2.8450
 3.017	2.8220
 3.018	2.8114
 3.020	2.8770
 3.022	2.8769
 3.024	2.9121
 3.025	2.8544
 3.027	2.8513
 3.029	2.8763
 3.031	2.8938
 3.032	2.8380
 3.034	2.8637
 3.036	2.8181
 3.038	2.8191
 3.040	2.7676
 3.041	2.7821
 3.043	2.8049
 3.045	2.8324
 3.047	2.7895
 3.048	2.8204
 3.050	2.8331
 3.052	2.8734
 3.054	2.9004
 3.056	2.9235
 3.057	2.8538
 3.059	2.8398
 3.061	2.8341
 3.063	2.8825
 3.065	2.9255
 3.067	2.9116
 3.068	2.8394
 3.070	2.8460
 3.072	2.8628
 3.074	2.8748
 3.076	2.8226
 3.077	2.8815
 3.079	2.8983
 3.081	2.8903
 3.083	2.8596
 3.085	2.8487
 3.087	2.8584
 3.088	2.8901
 3.090	2.8263
 3.092	2.8150
 3.094	2.8223
 3.096	2.8403
 3.098	2.8414
 3.100	2.8477
 3.101	2.8431
 3.103	2.8691
 3.105	2.8747
 3.107	2.9523
 3.109	2.9408
 3.111	2.8856
 3.113	2.8016
 3.114	2.8356
 3.116	2.8922
 3.118	2.9024
 3.120	2.8460
 3.122	2.8704
 3.124	2.8282
 3.126	2.8169
 3.128	2.8388
 3.129	2.8917
 3.131	2.8322
 3.133	2.7996
 3.135	2.8061
 3.137	2.8427
 3.139	2.8232
 3.141	2.8453
 3.143	2.8156
 3.145	2.8067
 3.147	2.8021
 3.148	2.8491
 3.150	2.8174
 3.152	2.8240
 3.154	2.8026
 3.156	2.8443
 3.158	2.8414
 3.160	2.8334
 3.162	2.8475
 3.164	2.8385
 3.166	2.7942
 3.168	2.7897
 3.170	2.8265
 3.172	2.8726
 3.173	2.8570
 3.175	2.8543
 3.177	2.8403
 3.179	2.8454
 3.181	2.8099
 3.183	2.8275
 3.185	2.7837
 3.187	2.7461
 3.189	2.7412
 3.191	2.7725
 3.193	2.8393
 3.195	2.8360
 3.197	2.7341
 3.199	2.8044
 3.201	2.8531
 3.203	2.8002
 3.205	2.7763
 3.207	2.8590
 3.209	2.7935
 3.211	2.7178
 3.213	2.7338
 3.215	2.7846
 3.217	2.7862
 3.219	2.8115
 3.221	2.8038
 3.223	2.7604
 3.225	2.7422
 3.227	2.8296
 3.229	2.8239
 3.231	2.8279
 3.233	2.7847
 3.235	2.7401
 3.237	2.7081
 3.239	2.7439
 3.241	2.7596
 3.243	2.7601
 3.245	2.7340
 3.247	2.7451
 3.249	2.7435
 3.251	2.7692
 3.253	2.7333
 3.255	2.6949
 3.257	2.7317
 3.259	2.7501
 3.261	2.6961
 3.263	2.7098
 3.265	2.7251
 3.267	2.7349
 3.270	2.6929
 3.272	2.7372
 3.274	2.7754
 3.276	2.8042
 3.278	2.8096
 3.280	2.7857
 3.282	2.7415
 3.284	2.7719
 3.286	2.7511
 3.288	2.7125
 3.290	2.6988
 3.292	2.7467
 3.294	2.7395
 3.297	2.7581
 3.299	2.7349
 3.301	2.7002
 3.303	2.6881
 3.305	2.6931
 3.307	2.6911
 3.309	2.7176
 3.311	2.6749
 3.313	2.6714
 3.316	2.6754
 3.318	2.6954
 3.320	2.6835
 3.322	2.6677
 3.324	2.6426
 3.326	2.6765
 3.328	2.6700
 3.330	2.6788
 3.333	2.6475
 3.335	2.6787
 3.337	2.6687
 3.339	2.6419
 3.341	2.5545
 3.343	2.5055
 3.345	2.5191
 3.348	2.5223
 3.350	2.5347
 3.352	2.5753
 3.354	2.5653
 3.356	2.5608
 3.358	2.5160
 3.361	2.5149
 3.363	2.4742
 3.365	2.4803
 3.367	2.4508
 3.369	2.4149
 3.372	2.3636
 3.374	2.3611
 3.376	2.3180
 3.378	2.2909
 3.380	2.2521
 3.383	2.2899
 3.385	2.3285
 3.387	2.3664
 3.389	2.3196
 3.391	2.2945
 3.394	2.2919
 3.396	2.2661
 3.398	2.2075
 3.400	2.2147
 3.403	2.1692
 3.405	2.1458
 3.407	2.1628
 3.409	2.1727
 3.411	2.2009
 3.414	2.2839
 3.416	2.3483
 3.418	2.4760
 3.420	2.5992
 3.423	2.8290
 3.425	3.1510
 3.427	3.5487
 3.430	3.8006
 3.432	3.8076
 3.434	3.6551
 3.436	3.5433
 3.439	3.3717
 3.441	3.2903
 3.443	3.2769
 3.445	3.2225
 3.448	3.1311
 3.450	3.0984
 3.452	3.0549
 3.455	3.0483
 3.457	3.0754
 3.459	3.1306
 3.462	3.1035
 3.464	3.0562
 3.466	3.0056
 3.469	3.0100
 3.471	2.9953
 3.473	2.9853
 3.476	2.9494
 3.478	2.8953
 3.480	2.8454
 3.483	2.8369
 3.485	2.7992
 3.487	2.7934
 3.490	2.7633
 3.492	2.7013
 3.494	2.6192
 3.497	2.5589
 3.499	2.5212
 3.501	2.5799
 3.504	2.6189
 3.506	2.7905
 3.508	3.1858
 3.511	3.6398
 3.513	3.8306
 3.516	3.7756
 3.518	3.6045
 3.520	3.4736
 3.523	3.4244
 3.525	3.4506
 3.528	3.4118
 3.530	3.3155
 3.532	3.2612
 3.535	3.2476
 3.537	3.1799
 3.540	3.1714
 3.542	3.1847
 3.544	3.1944
 3.547	3.1702
 3.549	3.1551
 3.552	3.1416
 3.554	3.1452
 3.557	3.0945
 3.559	3.0985
 3.561	3.1090
 3.564	3.1230
 3.566	3.1119
 3.569	3.1135
 3.571	3.1013
 3.574	3.0908
 3.576	3.0731
 3.579	3.0662
 3.581	3.0521
 3.584	3.0816
 3.586	3.0738
 3.589	3.0074
 3.591	3.0067
 3.594	3.0764
 3.596	3.0502
 3.599	3.0145
 3.601	3.0334
 3.604	3.0398
 3.606	3.0078
 3.609	3.0080
 3.611	3.0151
 3.614	3.0455
 3.616	3.0380
 3.619	3.0467
 3.621	3.0384
 3.624	3.0464
 3.626	3.0593
 3.629	3.0440
 3.631	3.0009
 3.634	2.9969
 3.636	2.9917
 3.639	3.0224
 3.641	3.0026
 3.644	2.9718
 3.647	2.9441
 3.649	2.9602
 3.652	3.0073
 3.654	3.0278
 3.657	3.0034
 3.659	2.9981
 3.662	3.0101
 3.665	3.0222
 3.667	2.9922
 3.670	3.0048
 3.672	2.9715
 3.675	2.9400
 3.678	2.9774
 3.680	2.9987
 3.683	2.9853
 3.685	2.9847
 3.688	2.9604
 3.691	2.9849
 3.693	2.9687
 3.696	2.9406
 3.699	2.9442
 3.701	2.9861
 3.704	3.0055
 3.707	3.0148
 3.709	2.9822
 3.712	3.0211
 3.715	3.0104
 3.717	2.9965
 3.720	2.9784
 3.723	2.9477
 3.725	2.9306
 3.728	2.9645
 3.731	2.9606
 3.733	2.9834
 3.736	2.9701
 3.739	2.9725
 3.741	2.9503
 3.744	2.9177
 3.747	2.9244
 3.749	2.9558
 3.752	2.9656
 3.755	2.9848
 3.758	2.9937
 3.760	2.9957
 3.763	2.9321
 3.766	2.9537
 3.769	2.9677
 3.771	2.9844
 3.774	2.9861
 3.777	2.9593
 3.779	2.9473
 3.782	2.9509
 3.785	2.9323
 3.788	2.9424
 3.791	2.9666
 3.793	2.9420
 3.796	2.9105
 3.799	2.9488
 3.802	2.9435
 3.804	2.9637
 3.807	3.0085
 3.810	3.0151
 3.813	2.9645
 3.816	2.9479
 3.818	2.9682
 3.821	2.9973
 3.824	2.9943
 3.827	2.9977
 3.830	2.9761
 3.833	2.9542
 3.835	2.9328
 3.838	2.9526
 3.841	2.9779
 3.844	3.0180
 3.847	2.9961
 3.850	2.9506
 3.852	2.9243
 3.855	2.9349
 3.858	2.9699
 3.861	2.9827
 3.864	2.9840
 3.867	2.9955
 3.870	2.9527
 3.873	2.9557
 3.876	2.9786
 3.878	2.9927
 3.881	3.0005
 3.884	2.9614
 3.887	2.9486
 3.890	2.9714
 3.893	2.9536
 3.896	2.9610
 3.899	2.9825
 3.902	2.9977
 3.905	2.9612
 3.908	2.9658
 3.911	2.9954
 3.914	2.9545
 3.917	2.9216
 3.919	2.9458
 3.922	2.9422
 3.925	2.9443
 3.928	2.9673
 3.931	2.9748
 3.934	2.9846
 3.937	3.0065
 3.940	2.9845
 3.943	2.9755
 3.946	2.9553
 3.949	2.9541
 3.952	2.9753
 3.955	2.9991
 3.958	3.0189
 3.961	3.0279
 3.964	3.0009
 3.967	3.0083
 3.970	2.9893
 3.974	2.9913
 3.977	2.9890
 3.980	2.9852
 3.983	3.0005
 3.986	2.9969
 3.989	2.9844
 3.992	3.0055
 3.995	2.9988
 3.998	2.9847
 4.001	2.9824
 4.004	2.9942
 4.007	3.0211
 4.010	3.0276
 4.014	2.9771
 4.017	2.9687
 4.020	2.9795
 4.023	2.9857
 4.026	2.9650
 4.029	2.9919
 4.032	3.0123
 4.035	2.9886
 4.039	2.9754
 4.042	2.9740
 4.045	2.9619
 4.048	2.9513
 4.051	2.9458
 4.054	2.9606
 4.057	2.9632
 4.061	2.9987
 4.064	3.0085
 4.067	2.9906
 4.070	2.9691
 4.073	2.9364
 4.077	2.9211
 4.080	2.9610
 4.083	2.9891
 4.086	2.9724
 4.089	2.9381
 4.093	2.9556
 4.096	2.9940
 4.099	2.9606
 4.102	2.9284
 4.106	2.9551
 4.109	2.9592
 4.112	2.9691
 4.115	2.9651
 4.119	2.9437
 4.122	2.9201
 4.125	2.9590
 4.129	2.9883
 4.132	2.9763
 4.135	2.9829
 4.138	2.9736
 4.142	2.9751
 4.145	2.9609
 4.148	2.9402
 4.152	2.9503
 4.155	2.9537
 4.158	2.9473
 4.162	2.9393
 4.165	2.9617
 4.168	2.9529
 4.172	2.9411
 4.175	2.9399
 4.178	2.9490
 4.182	2.9243
 4.185	2.9132
 4.189	2.8941
 4.192	2.9111
 4.195	2.9314
 4.199	2.9503
 4.202	2.9823
 4.206	2.9824
 4.209	2.9422
 4.212	2.9455
 4.216	2.9668
 4.219	2.9745
 4.223	3.0437
 4.226	3.0393
 4.230	3.0210
 4.233	3.0356
 4.236	3.0591
 4.240	3.0919
 4.243	3.1137
 4.247	3.1043
 4.250	3.0074
 4.254	2.9461
 4.257	2.9379
 4.261	2.9834
 4.264	3.0062
 4.268	3.0157
 4.271	2.9959
 4.275	2.9437
 4.278	2.9798
 4.282	3.0286
 4.285	3.0073
 4.289	2.9824
 4.293	3.0303
 4.296	3.0270
 4.300	2.9493
 4.303	2.9427
 4.307	2.9421
 4.310	2.8757
 4.314	2.8585
 4.318	2.9072
 4.321	2.9236
 4.325	2.8916
 4.328	2.8651
 4.332	2.8670
 4.336	2.8844
 4.339	2.8825
 4.343	2.8870
 4.347	2.8812
 4.350	2.8407
 4.354	2.8159
 4.358	2.8402
 4.361	2.8478
 4.365	2.8469
 4.369	2.8276
 4.372	2.8054
 4.376	2.7974
 4.380	2.7963
 4.383	2.7967
 4.387	2.8147
 4.391	2.8202
 4.394	2.7965
 4.398	2.7932
 4.402	2.8093
 4.406	2.8095
 4.409	2.7983
 4.413	2.7808
 4.417	2.7804
 4.421	2.7521
 4.424	2.7514
 4.428	2.7655
 4.432	2.7678
 4.436	2.7631
 4.440	2.7597
 4.443	2.7340
 4.447	2.7095
 4.451	2.7331
 4.455	2.7539
 4.459	2.7499
 4.463	2.7403
 4.466	2.7530
 4.470	2.7531
 4.474	2.7433
 4.478	2.7719
 4.482	2.7459
 4.486	2.7107
 4.490	2.7106
 4.493	2.7225
 4.497	2.7126
 4.501	2.7012
 4.505	2.6986
 4.509	2.7117
 4.513	2.6938
 4.517	2.7087
 4.521	2.7350
 4.525	2.7108
 4.529	2.7168
 4.533	2.7163
 4.537	2.6826
 4.541	2.6901
 4.545	2.6919
 4.549	2.6501
 4.553	2.6600
 4.557	2.6921
 4.561	2.7147
 4.565	2.7111
 4.569	2.7041
 4.573	2.7301
 4.577	2.7167
 4.581	2.7098
 4.585	2.7002
 4.589	2.6828
 4.593	2.6530
 4.597	2.6669
 4.601	2.6700
 4.605	2.6640
 4.609	2.6858
 4.613	2.6913
 4.617	2.6719
 4.622	2.6944
 4.626	2.6881
 4.630	2.6630
 4.634	2.6767
 4.638	2.7033
 4.642	2.6742
 4.646	2.6753
 4.651	2.6977
 4.655	2.7091
 4.659	2.6722
 4.663	2.6781
 4.667	2.6931
 4.672	2.6871
 4.676	2.6650
 4.680	2.6662
 4.684	2.6293
 4.688	2.6381
 4.693	2.6396
 4.697	2.6758
 4.701	2.6657
 4.705	2.6222
 4.710	2.6109
 4.714	2.6257
 4.718	2.6142
 4.723	2.6275
 4.727	2.6541
 4.731	2.6753
 4.736	2.6480
 4.740	2.6256
 4.744	2.6131
 4.749	2.6221
 4.753	2.6269
 4.757	2.6251
 4.762	2.6231
 4.766	2.6400
 4.770	2.6392
 4.775	2.6588
 4.779	2.6485
 4.784	2.6183
 4.788	2.5934
 4.792	2.6200
 4.797	2.6372
 4.801	2.6186
 4.806	2.6069
 4.810	2.6091
 4.815	2.6102
 4.819	2.6200
 4.824	2.6006
 4.828	2.6055
 4.833	2.6120
 4.837	2.6212
 4.842	2.6251
 4.846	2.6400
 4.851	2.6393
 4.855	2.6368
 4.860	2.5859
 4.864	2.5588
 4.869	2.5438
 4.874	2.5622
 4.878	2.5680
 4.883	2.5778
 4.887	2.5891
 4.892	2.6273
 4.897	2.6520
 4.901	2.6515
 4.906	2.5906
 4.910	2.5925
 4.915	2.5862
 4.920	2.5925
 4.924	2.5714
 4.929	2.5704
 4.934	2.5830
 4.939	2.5944
 4.943	2.5848
 4.948	2.5887
 4.953	2.5862
 4.957	2.6031
 4.962	2.5799
 4.967	2.5718
 4.972	2.5794
 4.976	2.5922
 4.981	2.5664
 4.986	2.5699
 4.991	2.5761
 4.996	2.5824
 5.000	2.5724
 5.005	2.5982
 5.010	2.5883
 5.015	2.5422
 5.020	2.5222
 5.025	2.5572
 5.030	2.5732
 5.034	2.5826
 5.039	2.5646
 5.044	2.5765
 5.049	2.5719
 5.054	2.5610
 5.059	2.5802
 5.064	2.6242
 5.069	2.5892
 5.074	2.5654
 5.079	2.5704
 5.084	2.5823
 5.089	2.5610
 5.094	2.5735
 5.099	2.5542
 5.104	2.5512
 5.109	2.5380
 5.114	2.5688
 5.119	2.5642
 5.124	2.5618
 5.129	2.5935
 5.134	2.5949
 5.139	2.5819
 5.144	2.5848
 5.149	2.5552
 5.155	2.5811
 5.160	2.5758
 5.165	2.5694
 5.170	2.5664
 5.175	2.5683
 5.180	2.5583
 5.185	2.5750
 5.191	2.5785
 5.196	2.6100
 5.201	2.5925
 5.206	2.5831
 5.211	2.5453
 5.217	2.5356
 5.222	2.5510
 5.227	2.5745
 5.233	2.5985
 5.238	2.6170
 5.243	2.5799
 5.248	2.6195
 5.254	2.5986
 5.259	2.5589
 5.264	2.5599
 5.270	2.5762
 5.275	2.5706
 5.280	2.5850
 5.286	2.5723
 5.291	2.5662
 5.297	2.5515
 5.302	2.5645
 5.308	2.5325
 5.313	2.5338
 5.318	2.5507
 5.324	2.5763
 5.329	2.5559
 5.335	2.5720
 5.340	2.5622
 5.346	2.5217
 5.351	2.4874
 5.357	2.5067
 5.362	2.5060
 5.368	2.5135
 5.374	2.5124
 5.379	2.5539
 5.385	2.5393
 5.390	2.5346
 5.396	2.5233
 5.401	2.5465
 5.407	2.4889
 5.413	2.4681
 5.418	2.4310
 5.424	2.4170
 5.430	2.4418
 5.435	2.4962
 5.441	2.4923
 5.447	2.4967
 5.453	2.4834
 5.458	2.4881
 5.464	2.4559
 5.470	2.4643
 5.476	2.4569
 5.481	2.4753
 5.487	2.4761
 5.493	2.4956
 5.499	2.4822
 5.505	2.4837
 5.511	2.4386
 5.516	2.4191
 5.522	2.4096
 5.528	2.4587
 5.534	2.4322
 5.540	2.4203
 5.546	2.3995
 5.552	2.4360
 5.558	2.4412
 5.564	2.4017
 5.570	2.3534
 5.576	2.3549
 5.582	2.3270
 5.588	2.4085
 5.594	2.4038
 5.600	2.3845
 5.606	2.3704
 5.612	2.4046
 5.618	2.3709
 5.624	2.3524
 5.630	2.3305
 5.636	2.3411
 5.642	2.2603
 5.649	2.3151
 5.655	2.3359
 5.661	2.3495
 5.667	2.3470
 5.673	2.2965
 5.680	2.2850
 5.686	2.3481
 5.692	2.2710
 5.698	2.2725
 5.705	2.2241
 5.711	2.1570
 5.717	2.1499
 5.723	2.1608
 5.730	2.1254
 5.736	2.1310
 5.742	2.1066
 5.749	2.0889
 5.755	2.1417
 5.762	2.1691
 5.768	2.1097
 5.774	2.2318
 5.781	2.3635
 5.787	2.4675
 5.794	2.4989
 5.800	2.5313
 5.807	2.5059
 5.813	2.4472
 5.820	2.2870
 5.826	2.3122
 5.833	2.4183
 5.839	2.5070
 5.846	2.5007
 5.853	2.5056
 5.859	2.4624
 5.866	2.4988
 5.873	2.4891
 5.879	2.3480
 5.886	2.3209
 5.893	2.4013
 5.899	2.3995
 5.906	2.5867
 5.913	2.6511
 5.919	2.6467
 5.926	2.5971
 5.933	2.5160
 5.940	2.4297
 5.947	2.5485
 5.953	2.6065
 5.960	2.6607
 5.967	2.5719
 5.974	2.5729
 5.981	2.5729
 5.988	2.5767
 5.995	2.5912
 6.002	2.6694
 6.009	2.6425
 6.016	2.6412
 6.023	2.6678
 6.030	2.7239
 6.037	2.6593
 6.044	2.5280
 6.051	2.3816
 6.058	2.5744
 6.065	2.6408
 6.072	2.6415
 6.079	2.6744
 6.086	2.7721
 6.093	2.7999
 6.101	2.9196
 6.108	2.8852
 6.115	2.8783
 6.122	3.0755
 6.129	3.2909
 6.137	3.3523
 6.144	3.4688
 6.151	3.5470
 6.158	3.6661
 6.166	3.8958
 6.173	4.2331
 6.180	4.2999
 6.188	4.4881
 6.195	4.8631
 6.203	5.0115
 6.210	4.8957
 6.218	4.8359
 6.225	4.8211
 6.232	4.8232
 6.240	4.6325
 6.248	4.3692
 6.255	3.9726
 6.263	3.6862
 6.270	3.4197
 6.278	3.2925
 6.285	3.1551
 6.293	3.0646
 6.301	2.9357
 6.308	2.8716
 6.316	2.8050
 6.324	2.8053
 6.331	2.7477
 6.339	2.6803
 6.347	2.5482
 6.355	2.6370
 6.362	2.6088
 6.370	2.5655
 6.378	2.5628
 6.386	2.5620
 6.394	2.4810
 6.402	2.4074
 6.410	2.1677
 6.418	2.1421
 6.426	2.2363
 6.434	2.3229
 6.442	2.3718
 6.450	2.4155
 6.458	2.3524
 6.466	2.3267
 6.474	2.2349
 6.482	2.1741
 6.490	2.0092
 6.498	2.0390
 6.506	2.1689
 6.514	2.2454
 6.523	2.1866
 6.531	2.2887
 6.539	2.2854
 6.547	2.2374
 6.556	2.1567
 6.564	2.1621
 6.572	2.0612
 6.580	2.1552
 6.589	2.1764
 6.597	2.1940
 6.606	2.2296
 6.614	2.2797
 6.623	2.2154
 6.631	2.1190
 6.639	2.0134
 6.648	2.1754
 6.657	2.2472
 6.665	2.2407
 6.674	2.1465
 6.682	2.1359
 6.691	2.1645
 6.700	2.1969
 6.708	2.1105
 6.717	2.1221
 6.726	2.1242
 6.734	2.1878
 6.743	2.1719
 6.752	2.1565
 6.761	2.1344
 6.769	2.1344
 6.778	2.0403
 6.787	2.1503
 6.796	2.2454
 6.805	2.2929
 6.814	2.1934
 6.823	2.1794
 6.832	2.2332
 6.841	2.4516
 6.850	2.3705
 6.859	2.2262
 6.868	2.1871
 6.877	2.3258
 6.886	2.3392
 6.896	2.3813
 6.905	2.3122
 6.914	2.3430
 6.923	2.2948
 6.932	2.3175
 6.942	2.3409
 6.951	2.3607
 6.960	2.2098
 6.970	2.2524
 6.979	2.2819
 6.988	2.3411
 6.998	2.3147
 7.007	2.3497
 7.017	2.3459
 7.026	2.4063
 7.036	2.2564
 7.045	2.1487
 7.055	2.1786
 7.065	2.3309
 7.074	2.3432
 7.084	2.3954
 7.094	2.3625
 7.103	2.3844
 7.113	2.3478
 7.123	2.3977
 7.133	2.3443
 7.142	2.3334
 7.152	2.2835
 7.162	2.3350
 7.172	2.2763
 7.182	2.3406
 7.192	2.3087
 7.202	2.3127
 7.212	2.2481
 7.222	2.2666
 7.232	2.2178
 7.242	2.2560
 7.252	2.3059
 7.262	2.4011
 7.273	2.3513
 7.283	2.3658
 7.293	2.3834
 7.303	2.4150
 7.314	2.3484
 7.324	2.3994
 7.334	2.3220
 7.345	2.3345
 7.355	2.3406
 7.366	2.3928
 7.376	2.3457
 7.387	2.4012
 7.397	2.3564
 7.408	2.3684
 7.418	2.3456
 7.429	2.4150
 7.440	2.3960
 7.450	2.4845
 7.461	2.4464
 7.472	2.4803
 7.483	2.4942
 7.493	2.6065
 7.504	2.6492
 7.515	2.7252
 7.526	2.7236
 7.537	2.7629
 7.548	2.7630
 7.559	2.9029
 7.570	2.9864
 7.581	3.1431
 7.592	3.2247
 7.603	3.2462
 7.614	3.0007
 7.626	2.7412
 7.637	2.4192
 7.648	2.2650
 7.659	2.1871
 7.671	2.2603
 7.682	2.2548
 7.694	2.2872
 7.705	2.2299
 7.716	2.1969
 7.728	2.1081
 7.739	2.2101
 7.751	2.1990
 7.763	2.1739
 7.774	2.1133
 7.786	2.1827
 7.798	2.1459
 7.809	2.1738
 7.821	2.1037
 7.833	2.1257
 7.845	2.1198
 7.857	2.1660
 7.869	2.0623
 7.881	2.0955
 7.893	2.1012
 7.905	2.1850
 7.917	2.1117
 7.929	2.1219
 7.941	2.0465
 7.953	2.0952
 7.965	2.0346
 7.978	2.1190
 7.990	2.1551
 8.002	2.2260
 8.015	2.1489
 8.027	2.1634
 8.039	2.1485
 8.052	2.2290
 8.064	2.1916
 8.077	2.2500
 8.090	2.1251
 8.102	2.2465
 8.115	2.2144
 8.128	2.2135
 8.140	2.1908
 8.153	2.2518
 8.166	2.1958
 8.179	2.2924
 8.192	2.2355
 8.205	2.2949
 8.218	2.2381
 8.231	2.3191
 8.244	2.2531
 8.257	2.3660
 8.270	2.2843
 8.283	2.3336
 8.297	2.2828
 8.310	2.3465
 8.323	2.2745
 8.337	2.3762
 8.350	2.3739
 8.364	2.4158
 8.377	2.3551
 8.391	2.4628
 8.404	2.4369
 8.418	2.4990
 8.432	2.4170
 8.445	2.5435
 8.459	2.6064
 8.473	2.7457
 8.487	2.7335
 8.501	2.9025
 8.515	2.8200
 8.529	2.8844
 8.543	2.9308
 8.557	3.1281
 8.571	3.1364
 8.585	3.1751
 8.599	3.0032
 8.614	3.0273
 8.628	2.9165
 8.642	3.0219
 8.657	2.9529
 8.671	3.0240
 8.686	2.9762
 8.700	3.0653
 8.715	2.9778
 8.730	3.0338
 8.744	3.0037
 8.759	3.0995
 8.774	2.9891
 8.789	3.0634
 8.804	3.0162
 8.819	3.1267
 8.834	3.1003
 8.849	3.2150
 8.864	3.1304
 8.879	3.2207
 8.894	3.1824
 8.910	3.3611
 8.925	3.2774
 8.940	3.2288
 8.956	3.1216
 8.971	3.2064
 8.987	3.1424
 9.002	3.2062
 9.018	3.0331
 9.034	3.0458
 9.050	2.9402
 9.065	2.9408
 9.081	2.8075
 9.097	2.9320
 9.113	2.8735
 9.129	2.9885
 9.145	2.9292
 9.162	3.0532
 9.178	3.0162
 9.194	3.1405
 9.210	3.0830
 9.227	3.2220
 9.243	3.1269
 9.260	3.2441
 9.276	3.2209
 9.293	3.3418
 9.310	3.2632
 9.326	3.3476
 9.343	3.2257
 9.360	3.3032
 9.377	3.1831
 9.394	3.2618
 9.411	3.1322
 9.428	3.1550
 9.445	3.0244
 9.462	3.1227
 9.480	3.0350
 9.497	3.0225
 9.515	2.8769
 9.532	3.0146
 9.550	2.9838
 9.567	3.1264
 9.585	3.0484
 9.603	3.1538
 9.620	3.0575
 9.638	3.1443
 9.656	3.0272
 9.674	3.0663
 9.692	2.9207
 9.711	2.9330
 9.729	2.7310
 9.747	2.7868
 9.765	2.6824
 9.784	2.7322
 9.802	2.6350
 9.821	2.9221
 9.839	2.8394
 9.858	2.6122
 9.877	2.4715
 9.896	2.5710
 9.915	2.5033
 9.934	2.5850
 9.953	2.4595
 9.972	2.4982
 9.991	2.4375
10.010	2.5179
10.030	2.4038
10.049	2.5736
10.069	2.5228
10.088	2.5760
10.108	2.5529
10.128	2.6092
10.148	2.5135
10.167	2.6919
10.187	2.6365
10.207	2.6641
10.228	2.5202
10.248	2.5616
10.268	2.4585
10.289	2.5829
10.309	2.5310
10.330	2.5804
10.350	2.5009
10.371	2.6127
10.392	2.5279
10.412	2.5636
10.433	2.4740
10.454	2.6285
10.476	2.6081
10.497	2.7180
10.518	2.6144
10.539	2.7026
10.561	2.6361
10.582	2.7348
10.604	2.6542
10.626	2.7519
10.648	2.6973
10.670	2.7418
10.692	2.6309
10.714	2.8158
10.736	2.8026
10.758	2.9080
10.780	2.7814
10.803	2.8373
10.825	2.7342
10.848	2.8562
10.871	2.7975
10.894	2.8718
10.917	2.7371
10.940	2.8416
10.963	2.7753
10.986	2.8700
11.009	2.7882
11.033	2.9150
11.056	2.8098
11.080	2.8827
11.104	2.8192
11.127	2.9544
11.151	2.8121
11.175	2.8897
11.200	2.8146
11.224	2.9239
11.248	2.7741
11.273	2.8965
11.297	2.8693
11.322	2.9734
11.347	2.8724
11.372	2.9865
11.397	2.8595
11.422	3.0284
11.447	3.0475
11.472	3.1947
11.498	3.0134
11.523	3.0540
11.549	2.9615
11.575	3.0242
11.600	2.8757
11.626	3.0329
11.653	2.9869
11.679	3.1402
11.705	3.0290
11.732	3.1463
11.758	3.0122
11.785	3.1232
11.812	3.0433
11.839	3.1994
11.866	3.0914
11.893	3.1553
11.920	2.9470
11.948	3.0124
11.976	2.9126
12.003	3.0460
12.031	2.9555
12.059	3.0141
12.087	2.8955
12.115	3.0187
12.144	2.8465
12.172	3.0204
12.201	2.9256
12.230	3.0842
12.259	2.9555
12.288	3.0899
12.317	2.9174
12.346	3.0587
12.376	2.9993
12.405	3.0876
12.435	2.9195
12.465	3.0770
12.495	2.9342
12.525	3.0432
12.555	2.9099
12.586	3.0520
12.617	2.9370
12.647	3.0739
12.678	2.9170
12.709	3.0023
12.741	2.7755
12.772	2.7307
12.803	2.2828
12.835	2.2482
12.867	2.1684
12.899	2.3929
12.931	2.2731
12.964	2.5115
12.996	2.3364
13.029	2.4213
13.061	2.2762
13.094	2.5172
13.128	2.4059
13.161	2.5508
13.194	2.4012
13.228	2.5234
13.262	2.3538
13.296	2.5132
13.330	2.3019
13.364	2.4618
13.399	2.2763
13.434	2.4704
13.469	2.3485
13.504	2.4958
13.539	2.2523
13.574	2.4058
13.610	2.2135
13.646	2.3937
13.682	2.3547
13.718	2.6279
13.754	2.8155
13.791	2.9089
13.828	2.3518
13.865	2.5401
13.902	2.4498
13.939	2.7063
13.977	2.4356
14.015	2.4702
14.053	2.3141
14.091	2.5971
14.129	2.2840
14.168	2.4316
14.207	2.2190
14.246	2.4585
14.285	2.1622
14.324	2.2181
14.364	1.9370
14.404	2.2093
14.444	1.8879
14.484	2.1247
14.525	1.8475
14.566	2.1033
14.607	1.9677
14.648	2.3499
14.690	1.9899
14.731	2.0581
14.773	1.6522
14.815	2.0612
14.858	1.8271
14.901	2.1009
14.944	1.7102
14.987	2.0378
15.030	1.5117
15.074	1.8055
15.118	1.5548
15.162	1.9094
15.206	1.4178
15.251	1.8731
15.296	1.6990
15.341	2.0233
15.387	0

