Name: Agave attenuata
Type: vegetation
Class: Shrub
Genus: Agave
Species: attenuata
Sample No.: JPL060
Owner: JPL
Wavelength Range: All
Origin: 34.12717; - 118.11108; WGS84
Collection Date: 2/2/2016
Description: Samples were collected at the Huntington Garden in San Marino California as part of a JPL Subcontract studying HyTES imagery. Samples were taken to JPL and processed within 48 hours of collection. The same leaves were processed in the Nicolet and then measured using the ASD.
Measurement: Bidirectional and directional hemispherical reflectance
First Column: X
Second Column: Y
X Units: Wavelength (micrometer)
Y Units: Reflectance (percentage)
First X Value: 0.35
Last X Value: 15.3869
Number of X Values: 3889
Additional Information: jpl.asdnicolet.vegetation.shrub.agave.attenuata.jpl060.ancillary.txt

 0.350	11.238
 0.351	10.663
 0.352	11.513
 0.353	12.016
 0.354	11.040
 0.355	10.537
 0.356	11.373
 0.357	12.513
 0.358	12.256
 0.359	11.774
 0.360	11.590
 0.361	11.572
 0.362	10.771
 0.363	11.149
 0.364	11.650
 0.365	11.176
 0.366	11.494
 0.367	11.304
 0.368	10.900
 0.369	11.506
 0.370	11.396
 0.371	11.117
 0.372	11.165
 0.373	11.472
 0.374	11.017
 0.375	10.671
 0.376	11.330
 0.377	10.928
 0.378	10.517
 0.379	10.800
 0.380	11.850
 0.381	11.431
 0.382	11.057
 0.383	11.582
 0.384	10.907
 0.385	11.102
 0.386	11.563
 0.387	11.038
 0.388	10.484
 0.389	10.701
 0.390	11.315
 0.391	10.915
 0.392	10.868
 0.393	11.107
 0.394	11.221
 0.395	10.656
 0.396	10.545
 0.397	10.809
 0.398	10.812
 0.399	10.709
 0.400	10.775
 0.401	10.968
 0.402	10.838
 0.403	11.006
 0.404	10.943
 0.405	10.356
 0.406	10.769
 0.407	10.980
 0.408	10.892
 0.409	11.088
 0.410	11.080
 0.411	10.933
 0.412	10.837
 0.413	11.129
 0.414	11.120
 0.415	11.038
 0.416	11.241
 0.417	11.202
 0.418	11.160
 0.419	11.176
 0.420	11.117
 0.421	11.153
 0.422	11.244
 0.423	11.305
 0.424	11.230
 0.425	11.236
 0.426	11.295
 0.427	11.278
 0.428	11.221
 0.429	11.303
 0.430	11.484
 0.431	11.419
 0.432	11.358
 0.433	11.350
 0.434	11.384
 0.435	11.427
 0.436	11.449
 0.437	11.440
 0.438	11.410
 0.439	11.461
 0.440	11.529
 0.441	11.550
 0.442	11.521
 0.443	11.559
 0.444	11.561
 0.445	11.414
 0.446	11.497
 0.447	11.602
 0.448	11.638
 0.449	11.697
 0.450	11.667
 0.451	11.622
 0.452	11.645
 0.453	11.720
 0.454	11.753
 0.455	11.740
 0.456	11.735
 0.457	11.708
 0.458	11.719
 0.459	11.768
 0.460	11.717
 0.461	11.700
 0.462	11.706
 0.463	11.692
 0.464	11.693
 0.465	11.669
 0.466	11.646
 0.467	11.720
 0.468	11.709
 0.469	11.666
 0.470	11.671
 0.471	11.732
 0.472	11.718
 0.473	11.665
 0.474	11.687
 0.475	11.717
 0.476	11.703
 0.477	11.668
 0.478	11.744
 0.479	11.771
 0.480	11.757
 0.481	11.756
 0.482	11.781
 0.483	11.763
 0.484	11.720
 0.485	11.747
 0.486	11.747
 0.487	11.774
 0.488	11.846
 0.489	11.810
 0.490	11.791
 0.491	11.808
 0.492	11.832
 0.493	11.888
 0.494	11.931
 0.495	11.949
 0.496	11.981
 0.497	12.048
 0.498	12.118
 0.499	12.168
 0.500	12.304
 0.501	12.394
 0.502	12.444
 0.503	12.573
 0.504	12.719
 0.505	12.866
 0.506	13.012
 0.507	13.162
 0.508	13.329
 0.509	13.533
 0.510	13.781
 0.511	14.000
 0.512	14.219
 0.513	14.481
 0.514	14.838
 0.515	15.158
 0.516	15.467
 0.517	15.814
 0.518	16.176
 0.519	16.562
 0.520	16.953
 0.521	17.316
 0.522	17.741
 0.523	18.145
 0.524	18.482
 0.525	18.852
 0.526	19.230
 0.527	19.612
 0.528	19.987
 0.529	20.284
 0.530	20.550
 0.531	20.814
 0.532	21.063
 0.533	21.292
 0.534	21.503
 0.535	21.695
 0.536	21.850
 0.537	21.983
 0.538	22.104
 0.539	22.218
 0.540	22.309
 0.541	22.380
 0.542	22.441
 0.543	22.520
 0.544	22.589
 0.545	22.658
 0.546	22.747
 0.547	22.818
 0.548	22.882
 0.549	22.939
 0.550	22.974
 0.551	23.019
 0.552	23.048
 0.553	23.035
 0.554	23.012
 0.555	22.976
 0.556	22.913
 0.557	22.806
 0.558	22.698
 0.559	22.583
 0.560	22.443
 0.561	22.245
 0.562	22.098
 0.563	21.961
 0.564	21.756
 0.565	21.581
 0.566	21.396
 0.567	21.180
 0.568	20.939
 0.569	20.708
 0.570	20.471
 0.571	20.214
 0.572	19.965
 0.573	19.732
 0.574	19.507
 0.575	19.276
 0.576	19.087
 0.577	18.909
 0.578	18.726
 0.579	18.563
 0.580	18.421
 0.581	18.280
 0.582	18.121
 0.583	18.004
 0.584	17.895
 0.585	17.772
 0.586	17.635
 0.587	17.528
 0.588	17.432
 0.589	17.327
 0.590	17.270
 0.591	17.201
 0.592	17.117
 0.593	17.051
 0.594	17.016
 0.595	16.959
 0.596	16.876
 0.597	16.854
 0.598	16.807
 0.599	16.747
 0.600	16.703
 0.601	16.656
 0.602	16.594
 0.603	16.518
 0.604	16.439
 0.605	16.345
 0.606	16.239
 0.607	16.123
 0.608	15.994
 0.609	15.846
 0.610	15.688
 0.611	15.540
 0.612	15.392
 0.613	15.249
 0.614	15.122
 0.615	15.021
 0.616	14.906
 0.617	14.789
 0.618	14.691
 0.619	14.597
 0.620	14.506
 0.621	14.420
 0.622	14.340
 0.623	14.283
 0.624	14.240
 0.625	14.201
 0.626	14.170
 0.627	14.129
 0.628	14.098
 0.629	14.098
 0.630	14.104
 0.631	14.077
 0.632	14.026
 0.633	14.012
 0.634	13.976
 0.635	13.918
 0.636	13.848
 0.637	13.758
 0.638	13.648
 0.639	13.540
 0.640	13.453
 0.641	13.308
 0.642	13.158
 0.643	13.034
 0.644	12.902
 0.645	12.770
 0.646	12.644
 0.647	12.527
 0.648	12.391
 0.649	12.296
 0.650	12.233
 0.651	12.135
 0.652	12.070
 0.653	12.016
 0.654	11.950
 0.655	11.879
 0.656	11.817
 0.657	11.736
 0.658	11.609
 0.659	11.519
 0.660	11.437
 0.661	11.336
 0.662	11.207
 0.663	11.130
 0.664	11.060
 0.665	10.962
 0.666	10.898
 0.667	10.848
 0.668	10.802
 0.669	10.760
 0.670	10.756
 0.671	10.761
 0.672	10.764
 0.673	10.779
 0.674	10.787
 0.675	10.815
 0.676	10.876
 0.677	10.910
 0.678	10.960
 0.679	11.034
 0.680	11.117
 0.681	11.201
 0.682	11.305
 0.683	11.438
 0.684	11.591
 0.685	11.760
 0.686	11.965
 0.687	12.229
 0.688	12.533
 0.689	12.919
 0.690	13.396
 0.691	13.950
 0.692	14.637
 0.693	15.423
 0.694	16.293
 0.695	17.299
 0.696	18.381
 0.697	19.538
 0.698	20.774
 0.699	22.046
 0.700	23.351
 0.701	24.695
 0.702	26.079
 0.703	27.463
 0.704	28.826
 0.705	30.167
 0.706	31.518
 0.707	32.849
 0.708	34.167
 0.709	35.490
 0.710	36.798
 0.711	38.118
 0.712	39.441
 0.713	40.728
 0.714	42.025
 0.715	43.320
 0.716	44.596
 0.717	45.880
 0.718	47.135
 0.719	48.364
 0.720	49.580
 0.721	50.778
 0.722	51.940
 0.723	53.063
 0.724	54.164
 0.725	55.207
 0.726	56.195
 0.727	57.139
 0.728	58.052
 0.729	58.895
 0.730	59.686
 0.731	60.455
 0.732	61.156
 0.733	61.794
 0.734	62.387
 0.735	62.960
 0.736	63.515
 0.737	64.015
 0.738	64.446
 0.739	64.859
 0.740	65.270
 0.741	65.638
 0.742	65.928
 0.743	66.262
 0.744	66.546
 0.745	66.771
 0.746	67.012
 0.747	67.218
 0.748	67.373
 0.749	67.490
 0.750	67.628
 0.751	67.745
 0.752	67.844
 0.753	67.933
 0.754	67.977
 0.755	68.042
 0.756	68.125
 0.757	68.169
 0.758	68.225
 0.759	68.262
 0.760	68.274
 0.761	68.313
 0.762	68.337
 0.763	68.338
 0.764	68.329
 0.765	68.338
 0.766	68.354
 0.767	68.369
 0.768	68.376
 0.769	68.357
 0.770	68.361
 0.771	68.387
 0.772	68.355
 0.773	68.327
 0.774	68.335
 0.775	68.378
 0.776	68.394
 0.777	68.395
 0.778	68.384
 0.779	68.370
 0.780	68.395
 0.781	68.404
 0.782	68.393
 0.783	68.418
 0.784	68.410
 0.785	68.411
 0.786	68.448
 0.787	68.469
 0.788	68.481
 0.789	68.494
 0.790	68.511
 0.791	68.494
 0.792	68.490
 0.793	68.514
 0.794	68.548
 0.795	68.536
 0.796	68.523
 0.797	68.539
 0.798	68.565
 0.799	68.601
 0.800	68.612
 0.801	68.587
 0.802	68.582
 0.803	68.575
 0.804	68.570
 0.805	68.581
 0.806	68.578
 0.807	68.571
 0.808	68.565
 0.809	68.559
 0.810	68.534
 0.811	68.508
 0.812	68.501
 0.813	68.527
 0.814	68.513
 0.815	68.479
 0.816	68.456
 0.817	68.434
 0.818	68.395
 0.819	68.363
 0.820	68.367
 0.821	68.311
 0.822	68.267
 0.823	68.241
 0.824	68.182
 0.825	68.135
 0.826	68.072
 0.827	67.989
 0.828	67.937
 0.829	67.872
 0.830	67.771
 0.831	67.646
 0.832	67.585
 0.833	67.545
 0.834	67.494
 0.835	67.415
 0.836	67.376
 0.837	67.354
 0.838	67.330
 0.839	67.293
 0.840	67.238
 0.841	67.240
 0.842	67.291
 0.843	67.268
 0.844	67.233
 0.845	67.191
 0.846	67.145
 0.847	67.146
 0.848	67.141
 0.849	67.126
 0.850	67.113
 0.851	67.103
 0.852	67.116
 0.853	67.127
 0.854	67.096
 0.855	67.063
 0.856	67.041
 0.857	67.037
 0.858	67.052
 0.859	67.021
 0.860	66.997
 0.861	67.010
 0.862	67.022
 0.863	67.021
 0.864	67.004
 0.865	66.981
 0.866	66.977
 0.867	66.944
 0.868	66.930
 0.869	66.972
 0.870	66.915
 0.871	66.881
 0.872	66.888
 0.873	66.886
 0.874	66.850
 0.875	66.825
 0.876	66.823
 0.877	66.816
 0.878	66.770
 0.879	66.728
 0.880	66.710
 0.881	66.685
 0.882	66.650
 0.883	66.631
 0.884	66.627
 0.885	66.556
 0.886	66.532
 0.887	66.513
 0.888	66.450
 0.889	66.425
 0.890	66.432
 0.891	66.433
 0.892	66.391
 0.893	66.369
 0.894	66.350
 0.895	66.316
 0.896	66.255
 0.897	66.194
 0.898	66.165
 0.899	66.175
 0.900	66.199
 0.901	66.139
 0.902	66.056
 0.903	66.010
 0.904	66.012
 0.905	65.945
 0.906	65.881
 0.907	65.870
 0.908	65.858
 0.909	65.802
 0.910	65.741
 0.911	65.705
 0.912	65.634
 0.913	65.589
 0.914	65.519
 0.915	65.388
 0.916	65.338
 0.917	65.217
 0.918	65.075
 0.919	65.013
 0.920	64.924
 0.921	64.803
 0.922	64.656
 0.923	64.497
 0.924	64.347
 0.925	64.167
 0.926	63.953
 0.927	63.727
 0.928	63.456
 0.929	63.223
 0.930	63.024
 0.931	62.770
 0.932	62.508
 0.933	62.222
 0.934	61.925
 0.935	61.662
 0.936	61.361
 0.937	61.020
 0.938	60.677
 0.939	60.406
 0.940	60.110
 0.941	59.767
 0.942	59.395
 0.943	59.046
 0.944	58.623
 0.945	58.207
 0.946	57.840
 0.947	57.397
 0.948	56.915
 0.949	56.430
 0.950	55.957
 0.951	55.459
 0.952	54.977
 0.953	54.487
 0.954	53.974
 0.955	53.499
 0.956	53.042
 0.957	52.649
 0.958	52.330
 0.959	51.907
 0.960	51.597
 0.961	51.395
 0.962	51.214
 0.963	51.017
 0.964	50.826
 0.965	50.673
 0.966	50.577
 0.967	50.513
 0.968	50.418
 0.969	50.292
 0.970	50.179
 0.971	50.146
 0.972	50.067
 0.973	49.997
 0.974	50.031
 0.975	50.032
 0.976	50.036
 0.977	50.039
 0.978	50.016
 0.979	49.967
 0.980	49.948
 0.981	49.997
 0.982	50.104
 0.983	50.094
 0.984	50.176
 0.985	50.283
 0.986	50.275
 0.987	50.375
 0.988	50.458
 0.989	50.522
 0.990	50.617
 0.991	50.671
 0.992	50.697
 0.993	50.771
 0.994	50.958
 0.995	51.127
 0.996	51.206
 0.997	51.303
 0.998	51.521
 0.999	51.538
 1.000	51.683
 1.001	52.019
 1.002	52.101
 1.003	52.220
 1.004	52.369
 1.005	52.519
 1.006	52.694
 1.007	52.867
 1.008	53.044
 1.009	53.225
 1.010	53.407
 1.011	53.602
 1.012	53.775
 1.013	53.925
 1.014	54.089
 1.015	54.230
 1.016	54.416
 1.017	54.662
 1.018	54.882
 1.019	55.098
 1.020	55.311
 1.021	55.453
 1.022	55.621
 1.023	55.802
 1.024	55.987
 1.025	56.186
 1.026	56.412
 1.027	56.620
 1.028	56.847
 1.029	57.046
 1.030	57.212
 1.031	57.396
 1.032	57.582
 1.033	57.759
 1.034	57.934
 1.035	58.131
 1.036	58.309
 1.037	58.463
 1.038	58.633
 1.039	58.813
 1.040	58.978
 1.041	59.144
 1.042	59.299
 1.043	59.437
 1.044	59.584
 1.045	59.745
 1.046	59.880
 1.047	60.005
 1.048	60.125
 1.049	60.208
 1.050	60.314
 1.051	60.434
 1.052	60.558
 1.053	60.665
 1.054	60.769
 1.055	60.877
 1.056	60.982
 1.057	61.077
 1.058	61.195
 1.059	61.266
 1.060	61.286
 1.061	61.337
 1.062	61.383
 1.063	61.427
 1.064	61.502
 1.065	61.543
 1.066	61.536
 1.067	61.559
 1.068	61.587
 1.069	61.617
 1.070	61.635
 1.071	61.678
 1.072	61.676
 1.073	61.638
 1.074	61.614
 1.075	61.582
 1.076	61.550
 1.077	61.514
 1.078	61.483
 1.079	61.456
 1.080	61.423
 1.081	61.409
 1.082	61.364
 1.083	61.306
 1.084	61.233
 1.085	61.121
 1.086	61.029
 1.087	60.939
 1.088	60.845
 1.089	60.758
 1.090	60.697
 1.091	60.593
 1.092	60.463
 1.093	60.348
 1.094	60.211
 1.095	60.099
 1.096	60.024
 1.097	59.915
 1.098	59.803
 1.099	59.678
 1.100	59.520
 1.101	59.384
 1.102	59.258
 1.103	59.127
 1.104	59.001
 1.105	58.886
 1.106	58.759
 1.107	58.625
 1.108	58.491
 1.109	58.359
 1.110	58.216
 1.111	58.062
 1.112	57.921
 1.113	57.784
 1.114	57.635
 1.115	57.499
 1.116	57.335
 1.117	57.151
 1.118	56.957
 1.119	56.751
 1.120	56.532
 1.121	56.296
 1.122	56.046
 1.123	55.772
 1.124	55.475
 1.125	55.141
 1.126	54.784
 1.127	54.382
 1.128	53.944
 1.129	53.467
 1.130	52.954
 1.131	52.410
 1.132	51.829
 1.133	51.223
 1.134	50.584
 1.135	49.917
 1.136	49.213
 1.137	48.498
 1.138	47.779
 1.139	47.059
 1.140	46.340
 1.141	45.644
 1.142	44.947
 1.143	44.248
 1.144	43.589
 1.145	42.935
 1.146	42.338
 1.147	41.777
 1.148	41.253
 1.149	40.770
 1.150	40.317
 1.151	39.892
 1.152	39.508
 1.153	39.159
 1.154	38.850
 1.155	38.584
 1.156	38.343
 1.157	38.135
 1.158	37.951
 1.159	37.781
 1.160	37.624
 1.161	37.485
 1.162	37.360
 1.163	37.249
 1.164	37.151
 1.165	37.058
 1.166	36.975
 1.167	36.903
 1.168	36.846
 1.169	36.780
 1.170	36.717
 1.171	36.662
 1.172	36.601
 1.173	36.554
 1.174	36.527
 1.175	36.493
 1.176	36.450
 1.177	36.414
 1.178	36.364
 1.179	36.321
 1.180	36.283
 1.181	36.236
 1.182	36.196
 1.183	36.150
 1.184	36.103
 1.185	36.056
 1.186	36.010
 1.187	35.971
 1.188	35.930
 1.189	35.885
 1.190	35.850
 1.191	35.818
 1.192	35.787
 1.193	35.763
 1.194	35.740
 1.195	35.720
 1.196	35.694
 1.197	35.684
 1.198	35.684
 1.199	35.685
 1.200	35.696
 1.201	35.703
 1.202	35.706
 1.203	35.714
 1.204	35.727
 1.205	35.744
 1.206	35.774
 1.207	35.806
 1.208	35.839
 1.209	35.877
 1.210	35.910
 1.211	35.944
 1.212	35.977
 1.213	36.012
 1.214	36.047
 1.215	36.087
 1.216	36.130
 1.217	36.172
 1.218	36.219
 1.219	36.260
 1.220	36.299
 1.221	36.347
 1.222	36.395
 1.223	36.444
 1.224	36.497
 1.225	36.558
 1.226	36.617
 1.227	36.669
 1.228	36.721
 1.229	36.760
 1.230	36.800
 1.231	36.850
 1.232	36.900
 1.233	36.951
 1.234	37.002
 1.235	37.051
 1.236	37.101
 1.237	37.149
 1.238	37.204
 1.239	37.257
 1.240	37.303
 1.241	37.352
 1.242	37.393
 1.243	37.430
 1.244	37.483
 1.245	37.530
 1.246	37.575
 1.247	37.622
 1.248	37.662
 1.249	37.707
 1.250	37.755
 1.251	37.799
 1.252	37.838
 1.253	37.870
 1.254	37.902
 1.255	37.939
 1.256	37.969
 1.257	37.994
 1.258	38.025
 1.259	38.050
 1.260	38.071
 1.261	38.085
 1.262	38.097
 1.263	38.096
 1.264	38.092
 1.265	38.089
 1.266	38.093
 1.267	38.104
 1.268	38.103
 1.269	38.104
 1.270	38.098
 1.271	38.071
 1.272	38.045
 1.273	38.012
 1.274	37.980
 1.275	37.948
 1.276	37.910
 1.277	37.868
 1.278	37.817
 1.279	37.756
 1.280	37.687
 1.281	37.616
 1.282	37.542
 1.283	37.460
 1.284	37.368
 1.285	37.267
 1.286	37.163
 1.287	37.060
 1.288	36.957
 1.289	36.851
 1.290	36.734
 1.291	36.610
 1.292	36.473
 1.293	36.333
 1.294	36.191
 1.295	36.040
 1.296	35.884
 1.297	35.723
 1.298	35.571
 1.299	35.412
 1.300	35.248
 1.301	35.072
 1.302	34.879
 1.303	34.692
 1.304	34.497
 1.305	34.298
 1.306	34.107
 1.307	33.904
 1.308	33.684
 1.309	33.460
 1.310	33.229
 1.311	32.982
 1.312	32.740
 1.313	32.506
 1.314	32.259
 1.315	32.007
 1.316	31.756
 1.317	31.504
 1.318	31.241
 1.319	30.980
 1.320	30.717
 1.321	30.448
 1.322	30.178
 1.323	29.913
 1.324	29.645
 1.325	29.382
 1.326	29.123
 1.327	28.861
 1.328	28.599
 1.329	28.332
 1.330	28.064
 1.331	27.798
 1.332	27.540
 1.333	27.293
 1.334	27.043
 1.335	26.792
 1.336	26.544
 1.337	26.302
 1.338	26.066
 1.339	25.837
 1.340	25.614
 1.341	25.396
 1.342	25.182
 1.343	24.982
 1.344	24.788
 1.345	24.595
 1.346	24.405
 1.347	24.220
 1.348	24.034
 1.349	23.860
 1.350	23.695
 1.351	23.538
 1.352	23.385
 1.353	23.232
 1.354	23.078
 1.355	22.920
 1.356	22.763
 1.357	22.609
 1.358	22.459
 1.359	22.305
 1.360	22.142
 1.361	21.974
 1.362	21.796
 1.363	21.615
 1.364	21.432
 1.365	21.245
 1.366	21.052
 1.367	20.846
 1.368	20.630
 1.369	20.404
 1.370	20.162
 1.371	19.910
 1.372	19.651
 1.373	19.376
 1.374	19.092
 1.375	18.801
 1.376	18.493
 1.377	18.174
 1.378	17.840
 1.379	17.493
 1.380	17.139
 1.381	16.779
 1.382	16.422
 1.383	16.065
 1.384	15.708
 1.385	15.348
 1.386	14.993
 1.387	14.633
 1.388	14.290
 1.389	13.955
 1.390	13.630
 1.391	13.324
 1.392	13.032
 1.393	12.752
 1.394	12.487
 1.395	12.234
 1.396	11.995
 1.397	11.772
 1.398	11.570
 1.399	11.386
 1.400	11.213
 1.401	11.052
 1.402	10.901
 1.403	10.762
 1.404	10.637
 1.405	10.523
 1.406	10.419
 1.407	10.321
 1.408	10.229
 1.409	10.149
 1.410	10.076
 1.411	10.012
 1.412	9.9568
 1.413	9.9015
 1.414	9.8516
 1.415	9.8045
 1.416	9.7568
 1.417	9.7136
 1.418	9.6756
 1.419	9.6386
 1.420	9.6049
 1.421	9.5779
 1.422	9.5529
 1.423	9.5278
 1.424	9.5065
 1.425	9.4871
 1.426	9.4687
 1.427	9.4499
 1.428	9.4360
 1.429	9.4176
 1.430	9.3938
 1.431	9.3761
 1.432	9.3575
 1.433	9.3439
 1.434	9.3364
 1.435	9.3267
 1.436	9.3183
 1.437	9.3118
 1.438	9.3026
 1.439	9.2961
 1.440	9.2867
 1.441	9.2773
 1.442	9.2719
 1.443	9.2618
 1.444	9.2586
 1.445	9.2594
 1.446	9.2567
 1.447	9.2596
 1.448	9.2630
 1.449	9.2627
 1.450	9.2633
 1.451	9.2624
 1.452	9.2577
 1.453	9.2532
 1.454	9.2504
 1.455	9.2501
 1.456	9.2533
 1.457	9.2611
 1.458	9.2685
 1.459	9.2713
 1.460	9.2763
 1.461	9.2790
 1.462	9.2808
 1.463	9.2912
 1.464	9.3010
 1.465	9.3113
 1.466	9.3275
 1.467	9.3382
 1.468	9.3452
 1.469	9.3540
 1.470	9.3642
 1.471	9.3801
 1.472	9.3998
 1.473	9.4209
 1.474	9.4376
 1.475	9.4502
 1.476	9.4658
 1.477	9.4832
 1.478	9.5031
 1.479	9.5276
 1.480	9.5497
 1.481	9.5676
 1.482	9.5886
 1.483	9.6094
 1.484	9.6314
 1.485	9.6561
 1.486	9.6796
 1.487	9.7073
 1.488	9.7337
 1.489	9.7581
 1.490	9.7833
 1.491	9.8046
 1.492	9.8309
 1.493	9.8626
 1.494	9.8921
 1.495	9.9242
 1.496	9.9557
 1.497	9.9839
 1.498	10.014
 1.499	10.047
 1.500	10.077
 1.501	10.105
 1.502	10.134
 1.503	10.163
 1.504	10.196
 1.505	10.233
 1.506	10.271
 1.507	10.311
 1.508	10.347
 1.509	10.381
 1.510	10.416
 1.511	10.448
 1.512	10.489
 1.513	10.529
 1.514	10.567
 1.515	10.607
 1.516	10.644
 1.517	10.683
 1.518	10.722
 1.519	10.763
 1.520	10.805
 1.521	10.845
 1.522	10.887
 1.523	10.929
 1.524	10.970
 1.525	11.012
 1.526	11.057
 1.527	11.103
 1.528	11.150
 1.529	11.200
 1.530	11.247
 1.531	11.293
 1.532	11.336
 1.533	11.377
 1.534	11.420
 1.535	11.470
 1.536	11.520
 1.537	11.570
 1.538	11.617
 1.539	11.657
 1.540	11.700
 1.541	11.741
 1.542	11.784
 1.543	11.833
 1.544	11.884
 1.545	11.938
 1.546	11.993
 1.547	12.046
 1.548	12.093
 1.549	12.140
 1.550	12.190
 1.551	12.238
 1.552	12.291
 1.553	12.343
 1.554	12.395
 1.555	12.447
 1.556	12.494
 1.557	12.542
 1.558	12.589
 1.559	12.636
 1.560	12.688
 1.561	12.739
 1.562	12.790
 1.563	12.842
 1.564	12.892
 1.565	12.942
 1.566	12.993
 1.567	13.041
 1.568	13.089
 1.569	13.138
 1.570	13.190
 1.571	13.243
 1.572	13.290
 1.573	13.339
 1.574	13.388
 1.575	13.435
 1.576	13.488
 1.577	13.541
 1.578	13.584
 1.579	13.630
 1.580	13.675
 1.581	13.719
 1.582	13.767
 1.583	13.814
 1.584	13.861
 1.585	13.911
 1.586	13.963
 1.587	14.014
 1.588	14.064
 1.589	14.110
 1.590	14.157
 1.591	14.203
 1.592	14.249
 1.593	14.294
 1.594	14.333
 1.595	14.377
 1.596	14.420
 1.597	14.460
 1.598	14.503
 1.599	14.546
 1.600	14.587
 1.601	14.628
 1.602	14.668
 1.603	14.705
 1.604	14.744
 1.605	14.785
 1.606	14.826
 1.607	14.870
 1.608	14.910
 1.609	14.951
 1.610	14.996
 1.611	15.032
 1.612	15.063
 1.613	15.094
 1.614	15.121
 1.615	15.157
 1.616	15.207
 1.617	15.254
 1.618	15.294
 1.619	15.330
 1.620	15.362
 1.621	15.391
 1.622	15.418
 1.623	15.453
 1.624	15.491
 1.625	15.525
 1.626	15.563
 1.627	15.596
 1.628	15.621
 1.629	15.652
 1.630	15.687
 1.631	15.716
 1.632	15.741
 1.633	15.771
 1.634	15.800
 1.635	15.831
 1.636	15.867
 1.637	15.896
 1.638	15.916
 1.639	15.943
 1.640	15.969
 1.641	15.994
 1.642	16.022
 1.643	16.048
 1.644	16.072
 1.645	16.104
 1.646	16.127
 1.647	16.152
 1.648	16.179
 1.649	16.204
 1.650	16.233
 1.651	16.254
 1.652	16.270
 1.653	16.287
 1.654	16.299
 1.655	16.316
 1.656	16.335
 1.657	16.353
 1.658	16.374
 1.659	16.395
 1.660	16.418
 1.661	16.434
 1.662	16.442
 1.663	16.452
 1.664	16.457
 1.665	16.467
 1.666	16.480
 1.667	16.490
 1.668	16.501
 1.669	16.507
 1.670	16.514
 1.671	16.523
 1.672	16.528
 1.673	16.533
 1.674	16.541
 1.675	16.545
 1.676	16.545
 1.677	16.543
 1.678	16.538
 1.679	16.535
 1.680	16.530
 1.681	16.530
 1.682	16.529
 1.683	16.521
 1.684	16.513
 1.685	16.504
 1.686	16.493
 1.687	16.487
 1.688	16.480
 1.689	16.468
 1.690	16.457
 1.691	16.442
 1.692	16.429
 1.693	16.418
 1.694	16.403
 1.695	16.384
 1.696	16.370
 1.697	16.357
 1.698	16.345
 1.699	16.338
 1.700	16.322
 1.701	16.300
 1.702	16.280
 1.703	16.256
 1.704	16.232
 1.705	16.210
 1.706	16.185
 1.707	16.159
 1.708	16.135
 1.709	16.112
 1.710	16.087
 1.711	16.061
 1.712	16.033
 1.713	16.009
 1.714	15.982
 1.715	15.956
 1.716	15.926
 1.717	15.894
 1.718	15.865
 1.719	15.832
 1.720	15.798
 1.721	15.767
 1.722	15.729
 1.723	15.691
 1.724	15.656
 1.725	15.617
 1.726	15.580
 1.727	15.548
 1.728	15.519
 1.729	15.485
 1.730	15.443
 1.731	15.404
 1.732	15.357
 1.733	15.319
 1.734	15.291
 1.735	15.258
 1.736	15.232
 1.737	15.196
 1.738	15.147
 1.739	15.106
 1.740	15.060
 1.741	15.020
 1.742	14.990
 1.743	14.954
 1.744	14.919
 1.745	14.878
 1.746	14.833
 1.747	14.786
 1.748	14.733
 1.749	14.685
 1.750	14.639
 1.751	14.595
 1.752	14.557
 1.753	14.507
 1.754	14.453
 1.755	14.398
 1.756	14.338
 1.757	14.287
 1.758	14.244
 1.759	14.203
 1.760	14.164
 1.761	14.125
 1.762	14.086
 1.763	14.041
 1.764	14.004
 1.765	13.974
 1.766	13.943
 1.767	13.920
 1.768	13.890
 1.769	13.854
 1.770	13.824
 1.771	13.790
 1.772	13.763
 1.773	13.743
 1.774	13.723
 1.775	13.707
 1.776	13.688
 1.777	13.668
 1.778	13.648
 1.779	13.622
 1.780	13.606
 1.781	13.592
 1.782	13.581
 1.783	13.575
 1.784	13.571
 1.785	13.571
 1.786	13.565
 1.787	13.561
 1.788	13.549
 1.789	13.543
 1.790	13.543
 1.791	13.540
 1.792	13.537
 1.793	13.535
 1.794	13.533
 1.795	13.534
 1.796	13.538
 1.797	13.541
 1.798	13.544
 1.799	13.543
 1.800	13.536
 1.801	13.537
 1.802	13.541
 1.803	13.547
 1.804	13.561
 1.805	13.569
 1.806	13.572
 1.807	13.575
 1.808	13.576
 1.809	13.580
 1.810	13.580
 1.811	13.590
 1.812	13.601
 1.813	13.614
 1.814	13.624
 1.815	13.627
 1.816	13.632
 1.817	13.625
 1.818	13.619
 1.819	13.614
 1.820	13.610
 1.821	13.611
 1.822	13.611
 1.823	13.607
 1.824	13.603
 1.825	13.602
 1.826	13.596
 1.827	13.585
 1.828	13.577
 1.829	13.570
 1.830	13.554
 1.831	13.809
 1.832	13.835
 1.833	13.809
 1.834	13.783
 1.835	13.757
 1.836	13.709
 1.837	13.670
 1.838	13.647
 1.839	13.612
 1.840	13.566
 1.841	13.521
 1.842	13.474
 1.843	13.418
 1.844	13.362
 1.845	13.315
 1.846	13.275
 1.847	13.229
 1.848	13.175
 1.849	13.106
 1.850	13.036
 1.851	12.946
 1.852	12.871
 1.853	12.806
 1.854	12.732
 1.855	12.660
 1.856	12.590
 1.857	12.509
 1.858	12.425
 1.859	12.329
 1.860	12.224
 1.861	12.113
 1.862	12.001
 1.863	11.884
 1.864	11.775
 1.865	11.663
 1.866	11.530
 1.867	11.399
 1.868	11.286
 1.869	11.165
 1.870	11.053
 1.871	10.954
 1.872	10.863
 1.873	10.756
 1.874	10.657
 1.875	10.559
 1.876	10.469
 1.877	10.378
 1.878	10.294
 1.879	10.229
 1.880	10.155
 1.881	10.078
 1.882	10.007
 1.883	9.9484
 1.884	9.8764
 1.885	9.8162
 1.886	9.7726
 1.887	9.7108
 1.888	9.6527
 1.889	9.5864
 1.890	9.5219
 1.891	9.4748
 1.892	9.4469
 1.893	9.4013
 1.894	9.3709
 1.895	9.3397
 1.896	9.2965
 1.897	9.2853
 1.898	9.2722
 1.899	9.2704
 1.900	9.2589
 1.901	9.2365
 1.902	9.2212
 1.903	9.2092
 1.904	9.1896
 1.905	9.1898
 1.906	9.1935
 1.907	9.1766
 1.908	9.1704
 1.909	9.1597
 1.910	9.1431
 1.911	9.1345
 1.912	9.1405
 1.913	9.1394
 1.914	9.1362
 1.915	9.1303
 1.916	9.1296
 1.917	9.1166
 1.918	9.1103
 1.919	9.1109
 1.920	9.1135
 1.921	9.1271
 1.922	9.1343
 1.923	9.1418
 1.924	9.1426
 1.925	9.1418
 1.926	9.1343
 1.927	9.1250
 1.928	9.1266
 1.929	9.1202
 1.930	9.1176
 1.931	9.1176
 1.932	9.1122
 1.933	9.1202
 1.934	9.1452
 1.935	9.1591
 1.936	9.1842
 1.937	9.1897
 1.938	9.1773
 1.939	9.1732
 1.940	9.1680
 1.941	9.1652
 1.942	9.1770
 1.943	9.1923
 1.944	9.1999
 1.945	9.2043
 1.946	9.2092
 1.947	9.2073
 1.948	9.2118
 1.949	9.2223
 1.950	9.2247
 1.951	9.2279
 1.952	9.2324
 1.953	9.2350
 1.954	9.2433
 1.955	9.2486
 1.956	9.2609
 1.957	9.2638
 1.958	9.2533
 1.959	9.2538
 1.960	9.2565
 1.961	9.2633
 1.962	9.2757
 1.963	9.2910
 1.964	9.3102
 1.965	9.3208
 1.966	9.3265
 1.967	9.3365
 1.968	9.3432
 1.969	9.3466
 1.970	9.3502
 1.971	9.3555
 1.972	9.3541
 1.973	9.3439
 1.974	9.3389
 1.975	9.3402
 1.976	9.3492
 1.977	9.3723
 1.978	9.3871
 1.979	9.4007
 1.980	9.4174
 1.981	9.4214
 1.982	9.4153
 1.983	9.4148
 1.984	9.4011
 1.985	9.4000
 1.986	9.4079
 1.987	9.4155
 1.988	9.4259
 1.989	9.4487
 1.990	9.4738
 1.991	9.5115
 1.992	9.5377
 1.993	9.5665
 1.994	9.5828
 1.995	9.5882
 1.996	9.5959
 1.997	9.5950
 1.998	9.6030
 1.999	9.6189
 2.000	9.6246
 2.001	9.6304
 2.002	9.6437
 2.003	9.6481
 2.004	9.6468
 2.005	9.6543
 2.006	9.6653
 2.007	9.6754
 2.008	9.6867
 2.009	9.7042
 2.010	9.7318
 2.011	9.7475
 2.012	9.7648
 2.013	9.7771
 2.014	9.7740
 2.015	9.7688
 2.016	9.7791
 2.017	9.7915
 2.018	9.8024
 2.019	9.8239
 2.020	9.8353
 2.021	9.8396
 2.022	9.8420
 2.023	9.8392
 2.024	9.8370
 2.025	9.8242
 2.026	9.8268
 2.027	9.8338
 2.028	9.8533
 2.029	9.8681
 2.030	9.8947
 2.031	9.9156
 2.032	9.9356
 2.033	9.9489
 2.034	9.9562
 2.035	9.9739
 2.036	9.9959
 2.037	10.011
 2.038	10.038
 2.039	10.051
 2.040	10.042
 2.041	10.045
 2.042	10.053
 2.043	10.057
 2.044	10.060
 2.045	10.062
 2.046	10.071
 2.047	10.076
 2.048	10.092
 2.049	10.122
 2.050	10.147
 2.051	10.182
 2.052	10.200
 2.053	10.205
 2.054	10.214
 2.055	10.218
 2.056	10.208
 2.057	10.213
 2.058	10.219
 2.059	10.222
 2.060	10.216
 2.061	10.228
 2.062	10.250
 2.063	10.265
 2.064	10.297
 2.065	10.309
 2.066	10.299
 2.067	10.306
 2.068	10.302
 2.069	10.319
 2.070	10.371
 2.071	10.403
 2.072	10.441
 2.073	10.471
 2.074	10.485
 2.075	10.475
 2.076	10.477
 2.077	10.468
 2.078	10.470
 2.079	10.474
 2.080	10.485
 2.081	10.507
 2.082	10.523
 2.083	10.549
 2.084	10.560
 2.085	10.552
 2.086	10.559
 2.087	10.567
 2.088	10.576
 2.089	10.584
 2.090	10.599
 2.091	10.614
 2.092	10.625
 2.093	10.642
 2.094	10.672
 2.095	10.688
 2.096	10.695
 2.097	10.708
 2.098	10.719
 2.099	10.732
 2.100	10.750
 2.101	10.765
 2.102	10.779
 2.103	10.796
 2.104	10.815
 2.105	10.838
 2.106	10.846
 2.107	10.841
 2.108	10.859
 2.109	10.875
 2.110	10.894
 2.111	10.943
 2.112	10.961
 2.113	10.956
 2.114	10.965
 2.115	10.963
 2.116	10.977
 2.117	11.012
 2.118	11.034
 2.119	11.051
 2.120	11.077
 2.121	11.109
 2.122	11.134
 2.123	11.150
 2.124	11.170
 2.125	11.190
 2.126	11.194
 2.127	11.210
 2.128	11.240
 2.129	11.257
 2.130	11.262
 2.131	11.276
 2.132	11.293
 2.133	11.309
 2.134	11.335
 2.135	11.345
 2.136	11.340
 2.137	11.345
 2.138	11.339
 2.139	11.344
 2.140	11.356
 2.141	11.377
 2.142	11.387
 2.143	11.391
 2.144	11.408
 2.145	11.428
 2.146	11.446
 2.147	11.474
 2.148	11.494
 2.149	11.505
 2.150	11.520
 2.151	11.543
 2.152	11.555
 2.153	11.562
 2.154	11.563
 2.155	11.549
 2.156	11.543
 2.157	11.519
 2.158	11.524
 2.159	11.554
 2.160	11.583
 2.161	11.615
 2.162	11.646
 2.163	11.649
 2.164	11.623
 2.165	11.610
 2.166	11.584
 2.167	11.576
 2.168	11.572
 2.169	11.577
 2.170	11.604
 2.171	11.604
 2.172	11.595
 2.173	11.590
 2.174	11.566
 2.175	11.558
 2.176	11.559
 2.177	11.565
 2.178	11.584
 2.179	11.590
 2.180	11.593
 2.181	11.602
 2.182	11.599
 2.183	11.609
 2.184	11.613
 2.185	11.625
 2.186	11.629
 2.187	11.616
 2.188	11.629
 2.189	11.662
 2.190	11.676
 2.191	11.704
 2.192	11.705
 2.193	11.669
 2.194	11.663
 2.195	11.663
 2.196	11.664
 2.197	11.687
 2.198	11.692
 2.199	11.678
 2.200	11.678
 2.201	11.672
 2.202	11.680
 2.203	11.707
 2.204	11.727
 2.205	11.752
 2.206	11.779
 2.207	11.788
 2.208	11.784
 2.209	11.785
 2.210	11.781
 2.211	11.770
 2.212	11.758
 2.213	11.743
 2.214	11.698
 2.215	11.705
 2.216	11.754
 2.217	11.765
 2.218	11.803
 2.219	11.795
 2.220	11.714
 2.221	11.691
 2.222	11.683
 2.223	11.672
 2.224	11.688
 2.225	11.695
 2.226	11.693
 2.227	11.692
 2.228	11.691
 2.229	11.696
 2.230	11.708
 2.231	11.704
 2.232	11.702
 2.233	11.709
 2.234	11.698
 2.235	11.659
 2.236	11.663
 2.237	11.687
 2.238	11.682
 2.239	11.689
 2.240	11.677
 2.241	11.624
 2.242	11.618
 2.243	11.639
 2.244	11.643
 2.245	11.663
 2.246	11.661
 2.247	11.639
 2.248	11.623
 2.249	11.592
 2.250	11.580
 2.251	11.577
 2.252	11.572
 2.253	11.570
 2.254	11.578
 2.255	11.598
 2.256	11.605
 2.257	11.624
 2.258	11.629
 2.259	11.601
 2.260	11.589
 2.261	11.585
 2.262	11.571
 2.263	11.564
 2.264	11.565
 2.265	11.573
 2.266	11.572
 2.267	11.554
 2.268	11.525
 2.269	11.505
 2.270	11.466
 2.271	11.450
 2.272	11.447
 2.273	11.459
 2.274	11.493
 2.275	11.495
 2.276	11.500
 2.277	11.494
 2.278	11.455
 2.279	11.438
 2.280	11.446
 2.281	11.428
 2.282	11.383
 2.283	11.365
 2.284	11.343
 2.285	11.339
 2.286	11.369
 2.287	11.379
 2.288	11.395
 2.289	11.395
 2.290	11.377
 2.291	11.364
 2.292	11.338
 2.293	11.320
 2.294	11.321
 2.295	11.301
 2.296	11.252
 2.297	11.229
 2.298	11.224
 2.299	11.186
 2.300	11.200
 2.301	11.222
 2.302	11.217
 2.303	11.243
 2.304	11.237
 2.305	11.242
 2.306	11.229
 2.307	11.195
 2.308	11.194
 2.309	11.181
 2.310	11.176
 2.311	11.185
 2.312	11.177
 2.313	11.140
 2.314	11.152
 2.315	11.176
 2.316	11.212
 2.317	11.295
 2.318	11.326
 2.319	11.353
 2.320	11.353
 2.321	11.307
 2.322	11.297
 2.323	11.285
 2.324	11.278
 2.325	11.290
 2.326	11.284
 2.327	11.257
 2.328	11.253
 2.329	11.274
 2.330	11.273
 2.331	11.283
 2.332	11.270
 2.333	11.201
 2.334	11.186
 2.335	11.197
 2.336	11.195
 2.337	11.229
 2.338	11.233
 2.339	11.194
 2.340	11.181
 2.341	11.183
 2.342	11.170
 2.343	11.161
 2.344	11.154
 2.345	11.131
 2.346	11.117
 2.347	11.101
 2.348	11.107
 2.349	11.138
 2.350	11.153
 2.351	11.192
 2.352	11.208
 2.353	11.187
 2.354	11.183
 2.355	11.225
 2.356	11.232
 2.357	11.259
 2.358	11.276
 2.359	11.207
 2.360	11.142
 2.361	11.111
 2.362	11.106
 2.363	11.134
 2.364	11.158
 2.365	11.174
 2.366	11.183
 2.367	11.187
 2.368	11.177
 2.369	11.141
 2.370	11.133
 2.371	11.121
 2.372	11.111
 2.373	11.142
 2.374	11.073
 2.375	11.054
 2.376	11.127
 2.377	11.128
 2.378	11.196
 2.379	11.241
 2.380	11.217
 2.381	11.230
 2.382	11.174
 2.383	11.102
 2.384	11.040
 2.385	11.001
 2.386	11.036
 2.387	11.021
 2.388	11.011
 2.389	10.996
 2.390	10.911
 2.391	10.881
 2.392	10.846
 2.393	10.771
 2.394	10.786
 2.395	10.848
 2.396	10.918
 2.397	11.046
 2.398	11.075
 2.399	11.050
 2.400	11.055
 2.401	11.031
 2.402	11.104
 2.403	11.123
 2.404	11.124
 2.405	11.185
 2.406	11.150
 2.407	11.083
 2.408	11.028
 2.409	10.985
 2.410	10.944
 2.411	10.985
 2.412	11.052
 2.413	11.046
 2.414	11.028
 2.415	11.025
 2.416	11.005
 2.417	10.956
 2.418	10.938
 2.419	10.899
 2.420	10.895
 2.421	11.003
 2.422	11.089
 2.423	11.140
 2.424	11.171
 2.425	11.186
 2.426	11.148
 2.427	11.076
 2.428	11.087
 2.429	11.070
 2.430	11.037
 2.431	11.051
 2.432	11.017
 2.433	10.947
 2.434	10.911
 2.435	10.944
 2.436	11.012
 2.437	11.023
 2.438	10.971
 2.439	10.942
 2.440	10.889
 2.441	10.865
 2.442	10.927
 2.443	10.967
 2.444	10.943
 2.445	10.912
 2.446	10.937
 2.447	10.921
 2.448	10.929
 2.449	10.961
 2.450	10.937
 2.451	10.949
 2.452	10.921
 2.453	10.911
 2.454	10.970
 2.455	10.976
 2.456	11.019
 2.457	11.106
 2.458	11.014
 2.459	10.954
 2.460	10.967
 2.461	10.817
 2.462	10.860
 2.463	10.969
 2.464	10.912
 2.465	10.998
 2.466	11.142
 2.467	11.138
 2.468	11.146
 2.469	11.190
 2.470	11.218
 2.471	11.371
 2.472	11.328
 2.473	11.145
 2.474	11.047
 2.475	10.745
 2.476	10.662
 2.477	10.800
 2.478	10.825
 2.479	10.930
 2.480	10.994
 2.481	11.006
 2.482	11.008
 2.483	11.048
 2.484	10.964
 2.485	10.818
 2.486	10.937
 2.487	10.888
 2.488	10.899
 2.489	11.280
 2.490	11.320
 2.491	11.277
 2.492	11.416
 2.493	11.384
 2.494	11.504
 2.495	11.688
 2.496	11.681
 2.497	11.719
 2.498	11.508
 2.499	11.406
 2.500	11.545
 2.500	2.4424
 2.501	2.4689
 2.503	2.4676
 2.504	2.5750
 2.505	2.6520
 2.506	2.6225
 2.507	2.5752
 2.509	2.6213
 2.510	2.5956
 2.511	2.6055
 2.512	2.5589
 2.514	2.5204
 2.515	2.4915
 2.516	2.6143
 2.517	2.6294
 2.518	2.5671
 2.520	2.5083
 2.521	2.5427
 2.522	2.5346
 2.523	2.5687
 2.525	2.5589
 2.526	2.5919
 2.527	2.5751
 2.528	2.5984
 2.530	2.5833
 2.531	2.5771
 2.532	2.5121
 2.533	2.5073
 2.534	2.4534
 2.536	2.4858
 2.537	2.5638
 2.538	2.6195
 2.539	2.5191
 2.541	2.4620
 2.542	2.4740
 2.543	2.5378
 2.544	2.4962
 2.546	2.5454
 2.547	2.5768
 2.548	2.5697
 2.549	2.4953
 2.551	2.5115
 2.552	2.5346
 2.553	2.5429
 2.554	2.5051
 2.556	2.5303
 2.557	2.5224
 2.558	2.5441
 2.559	2.5002
 2.561	2.5991
 2.562	2.6519
 2.563	2.6608
 2.565	2.5966
 2.566	2.5907
 2.567	2.5126
 2.568	2.4984
 2.570	2.5029
 2.571	2.5107
 2.572	2.4934
 2.573	2.5024
 2.575	2.4928
 2.576	2.5560
 2.577	2.5695
 2.579	2.5187
 2.580	2.4940
 2.581	2.5383
 2.582	2.5175
 2.584	2.5595
 2.585	2.5303
 2.586	2.5946
 2.588	2.6243
 2.589	2.6299
 2.590	2.5929
 2.591	2.5995
 2.593	2.5972
 2.594	2.6104
 2.595	2.5449
 2.597	2.5153
 2.598	2.5084
 2.599	2.5737
 2.601	2.5783
 2.602	2.5593
 2.603	2.5159
 2.604	2.5751
 2.606	2.5920
 2.607	2.5206
 2.608	2.4485
 2.610	2.4699
 2.611	2.4409
 2.612	2.5285
 2.614	2.5831
 2.615	2.5540
 2.616	2.4937
 2.618	2.4728
 2.619	2.4707
 2.620	2.5159
 2.622	2.4396
 2.623	2.4637
 2.624	2.4970
 2.626	2.5256
 2.627	2.5713
 2.628	2.5720
 2.630	2.5223
 2.631	2.5216
 2.632	2.4604
 2.634	2.5090
 2.635	2.4617
 2.636	2.4633
 2.638	2.4856
 2.639	2.5184
 2.640	2.4595
 2.642	2.4442
 2.643	2.4457
 2.644	2.4825
 2.646	2.4567
 2.647	2.4676
 2.648	2.4324
 2.650	2.4917
 2.651	2.4990
 2.652	2.4565
 2.654	2.4338
 2.655	2.4447
 2.657	2.3671
 2.658	2.3752
 2.659	2.3881
 2.661	2.4405
 2.662	2.4066
 2.663	2.4306
 2.665	2.4317
 2.666	2.4739
 2.667	2.4861
 2.669	2.4707
 2.670	2.4778
 2.672	2.4906
 2.673	2.4606
 2.674	2.4890
 2.676	2.4686
 2.677	2.4682
 2.678	2.4281
 2.680	2.4454
 2.681	2.4249
 2.683	2.4517
 2.684	2.3975
 2.685	2.3857
 2.687	2.3885
 2.688	2.4070
 2.690	2.3900
 2.691	2.4146
 2.692	2.4167
 2.694	2.4327
 2.695	2.3729
 2.697	2.3685
 2.698	2.2782
 2.699	2.3009
 2.701	2.3744
 2.702	2.4004
 2.704	2.3715
 2.705	2.4424
 2.706	2.4291
 2.708	2.3894
 2.709	2.3737
 2.711	2.4149
 2.712	2.3831
 2.713	2.3748
 2.715	2.3391
 2.716	2.3523
 2.718	2.3297
 2.719	2.3121
 2.721	2.3275
 2.722	2.3294
 2.723	2.2380
 2.725	2.2716
 2.726	2.3374
 2.728	2.3754
 2.729	2.3763
 2.731	2.3633
 2.732	2.3245
 2.734	2.3226
 2.735	2.2731
 2.736	2.2766
 2.738	2.2688
 2.739	2.2941
 2.741	2.3084
 2.742	2.3399
 2.744	2.3461
 2.745	2.3541
 2.747	2.3359
 2.748	2.3779
 2.749	2.3116
 2.751	2.3152
 2.752	2.3363
 2.754	2.3694
 2.755	2.3275
 2.757	2.3007
 2.758	2.2643
 2.760	2.2618
 2.761	2.2423
 2.763	2.2988
 2.764	2.3165
 2.766	2.3328
 2.767	2.2459
 2.769	2.2953
 2.770	2.3232
 2.772	2.3341
 2.773	2.2985
 2.774	2.2966
 2.776	2.2493
 2.777	2.2736
 2.779	2.2290
 2.780	2.2966
 2.782	2.2671
 2.783	2.2706
 2.785	2.2901
 2.786	2.3516
 2.788	2.2940
 2.789	2.2380
 2.791	2.1896
 2.792	2.2118
 2.794	2.2360
 2.795	2.3026
 2.797	2.2582
 2.798	2.2372
 2.800	2.3075
 2.801	2.3321
 2.803	2.2376
 2.804	2.1949
 2.806	2.2376
 2.808	2.3253
 2.809	2.2935
 2.811	2.3184
 2.812	2.2465
 2.814	2.2261
 2.815	2.2625
 2.817	2.2910
 2.818	2.2321
 2.820	2.2778
 2.821	2.2524
 2.823	2.2731
 2.824	2.2957
 2.826	2.2666
 2.827	2.2467
 2.829	2.2664
 2.831	2.2094
 2.832	2.2349
 2.834	2.2870
 2.835	2.3051
 2.837	2.1865
 2.838	2.1870
 2.840	2.1929
 2.841	2.2199
 2.843	2.2064
 2.844	2.2412
 2.846	2.2474
 2.848	2.3060
 2.849	2.2950
 2.851	2.2912
 2.852	2.2473
 2.854	2.2403
 2.855	2.2202
 2.857	2.2154
 2.859	2.1685
 2.860	2.1871
 2.862	2.1858
 2.863	2.2334
 2.865	2.1953
 2.866	2.2586
 2.868	2.2565
 2.870	2.2482
 2.871	2.1971
 2.873	2.2511
 2.874	2.2417
 2.876	2.2634
 2.878	2.2312
 2.879	2.2451
 2.881	2.2511
 2.882	2.2326
 2.884	2.1859
 2.886	2.1977
 2.887	2.1634
 2.889	2.2362
 2.890	2.2573
 2.892	2.2695
 2.894	2.2026
 2.895	2.2480
 2.897	2.2271
 2.899	2.2811
 2.900	2.2346
 2.902	2.1778
 2.903	2.1544
 2.905	2.1851
 2.907	2.1838
 2.908	2.2223
 2.910	2.2171
 2.912	2.1769
 2.913	2.1087
 2.915	2.1550
 2.916	2.1686
 2.918	2.1621
 2.920	2.1209
 2.921	2.2156
 2.923	2.2547
 2.925	2.2301
 2.926	2.1407
 2.928	2.0929
 2.930	2.0746
 2.931	2.1773
 2.933	2.1649
 2.935	2.1899
 2.936	2.2040
 2.938	2.2301
 2.940	2.1376
 2.941	2.1274
 2.943	2.1413
 2.945	2.2039
 2.946	2.2536
 2.948	2.2300
 2.950	2.1771
 2.951	2.2364
 2.953	2.1611
 2.955	2.1678
 2.956	2.1525
 2.958	2.1507
 2.960	2.1705
 2.961	2.1968
 2.963	2.1275
 2.965	2.1605
 2.967	2.1495
 2.968	2.1180
 2.970	2.0544
 2.972	2.0682
 2.973	2.1087
 2.975	2.1327
 2.977	2.1192
 2.978	2.1429
 2.980	2.0896
 2.982	2.1509
 2.984	2.1193
 2.985	2.1040
 2.987	2.1123
 2.989	2.1707
 2.990	2.1486
 2.992	2.1670
 2.994	2.1457
 2.996	2.1266
 2.997	2.0852
 2.999	2.1121
 3.001	2.0865
 3.003	2.1109
 3.004	2.0797
 3.006	2.1082
 3.008	2.1544
 3.010	2.1627
 3.011	2.1347
 3.013	2.1592
 3.015	2.1147
 3.017	2.1291
 3.018	2.0784
 3.020	2.0455
 3.022	2.0281
 3.024	2.0665
 3.025	2.0778
 3.027	2.0683
 3.029	2.0676
 3.031	2.1013
 3.032	2.0618
 3.034	2.0696
 3.036	2.0461
 3.038	2.0754
 3.040	2.0793
 3.041	2.1207
 3.043	2.1144
 3.045	2.1119
 3.047	2.0592
 3.048	2.0951
 3.050	2.0806
 3.052	2.0413
 3.054	1.9905
 3.056	2.0451
 3.057	2.0562
 3.059	2.0567
 3.061	1.9977
 3.063	1.9668
 3.065	2.0166
 3.067	2.0961
 3.068	2.0313
 3.070	2.0349
 3.072	2.0449
 3.074	2.0810
 3.076	2.0830
 3.077	2.0614
 3.079	2.0261
 3.081	2.0445
 3.083	2.0202
 3.085	2.0650
 3.087	2.0334
 3.088	1.9998
 3.090	1.9448
 3.092	1.9674
 3.094	1.9673
 3.096	1.9698
 3.098	1.9680
 3.100	2.0157
 3.101	1.9654
 3.103	1.9717
 3.105	2.0034
 3.107	2.0370
 3.109	1.9943
 3.111	1.9471
 3.113	1.9548
 3.114	2.0181
 3.116	1.9532
 3.118	1.9533
 3.120	1.9324
 3.122	1.9329
 3.124	1.9743
 3.126	2.0452
 3.128	2.0252
 3.129	2.0136
 3.131	1.9732
 3.133	1.9918
 3.135	1.9910
 3.137	1.9984
 3.139	1.9749
 3.141	1.9788
 3.143	1.9925
 3.145	1.9996
 3.147	1.9756
 3.148	1.9202
 3.150	1.8986
 3.152	1.9557
 3.154	1.9317
 3.156	1.9001
 3.158	1.8709
 3.160	1.9368
 3.162	1.9482
 3.164	1.9554
 3.166	1.9087
 3.168	1.9109
 3.170	1.9086
 3.172	1.9361
 3.173	1.8744
 3.175	1.8809
 3.177	1.9032
 3.179	1.9189
 3.181	1.9317
 3.183	1.9675
 3.185	1.9356
 3.187	1.9353
 3.189	1.9178
 3.191	1.9385
 3.193	1.9638
 3.195	1.9918
 3.197	1.9824
 3.199	1.9589
 3.201	1.8801
 3.203	1.8751
 3.205	1.9155
 3.207	1.9829
 3.209	1.9603
 3.211	1.9282
 3.213	1.9002
 3.215	1.9131
 3.217	1.8909
 3.219	1.8969
 3.221	1.8900
 3.223	1.8846
 3.225	1.8686
 3.227	1.8959
 3.229	1.9037
 3.231	1.9331
 3.233	1.9172
 3.235	1.8866
 3.237	1.8202
 3.239	1.8525
 3.241	1.8730
 3.243	1.8609
 3.245	1.8115
 3.247	1.8688
 3.249	1.9026
 3.251	1.8954
 3.253	1.8476
 3.255	1.8538
 3.257	1.8622
 3.259	1.8950
 3.261	1.8707
 3.263	1.8871
 3.265	1.8853
 3.267	1.8652
 3.270	1.8410
 3.272	1.8638
 3.274	1.8108
 3.276	1.8125
 3.278	1.8100
 3.280	1.8170
 3.282	1.8273
 3.284	1.8446
 3.286	1.8241
 3.288	1.8738
 3.290	1.8314
 3.292	1.7848
 3.294	1.7838
 3.297	1.8048
 3.299	1.7993
 3.301	1.8107
 3.303	1.7835
 3.305	1.8100
 3.307	1.7864
 3.309	1.7871
 3.311	1.7893
 3.313	1.7743
 3.316	1.7225
 3.318	1.7354
 3.320	1.7197
 3.322	1.7203
 3.324	1.7410
 3.326	1.7692
 3.328	1.7542
 3.330	1.7597
 3.333	1.7245
 3.335	1.7363
 3.337	1.7325
 3.339	1.7442
 3.341	1.6776
 3.343	1.6773
 3.345	1.6845
 3.348	1.6983
 3.350	1.6376
 3.352	1.5860
 3.354	1.5475
 3.356	1.5724
 3.358	1.5540
 3.361	1.5304
 3.363	1.5223
 3.365	1.5223
 3.367	1.4850
 3.369	1.5217
 3.372	1.5370
 3.374	1.5339
 3.376	1.4510
 3.378	1.4515
 3.380	1.4588
 3.383	1.5005
 3.385	1.5384
 3.387	1.5337
 3.389	1.4553
 3.391	1.4310
 3.394	1.3771
 3.396	1.3632
 3.398	1.3287
 3.400	1.3107
 3.403	1.2658
 3.405	1.2367
 3.407	1.2308
 3.409	1.2730
 3.411	1.2617
 3.414	1.2625
 3.416	1.3218
 3.418	1.4694
 3.420	1.6377
 3.423	1.9136
 3.425	2.1255
 3.427	2.2751
 3.430	2.3809
 3.432	2.5133
 3.434	2.5620
 3.436	2.5339
 3.439	2.4624
 3.441	2.4112
 3.443	2.3419
 3.445	2.3216
 3.448	2.2636
 3.450	2.2122
 3.452	2.1749
 3.455	2.1856
 3.457	2.1741
 3.459	2.1749
 3.462	2.1698
 3.464	2.2115
 3.466	2.2028
 3.469	2.1520
 3.471	2.1097
 3.473	2.1077
 3.476	2.0844
 3.478	2.0514
 3.480	1.9945
 3.483	1.9886
 3.485	1.9802
 3.487	1.9475
 3.490	1.8449
 3.492	1.7913
 3.494	1.6966
 3.497	1.6413
 3.499	1.6189
 3.501	1.5930
 3.504	1.5829
 3.506	1.7485
 3.508	2.0804
 3.511	2.4909
 3.513	2.7267
 3.516	2.8462
 3.518	2.8210
 3.520	2.7465
 3.523	2.6616
 3.525	2.6499
 3.528	2.5829
 3.530	2.5468
 3.532	2.4853
 3.535	2.4714
 3.537	2.4254
 3.540	2.3956
 3.542	2.3380
 3.544	2.3746
 3.547	2.3743
 3.549	2.3433
 3.552	2.3088
 3.554	2.3242
 3.557	2.2977
 3.559	2.2894
 3.561	2.2844
 3.564	2.2782
 3.566	2.2767
 3.569	2.2831
 3.571	2.2594
 3.574	2.2567
 3.576	2.2322
 3.579	2.2278
 3.581	2.2315
 3.584	2.2480
 3.586	2.2275
 3.589	2.2339
 3.591	2.2141
 3.594	2.2236
 3.596	2.1874
 3.599	2.1680
 3.601	2.1661
 3.604	2.1977
 3.606	2.2098
 3.609	2.2033
 3.611	2.1517
 3.614	2.1312
 3.616	2.1518
 3.619	2.1537
 3.621	2.1285
 3.624	2.1480
 3.626	2.1437
 3.629	2.1234
 3.631	2.1303
 3.634	2.1458
 3.636	2.1103
 3.639	2.1638
 3.641	2.1693
 3.644	2.1663
 3.647	2.1695
 3.649	2.1582
 3.652	2.1330
 3.654	2.1265
 3.657	2.0984
 3.659	2.1176
 3.662	2.0991
 3.665	2.0868
 3.667	2.0907
 3.670	2.1099
 3.672	2.1067
 3.675	2.1139
 3.678	2.0848
 3.680	2.0999
 3.683	2.1191
 3.685	2.1231
 3.688	2.1285
 3.691	2.1889
 3.693	2.1524
 3.696	2.1110
 3.699	2.1159
 3.701	2.1387
 3.704	2.1211
 3.707	2.1122
 3.709	2.0841
 3.712	2.0998
 3.715	2.0722
 3.717	2.0752
 3.720	2.1058
 3.723	2.1378
 3.725	2.1189
 3.728	2.0861
 3.731	2.0946
 3.733	2.1070
 3.736	2.0710
 3.739	2.0854
 3.741	2.0571
 3.744	2.0551
 3.747	2.0901
 3.749	2.1171
 3.752	2.0601
 3.755	2.0343
 3.758	2.0350
 3.760	2.0696
 3.763	2.0801
 3.766	2.0702
 3.769	2.0334
 3.771	2.0503
 3.774	2.0543
 3.777	2.0816
 3.779	2.1105
 3.782	2.1064
 3.785	2.0705
 3.788	2.0897
 3.791	2.0802
 3.793	2.0422
 3.796	2.0264
 3.799	2.0839
 3.802	2.0733
 3.804	2.0727
 3.807	2.0745
 3.810	2.0827
 3.813	2.0797
 3.816	2.0550
 3.818	2.0508
 3.821	2.0936
 3.824	2.0779
 3.827	2.0593
 3.830	2.0634
 3.833	2.0830
 3.835	2.0597
 3.838	2.0748
 3.841	2.0633
 3.844	2.0632
 3.847	2.0453
 3.850	2.0286
 3.852	2.0137
 3.855	2.0361
 3.858	2.0565
 3.861	2.0715
 3.864	2.0523
 3.867	2.0411
 3.870	2.0217
 3.873	2.0510
 3.876	2.0700
 3.878	2.0679
 3.881	2.0320
 3.884	2.0223
 3.887	2.0209
 3.890	2.0523
 3.893	2.0440
 3.896	2.0554
 3.899	2.0518
 3.902	2.0598
 3.905	2.0439
 3.908	2.0301
 3.911	2.0344
 3.914	2.0481
 3.917	2.0444
 3.919	2.0656
 3.922	2.0632
 3.925	2.0608
 3.928	2.0293
 3.931	2.0626
 3.934	2.0726
 3.937	2.0586
 3.940	2.0117
 3.943	2.0195
 3.946	2.0323
 3.949	2.0487
 3.952	2.0194
 3.955	2.0150
 3.958	2.0194
 3.961	2.0382
 3.964	2.0365
 3.967	2.0090
 3.970	1.9926
 3.974	2.0066
 3.977	1.9809
 3.980	2.0256
 3.983	2.0317
 3.986	2.0214
 3.989	2.0142
 3.992	1.9917
 3.995	1.9646
 3.998	1.9842
 4.001	1.9981
 4.004	1.9972
 4.007	1.9970
 4.010	2.0052
 4.014	2.0122
 4.017	2.0318
 4.020	2.0079
 4.023	1.9949
 4.026	1.9807
 4.029	2.0003
 4.032	1.9952
 4.035	1.9710
 4.039	1.9783
 4.042	1.9988
 4.045	1.9873
 4.048	1.9592
 4.051	1.9340
 4.054	1.9470
 4.057	1.9705
 4.061	2.0131
 4.064	2.0097
 4.067	1.9872
 4.070	1.9526
 4.073	1.9548
 4.077	1.9571
 4.080	1.9654
 4.083	1.9484
 4.086	1.9699
 4.089	1.9577
 4.093	1.9745
 4.096	2.0098
 4.099	2.0169
 4.102	1.9886
 4.106	1.9897
 4.109	1.9797
 4.112	1.9851
 4.115	1.9748
 4.119	1.9551
 4.122	1.9637
 4.125	1.9727
 4.129	1.9395
 4.132	1.9117
 4.135	1.9467
 4.138	1.9898
 4.142	2.0029
 4.145	2.0025
 4.148	1.9893
 4.152	1.9924
 4.155	1.9653
 4.158	1.9352
 4.162	1.9255
 4.165	1.9520
 4.168	1.9827
 4.172	1.9796
 4.175	1.9679
 4.178	1.9631
 4.182	1.9509
 4.185	1.9603
 4.189	1.9464
 4.192	1.9511
 4.195	1.9708
 4.199	1.9901
 4.202	2.0100
 4.206	2.0457
 4.209	2.0437
 4.212	2.0276
 4.216	2.0379
 4.219	2.0528
 4.223	1.9574
 4.226	1.9291
 4.230	2.0465
 4.233	2.1408
 4.236	2.1048
 4.240	2.0563
 4.243	2.0101
 4.247	2.0338
 4.250	2.0808
 4.254	2.0625
 4.257	2.0763
 4.261	2.0812
 4.264	2.0605
 4.268	2.1157
 4.271	2.0907
 4.275	2.0773
 4.278	2.1022
 4.282	2.0989
 4.285	2.0362
 4.289	2.0281
 4.293	2.0141
 4.296	2.0528
 4.300	2.0575
 4.303	1.9822
 4.307	1.9613
 4.310	2.0098
 4.314	1.9816
 4.318	1.9549
 4.321	1.9467
 4.325	1.9277
 4.328	1.9142
 4.332	1.9590
 4.336	1.9897
 4.339	1.9623
 4.343	1.9150
 4.347	1.8975
 4.350	1.8966
 4.354	1.9064
 4.358	1.8984
 4.361	1.9227
 4.365	1.9229
 4.369	1.9256
 4.372	1.9167
 4.376	1.8782
 4.380	1.8478
 4.383	1.8762
 4.387	1.9118
 4.391	1.9241
 4.394	1.9201
 4.398	1.9378
 4.402	1.9469
 4.406	1.9213
 4.409	1.9196
 4.413	1.9093
 4.417	1.8908
 4.421	1.9197
 4.424	1.9193
 4.428	1.9042
 4.432	1.8934
 4.436	1.8954
 4.440	1.9021
 4.443	1.8997
 4.447	1.9112
 4.451	1.9077
 4.455	1.8947
 4.459	1.9052
 4.463	1.9388
 4.466	1.9657
 4.470	1.9521
 4.474	1.9072
 4.478	1.8829
 4.482	1.9208
 4.486	1.9506
 4.490	1.9011
 4.493	1.8883
 4.497	1.9129
 4.501	1.9171
 4.505	1.9145
 4.509	1.9206
 4.513	1.9234
 4.517	1.9226
 4.521	1.8789
 4.525	1.8666
 4.529	1.8654
 4.533	1.8715
 4.537	1.9018
 4.541	1.9245
 4.545	1.8958
 4.549	1.8828
 4.553	1.8882
 4.557	1.9060
 4.561	1.8967
 4.565	1.8727
 4.569	1.8514
 4.573	1.8972
 4.577	1.9067
 4.581	1.8716
 4.585	1.8586
 4.589	1.8806
 4.593	1.8929
 4.597	1.9334
 4.601	1.9552
 4.605	1.9618
 4.609	1.9423
 4.613	1.8881
 4.617	1.8712
 4.622	1.8847
 4.626	1.9175
 4.630	1.9237
 4.634	1.9047
 4.638	1.8868
 4.642	1.8873
 4.646	1.9269
 4.651	1.9524
 4.655	1.9409
 4.659	1.9096
 4.663	1.9137
 4.667	1.9296
 4.672	1.9115
 4.676	1.9135
 4.680	1.9230
 4.684	1.9060
 4.688	1.9031
 4.693	1.9041
 4.697	1.9107
 4.701	1.9005
 4.705	1.8885
 4.710	1.9158
 4.714	1.9230
 4.718	1.9289
 4.723	1.9393
 4.727	1.9401
 4.731	1.9428
 4.736	1.9318
 4.740	1.9223
 4.744	1.9084
 4.749	1.9154
 4.753	1.9374
 4.757	1.9502
 4.762	1.9172
 4.766	1.8901
 4.770	1.9025
 4.775	1.9421
 4.779	1.9401
 4.784	1.9038
 4.788	1.9287
 4.792	1.9637
 4.797	1.9633
 4.801	1.9471
 4.806	1.9535
 4.810	1.9311
 4.815	1.8769
 4.819	1.8858
 4.824	1.9172
 4.828	1.9057
 4.833	1.8955
 4.837	1.9227
 4.842	1.9204
 4.846	1.9447
 4.851	1.9562
 4.855	1.9594
 4.860	1.9595
 4.864	1.9607
 4.869	1.9581
 4.874	1.9464
 4.878	1.9277
 4.883	1.9419
 4.887	1.9454
 4.892	1.9279
 4.897	1.9173
 4.901	1.9199
 4.906	1.9291
 4.910	1.9258
 4.915	1.9600
 4.920	1.9804
 4.924	1.9526
 4.929	1.9379
 4.934	1.9099
 4.939	1.9340
 4.943	1.9819
 4.948	1.9536
 4.953	1.9258
 4.957	1.9665
 4.962	1.9747
 4.967	1.9686
 4.972	1.9684
 4.976	1.9690
 4.981	1.9783
 4.986	1.9742
 4.991	1.9546
 4.996	1.9499
 5.000	1.9315
 5.005	1.9345
 5.010	1.9643
 5.015	2.0053
 5.020	1.9860
 5.025	1.9659
 5.030	1.9769
 5.034	1.9936
 5.039	1.9629
 5.044	1.9697
 5.049	2.0127
 5.054	2.0254
 5.059	2.0178
 5.064	2.0019
 5.069	1.9499
 5.074	1.9621
 5.079	2.0041
 5.084	1.9963
 5.089	2.0075
 5.094	2.0300
 5.099	2.0008
 5.104	2.0060
 5.109	2.0321
 5.114	2.0295
 5.119	1.9931
 5.124	1.9742
 5.129	1.9848
 5.134	2.0119
 5.139	2.0043
 5.144	2.0161
 5.149	2.0097
 5.155	2.0007
 5.160	1.9880
 5.165	1.9761
 5.170	1.9970
 5.175	2.0398
 5.180	2.0314
 5.185	2.0173
 5.191	2.0081
 5.196	2.0399
 5.201	2.0509
 5.206	2.0409
 5.211	1.9987
 5.217	1.9824
 5.222	1.9751
 5.227	1.9856
 5.233	1.9780
 5.238	1.9686
 5.243	1.9739
 5.248	2.0259
 5.254	2.0560
 5.259	2.0682
 5.264	2.0859
 5.270	2.0873
 5.275	2.0298
 5.280	2.0229
 5.286	2.0201
 5.291	2.0012
 5.297	1.9882
 5.302	2.0364
 5.308	2.0561
 5.313	2.0402
 5.318	2.0366
 5.324	2.0476
 5.329	2.0352
 5.335	2.0246
 5.340	2.0185
 5.346	2.0328
 5.351	2.0386
 5.357	2.0739
 5.362	2.0461
 5.368	2.0195
 5.374	2.0044
 5.379	2.0127
 5.385	2.0203
 5.390	2.0279
 5.396	2.0101
 5.401	2.0197
 5.407	2.0357
 5.413	2.0838
 5.418	2.0470
 5.424	2.0242
 5.430	2.0046
 5.435	1.9981
 5.441	2.0399
 5.447	2.0645
 5.453	2.0468
 5.458	2.0520
 5.464	2.0333
 5.470	2.0228
 5.476	1.9925
 5.481	1.9873
 5.487	1.9953
 5.493	2.0238
 5.499	1.9899
 5.505	2.0011
 5.511	1.9880
 5.516	1.9968
 5.522	2.0041
 5.528	2.0082
 5.534	1.9615
 5.540	1.9861
 5.546	1.9784
 5.552	1.9682
 5.558	1.9748
 5.564	1.9480
 5.570	1.9152
 5.576	1.9455
 5.582	1.9424
 5.588	1.9380
 5.594	1.9049
 5.600	1.9475
 5.606	1.9695
 5.612	1.9229
 5.618	1.8860
 5.624	1.8849
 5.630	1.8794
 5.636	1.9077
 5.642	1.8931
 5.649	1.8951
 5.655	1.8756
 5.661	1.8965
 5.667	1.8900
 5.673	1.8693
 5.680	1.8283
 5.686	1.8177
 5.692	1.7798
 5.698	1.7725
 5.705	1.7545
 5.711	1.7526
 5.717	1.6896
 5.723	1.6340
 5.730	1.5483
 5.736	1.5287
 5.742	1.5072
 5.749	1.5574
 5.755	1.6203
 5.762	1.7010
 5.768	1.6903
 5.774	1.6875
 5.781	1.6909
 5.787	1.7233
 5.794	1.6769
 5.800	1.7103
 5.807	1.7238
 5.813	1.7587
 5.820	1.8096
 5.826	1.8593
 5.833	1.8691
 5.839	1.9016
 5.846	1.8695
 5.853	1.9142
 5.859	1.9519
 5.866	1.9855
 5.873	1.9824
 5.879	2.0013
 5.886	2.0136
 5.893	2.0991
 5.899	2.1512
 5.906	2.1598
 5.913	2.1215
 5.919	2.0939
 5.926	2.1053
 5.933	2.1625
 5.940	2.1584
 5.947	2.1510
 5.953	2.0744
 5.960	2.0951
 5.967	2.1256
 5.974	2.1307
 5.981	2.0782
 5.988	2.1015
 5.995	2.0890
 6.002	2.0692
 6.009	2.0034
 6.016	1.9949
 6.023	1.9917
 6.030	2.0352
 6.037	2.0120
 6.044	2.0123
 6.051	1.9765
 6.058	1.9909
 6.065	1.9706
 6.072	1.9732
 6.079	1.9959
 6.086	2.0851
 6.093	2.0257
 6.101	1.9909
 6.108	1.9663
 6.115	1.9826
 6.122	1.9251
 6.129	1.9727
 6.137	1.9736
 6.144	1.9634
 6.151	1.9238
 6.158	1.9431
 6.166	1.9166
 6.173	1.9392
 6.180	1.9574
 6.188	1.9632
 6.195	1.9218
 6.203	1.9166
 6.210	1.8746
 6.218	1.9434
 6.225	1.9373
 6.232	1.9369
 6.240	1.9149
 6.248	1.9417
 6.255	1.9173
 6.263	1.9016
 6.270	1.8834
 6.278	1.9080
 6.285	1.8919
 6.293	1.9285
 6.301	1.8709
 6.308	1.8744
 6.316	1.8109
 6.324	1.8225
 6.331	1.8275
 6.339	1.8877
 6.347	1.9291
 6.355	1.9369
 6.362	1.8995
 6.370	1.9036
 6.378	1.8889
 6.386	1.9344
 6.394	1.8505
 6.402	1.8621
 6.410	1.8744
 6.418	1.8884
 6.426	1.8552
 6.434	1.9190
 6.442	1.8952
 6.450	1.8695
 6.458	1.8467
 6.466	1.9145
 6.474	1.9059
 6.482	1.9154
 6.490	1.8994
 6.498	1.8759
 6.506	1.8154
 6.514	1.8359
 6.523	1.8081
 6.531	1.8479
 6.539	1.8501
 6.547	1.8713
 6.556	1.8410
 6.564	1.8675
 6.572	1.9294
 6.580	1.9738
 6.589	1.9014
 6.597	1.8979
 6.606	1.8289
 6.614	1.8510
 6.623	1.8520
 6.631	1.8834
 6.639	1.8991
 6.648	1.9102
 6.657	1.8601
 6.665	1.8984
 6.674	1.8745
 6.682	1.8644
 6.691	1.8082
 6.700	1.8167
 6.708	1.7935
 6.717	1.8070
 6.726	1.7742
 6.734	1.8330
 6.743	1.7966
 6.752	1.7737
 6.761	1.6700
 6.769	1.6606
 6.778	1.6842
 6.787	1.8746
 6.796	1.9153
 6.805	1.8149
 6.814	1.7374
 6.823	1.8405
 6.832	2.0307
 6.841	2.2709
 6.850	2.1818
 6.859	2.0831
 6.868	2.0188
 6.877	2.0230
 6.886	1.9760
 6.896	1.9910
 6.905	1.9132
 6.914	1.8731
 6.923	1.8294
 6.932	1.8778
 6.942	1.8708
 6.951	1.9379
 6.960	1.9066
 6.970	1.8762
 6.979	1.8241
 6.988	1.8283
 6.998	1.8091
 7.007	1.8361
 7.017	1.8028
 7.026	1.8054
 7.036	1.7510
 7.045	1.7871
 7.055	1.7740
 7.065	1.7936
 7.074	1.7498
 7.084	1.7865
 7.094	1.7794
 7.103	1.8526
 7.113	1.8529
 7.123	1.8943
 7.133	1.8482
 7.142	1.8396
 7.152	1.7948
 7.162	1.8543
 7.172	1.8063
 7.182	1.7757
 7.192	1.7258
 7.202	1.7581
 7.212	1.7484
 7.222	1.7815
 7.232	1.7498
 7.242	1.8043
 7.252	1.8196
 7.262	1.8843
 7.273	1.8435
 7.283	1.7938
 7.293	1.7236
 7.303	1.7495
 7.314	1.7246
 7.324	1.7555
 7.334	1.7452
 7.345	1.8008
 7.355	1.7574
 7.366	1.7837
 7.376	1.7699
 7.387	1.7920
 7.397	1.7115
 7.408	1.7158
 7.418	1.7019
 7.429	1.7638
 7.440	1.7600
 7.450	1.7750
 7.461	1.7074
 7.472	1.7212
 7.483	1.6842
 7.493	1.7214
 7.504	1.7201
 7.515	1.7566
 7.526	1.7179
 7.537	1.7945
 7.548	1.7798
 7.559	1.8007
 7.570	1.6931
 7.581	1.6961
 7.592	1.6972
 7.603	1.7340
 7.614	1.6917
 7.626	1.7571
 7.637	1.7124
 7.648	1.7124
 7.659	1.6980
 7.671	1.7307
 7.682	1.7046
 7.694	1.7493
 7.705	1.6891
 7.716	1.7199
 7.728	1.7036
 7.739	1.7014
 7.751	1.6436
 7.763	1.6975
 7.774	1.6856
 7.786	1.7213
 7.798	1.6568
 7.809	1.6816
 7.821	1.6319
 7.833	1.6609
 7.845	1.6600
 7.857	1.7076
 7.869	1.6376
 7.881	1.6594
 7.893	1.6485
 7.905	1.6990
 7.917	1.6270
 7.929	1.6460
 7.941	1.6046
 7.953	1.6340
 7.965	1.6105
 7.978	1.6908
 7.990	1.6314
 8.002	1.6202
 8.015	1.5966
 8.027	1.7052
 8.039	1.6349
 8.052	1.7099
 8.064	1.7430
 8.077	1.7515
 8.090	1.6405
 8.102	1.7069
 8.115	1.7189
 8.128	1.7771
 8.140	1.6843
 8.153	1.7495
 8.166	1.6507
 8.179	1.6582
 8.192	1.6106
 8.205	1.7080
 8.218	1.6801
 8.231	1.7029
 8.244	1.6429
 8.257	1.7744
 8.270	1.7514
 8.283	1.7220
 8.297	1.5547
 8.310	1.6131
 8.323	1.6028
 8.337	1.6201
 8.350	1.4860
 8.364	1.5927
 8.377	1.6011
 8.391	1.6980
 8.404	1.6159
 8.418	1.5758
 8.432	1.5285
 8.445	1.6752
 8.459	1.6127
 8.473	1.6234
 8.487	1.5571
 8.501	1.6716
 8.515	1.7092
 8.529	1.8042
 8.543	1.7341
 8.557	1.7459
 8.571	1.6918
 8.585	1.7771
 8.599	1.7447
 8.614	1.8377
 8.628	1.7141
 8.642	1.7558
 8.657	1.7624
 8.671	1.9125
 8.686	1.8267
 8.700	1.9015
 8.715	1.9218
 8.730	1.9609
 8.744	1.8245
 8.759	1.8915
 8.774	1.8354
 8.789	1.9130
 8.804	1.8083
 8.819	1.8434
 8.834	1.8269
 8.849	1.8051
 8.864	1.7101
 8.879	1.8863
 8.894	1.8192
 8.910	1.9032
 8.925	1.8697
 8.940	1.9867
 8.956	1.9451
 8.971	2.0030
 8.987	1.8677
 9.002	1.8988
 9.018	1.8320
 9.034	1.9970
 9.050	2.0099
 9.065	2.0675
 9.081	2.0217
 9.097	2.0997
 9.113	1.9518
 9.129	1.9697
 9.145	1.8702
 9.162	1.9535
 9.178	1.8809
 9.194	1.9565
 9.210	1.8865
 9.227	1.9600
 9.243	1.9215
 9.260	2.0150
 9.276	1.9765
 9.293	2.0806
 9.310	2.0352
 9.326	2.1262
 9.343	2.0162
 9.360	2.0811
 9.377	2.0671
 9.394	2.2136
 9.411	2.1455
 9.428	2.1705
 9.445	2.0906
 9.462	2.2184
 9.480	2.1917
 9.497	2.3013
 9.515	2.2946
 9.532	2.4054
 9.550	2.2295
 9.567	2.2638
 9.585	2.2124
 9.603	2.3070
 9.620	2.2635
 9.638	2.3815
 9.656	2.3195
 9.674	2.3933
 9.692	2.3605
 9.711	2.5115
 9.729	2.4503
 9.747	2.5539
 9.765	2.5033
 9.784	2.5781
 9.802	2.5004
 9.821	2.5701
 9.839	2.5523
 9.858	2.6555
 9.877	2.5898
 9.896	2.6103
 9.915	2.5241
 9.934	2.6271
 9.953	2.5629
 9.972	2.6615
 9.991	2.5319
10.010	2.4496
10.030	2.3460
10.049	2.4733
10.069	2.4135
10.088	2.5064
10.108	2.3869
10.128	2.3769
10.148	2.2582
10.167	2.3254
10.187	2.2468
10.207	2.3127
10.228	2.2156
10.248	2.2775
10.268	2.1737
10.289	2.2456
10.309	2.1775
10.330	2.2234
10.350	2.1786
10.371	2.3004
10.392	2.2982
10.412	2.4347
10.433	2.3725
10.454	2.4351
10.476	2.2758
10.497	2.3251
10.518	2.2114
10.539	2.2136
10.561	2.1145
10.582	2.1600
10.604	2.0579
10.626	2.1305
10.648	2.0751
10.670	2.1811
10.692	2.0453
10.714	2.0034
10.736	1.9442
10.758	2.0798
10.780	1.9585
10.803	2.0500
10.825	2.0261
10.848	2.1585
10.871	2.0685
10.894	2.1643
10.917	2.1005
10.940	2.1549
10.963	2.0375
10.986	2.0770
11.009	1.9849
11.033	2.1135
11.056	2.0151
11.080	2.1342
11.104	2.0681
11.127	2.1243
11.151	1.9785
11.175	2.0810
11.200	2.0116
11.224	2.1253
11.248	2.0944
11.273	2.2613
11.297	2.1208
11.322	2.1124
11.347	2.0594
11.372	2.2532
11.397	2.1567
11.422	2.2540
11.447	2.1529
11.472	2.2492
11.498	2.1220
11.523	2.1790
11.549	2.1204
11.575	2.2649
11.600	2.1789
11.626	2.2964
11.653	2.1856
11.679	2.2993
11.705	2.1751
11.732	2.2730
11.758	2.2349
11.785	2.3763
11.812	2.2121
11.839	2.3931
11.866	2.3905
11.893	2.5526
11.920	2.4165
11.948	2.5124
11.976	2.4100
12.003	2.5655
12.031	2.4492
12.059	2.5807
12.087	2.4872
12.115	2.5642
12.144	2.4164
12.172	2.6302
12.201	2.5669
12.230	2.7060
12.259	2.6438
12.288	2.7950
12.317	2.6919
12.346	2.8594
12.376	2.8052
12.405	3.0086
12.435	2.8957
12.465	3.0201
12.495	2.8872
12.525	3.0150
12.555	2.9408
12.586	3.1185
12.617	3.0371
12.647	3.2263
12.678	3.1615
12.709	3.2553
12.741	3.1501
12.772	3.3252
12.803	3.1786
12.835	3.3488
12.867	3.2324
12.899	3.3283
12.931	3.2153
12.964	3.3502
12.996	3.2284
13.029	3.3788
13.061	3.2858
13.094	3.4186
13.128	3.2499
13.161	3.5024
13.194	3.3701
13.228	3.3684
13.262	3.2573
13.296	3.4164
13.330	3.3304
13.364	3.6004
13.399	3.4177
13.434	3.5496
13.469	3.4685
13.504	3.6279
13.539	3.3812
13.574	3.5657
13.610	3.4884
13.646	3.6360
13.682	3.5321
13.718	3.8133
13.754	3.7007
13.791	3.8568
13.828	3.6730
13.865	3.9315
13.902	4.0543
13.939	4.3503
13.977	4.0966
14.015	4.1999
14.053	4.0045
14.091	4.1951
14.129	4.0074
14.168	4.2242
14.207	4.0159
14.246	4.2297
14.285	4.1037
14.324	4.3299
14.364	4.0868
14.404	4.2908
14.444	4.0376
14.484	4.2539
14.525	4.0384
14.566	4.2517
14.607	3.9969
14.648	4.1008
14.690	3.7326
14.731	4.0528
14.773	3.8379
14.815	4.1910
14.858	4.0493
14.901	4.3235
14.944	3.9994
14.987	4.3221
15.030	3.9496
15.074	4.1775
15.118	3.7498
15.162	4.0634
15.206	3.7839
15.251	4.2128
15.296	3.9513
15.341	4.3686
15.387	0

