Name: Portulacaria afra 'Low Form'
Type: vegetation
Class: Shrub
Genus: Portulacaria
Species: afra 'Low Form'
Sample No.: JPL065
Owner: JPL
Wavelength Range: All
Origin: 34.1269; - 118.11013; WGS84
Collection Date: 2/2/2016
Description: Samples were collected at the Huntington Garden in San
Marino California as part of a JPL Subcontract studying HyTES imagery.
Samples were taken to JPL and processed within 48 hours of collection.
The same leaves were processed in the Nicolet and then measured using
the ASD.
 
Measurement: Bidirectional and directional hemispherical reflectance
First Column: X
Second Column: Y
X Units: Wavelength (micrometer)
Y Units: Reflectance (percentage)
First X Value: 0.35
Last X Value: 15.3869
Number of X Values: 3889
Additional Information: 

0.35   5.46356
0.351   5.57309
0.352   4.65794
0.353   4.08637
0.354   4.65096
0.355   4.29971
0.356   4.76648
0.357   5.40692
0.358   4.75164
0.359   5.12725
0.36   5.53949
0.361   5.42597
0.362   5.31535
0.363   5.08903
0.364   4.79125
0.365   4.54293
0.366   4.71985
0.367   4.94438
0.368   4.91516
0.369   4.47034
0.37   4.13033
0.371   4.19316
0.372   4.56208
0.373   4.49670
0.374   4.65642
0.375   4.84519
0.376   4.78478
0.377   5.09190
0.378   5.13428
0.379   4.68452
0.38   3.98746
0.381   4.32493
0.382   4.70607
0.383   4.43648
0.384   4.22014
0.385   4.69212
0.386   5.22306
0.387   4.94357
0.388   4.61909
0.389   4.46372
0.39   4.55787
0.391   4.88979
0.392   5.00147
0.393   5.03497
0.394   5.13573
0.395   5.14334
0.396   4.77142
0.397   4.40172
0.398   4.60610
0.399   4.73732
0.4   4.99964
0.401   5.26717
0.402   4.90383
0.403   4.59550
0.404   4.62289
0.405   5.01157
0.406   5.45793
0.407   5.46646
0.408   5.18884
0.409   5.16176
0.41   5.09674
0.411   5.13829
0.412   5.31661
0.413   5.38356
0.414   5.36517
0.415   5.32588
0.416   5.32243
0.417   5.24573
0.418   5.29306
0.419   5.50774
0.42   5.76907
0.421   5.75980
0.422   5.57749
0.423   5.42333
0.424   5.54111
0.425   5.73525
0.426   5.88348
0.427   5.91844
0.428   5.93968
0.429   5.93426
0.43   5.92944
0.431   6.02142
0.432   6.13056
0.433   6.18964
0.434   6.17816
0.435   6.21406
0.436   6.24626
0.437   6.25218
0.438   6.24087
0.439   6.33832
0.44   6.42273
0.441   6.42987
0.442   6.52712
0.443   6.50804
0.444   6.41404
0.445   6.38214
0.446   6.46462
0.447   6.63806
0.448   6.76774
0.449   6.60809
0.45   6.50830
0.451   6.57522
0.452   6.76762
0.453   6.80436
0.454   6.75202
0.455   6.71938
0.456   6.81564
0.457   6.84378
0.458   6.85697
0.459   6.88509
0.46   6.84435
0.461   6.89708
0.462   6.92386
0.463   6.79837
0.464   6.90102
0.465   6.93366
0.466   6.86065
0.467   6.93497
0.468   6.93940
0.469   6.92100
0.47   6.94510
0.471   6.97970
0.472   6.96604
0.473   6.93750
0.474   6.96563
0.475   6.97121
0.476   6.93730
0.477   6.89653
0.478   6.94977
0.479   6.98267
0.48   6.98652
0.481   6.98214
0.482   6.95917
0.483   6.97694
0.484   7.02545
0.485   7.03711
0.486   7.08142
0.487   7.10163
0.488   7.07311
0.489   7.10967
0.49   7.11887
0.491   7.12824
0.492   7.19869
0.493   7.17885
0.494   7.18356
0.495   7.26839
0.496   7.37017
0.497   7.44160
0.498   7.48832
0.499   7.53333
0.5   7.58691
0.501   7.66296
0.502   7.74377
0.503   7.79334
0.504   7.90952
0.505   8.01209
0.506   8.06390
0.507   8.19479
0.508   8.34484
0.509   8.49393
0.51   8.64076
0.511   8.79902
0.512   8.94697
0.513   9.09645
0.514   9.30857
0.515   9.49856
0.516   9.68643
0.517   9.90668
0.518   10.1388
0.519   10.3720
0.52   10.5875
0.521   10.7687
0.522   11.0165
0.523   11.2564
0.524   11.4482
0.525   11.6853
0.526   11.9339
0.527   12.1680
0.528   12.3646
0.529   12.5223
0.53   12.6757
0.531   12.8391
0.532   13.0005
0.533   13.1341
0.534   13.2525
0.535   13.3740
0.536   13.4971
0.537   13.5979
0.538   13.6689
0.539   13.7203
0.54   13.8122
0.541   13.9334
0.542   14.0547
0.543   14.1434
0.544   14.1949
0.545   14.2161
0.546   14.2207
0.547   14.2305
0.548   14.2129
0.549   14.1843
0.55   14.2270
0.551   14.2382
0.552   14.2141
0.553   14.1786
0.554   14.1570
0.555   14.1274
0.556   14.0844
0.557   14.0347
0.558   13.9663
0.559   13.8760
0.56   13.7741
0.561   13.6986
0.562   13.6240
0.563   13.5294
0.564   13.4069
0.565   13.3133
0.566   13.2168
0.567   13.0970
0.568   12.9548
0.569   12.8210
0.57   12.6881
0.571   12.5443
0.572   12.4000
0.573   12.2614
0.574   12.1227
0.575   11.9747
0.576   11.8697
0.577   11.7880
0.578   11.7086
0.579   11.6315
0.58   11.5542
0.581   11.4748
0.582   11.3947
0.583   11.3274
0.584   11.2761
0.585   11.2326
0.586   11.1796
0.587   11.1223
0.588   11.0784
0.589   11.0514
0.59   10.9932
0.591   10.9439
0.592   10.9064
0.593   10.8640
0.594   10.8365
0.595   10.8143
0.596   10.7883
0.597   10.7547
0.598   10.7512
0.599   10.7584
0.6   10.7455
0.601   10.7264
0.602   10.6857
0.603   10.6260
0.604   10.5681
0.605   10.5206
0.606   10.4794
0.607   10.4288
0.608   10.3254
0.609   10.2494
0.61   10.2116
0.611   10.1821
0.612   10.1212
0.613   10.0262
0.614   9.91063
0.615   9.80648
0.616   9.71306
0.617   9.63478
0.618   9.57706
0.619   9.55117
0.62   9.50536
0.621   9.44069
0.622   9.39933
0.623   9.37959
0.624   9.35563
0.625   9.31943
0.626   9.31189
0.627   9.30126
0.628   9.28746
0.629   9.28285
0.63   9.30020
0.631   9.30124
0.632   9.28383
0.633   9.28836
0.634   9.27401
0.635   9.24395
0.636   9.21010
0.637   9.17810
0.638   9.14590
0.639   9.10109
0.64   9.02940
0.641   8.95376
0.642   8.88408
0.643   8.81869
0.644   8.74021
0.645   8.66891
0.646   8.60157
0.647   8.53125
0.648   8.46558
0.649   8.40950
0.65   8.36125
0.651   8.31305
0.652   8.25311
0.653   8.21082
0.654   8.19655
0.655   8.17047
0.656   8.09358
0.657   7.99715
0.658   7.93338
0.659   7.88127
0.66   7.81734
0.661   7.73621
0.662   7.65248
0.663   7.57428
0.664   7.50480
0.665   7.44524
0.666   7.39873
0.667   7.35419
0.668   7.30942
0.669   7.26911
0.67   7.24719
0.671   7.23518
0.672   7.22571
0.673   7.21628
0.674   7.21887
0.675   7.22378
0.676   7.22493
0.677   7.25018
0.678   7.27875
0.679   7.31161
0.68   7.36339
0.681   7.42939
0.682   7.50219
0.683   7.58067
0.684   7.67370
0.685   7.79137
0.686   7.93185
0.687   8.09170
0.688   8.28014
0.689   8.51372
0.69   8.79413
0.691   9.11154
0.692   9.46110
0.693   9.87438
0.694   10.3617
0.695   10.8813
0.696   11.4426
0.697   12.0556
0.698   12.7251
0.699   13.4361
0.7   14.1658
0.701   14.9115
0.702   15.6907
0.703   16.4967
0.704   17.3134
0.705   18.1310
0.706   18.9557
0.707   19.7900
0.708   20.6319
0.709   21.4769
0.71   22.3054
0.711   23.1427
0.712   23.9948
0.713   24.8474
0.714   25.6861
0.715   26.5255
0.716   27.3733
0.717   28.2110
0.718   29.0352
0.719   29.8482
0.72   30.6558
0.721   31.4673
0.722   32.2323
0.723   32.9539
0.724   33.6901
0.725   34.3986
0.726   35.0692
0.727   35.7022
0.728   36.3046
0.729   36.8823
0.73   37.4313
0.731   37.9442
0.732   38.4318
0.733   38.8838
0.734   39.3023
0.735   39.7028
0.736   40.0715
0.737   40.4144
0.738   40.7373
0.739   41.0405
0.74   41.3212
0.741   41.5800
0.742   41.8191
0.743   42.0434
0.744   42.2488
0.745   42.4310
0.746   42.5877
0.747   42.7362
0.748   42.8793
0.749   43.0117
0.75   43.1178
0.751   43.2096
0.752   43.2940
0.753   43.3742
0.754   43.4435
0.755   43.5078
0.756   43.5669
0.757   43.6166
0.758   43.6642
0.759   43.7152
0.76   43.7647
0.761   43.7914
0.762   43.8201
0.763   43.8501
0.764   43.8739
0.765   43.8904
0.766   43.9094
0.767   43.9317
0.768   43.9522
0.769   43.9694
0.77   43.9834
0.771   43.9912
0.772   43.9854
0.773   43.9896
0.774   44.0013
0.775   44.0140
0.776   44.0319
0.777   44.0495
0.778   44.0528
0.779   44.0327
0.78   44.0280
0.781   44.0450
0.782   44.0732
0.783   44.0878
0.784   44.0765
0.785   44.0683
0.786   44.0828
0.787   44.1060
0.788   44.0917
0.789   44.0714
0.79   44.0876
0.791   44.1048
0.792   44.1160
0.793   44.1135
0.794   44.0937
0.795   44.0850
0.796   44.0956
0.797   44.1135
0.798   44.1043
0.799   44.0971
0.8   44.0868
0.801   44.0693
0.802   44.0647
0.803   44.0714
0.804   44.0744
0.805   44.0593
0.806   44.0495
0.807   44.0479
0.808   44.0483
0.809   44.0385
0.81   44.0161
0.811   43.9996
0.812   43.9925
0.813   43.9698
0.814   43.9466
0.815   43.9310
0.816   43.9225
0.817   43.8993
0.818   43.8967
0.819   43.8954
0.82   43.8622
0.821   43.8416
0.822   43.8159
0.823   43.7852
0.824   43.7672
0.825   43.7497
0.826   43.7119
0.827   43.6570
0.828   43.6264
0.829   43.5989
0.83   43.5657
0.831   43.5276
0.832   43.5050
0.833   43.4754
0.834   43.4395
0.835   43.4076
0.836   43.3788
0.837   43.3611
0.838   43.3604
0.839   43.3756
0.84   43.3626
0.841   43.3403
0.842   43.3211
0.843   43.2964
0.844   43.3071
0.845   43.3294
0.846   43.3333
0.847   43.3109
0.848   43.2968
0.849   43.3014
0.85   43.3187
0.851   43.3222
0.852   43.3296
0.853   43.3247
0.854   43.2875
0.855   43.3160
0.856   43.3246
0.857   43.3014
0.858   43.3194
0.859   43.3336
0.86   43.3493
0.861   43.3613
0.862   43.3377
0.863   43.3439
0.864   43.3526
0.865   43.3394
0.866   43.3517
0.867   43.3840
0.868   43.4009
0.869   43.3759
0.87   43.3685
0.871   43.3617
0.872   43.3604
0.873   43.3774
0.874   43.3809
0.875   43.3798
0.876   43.3783
0.877   43.3738
0.878   43.3754
0.879   43.3904
0.88   43.4038
0.881   43.3739
0.882   43.3806
0.883   43.3926
0.884   43.3822
0.885   43.3862
0.886   43.3660
0.887   43.3592
0.888   43.3922
0.889   43.3806
0.89   43.3461
0.891   43.3198
0.892   43.3307
0.893   43.3778
0.894   43.3705
0.895   43.3163
0.896   43.2882
0.897   43.2998
0.898   43.3241
0.899   43.3384
0.9   43.3321
0.901   43.3161
0.902   43.2937
0.903   43.2753
0.904   43.2800
0.905   43.2915
0.906   43.2955
0.907   43.2825
0.908   43.2513
0.909   43.2162
0.91   43.1987
0.911   43.1954
0.912   43.1374
0.913   43.0948
0.914   43.0601
0.915   43.0138
0.916   42.9892
0.917   42.9736
0.918   42.9453
0.919   42.8876
0.92   42.8227
0.921   42.7530
0.922   42.6901
0.923   42.6383
0.924   42.5358
0.925   42.4402
0.926   42.3737
0.927   42.3174
0.928   42.2223
0.929   42.0925
0.93   41.9369
0.931   41.7697
0.932   41.6741
0.933   41.5782
0.934   41.4475
0.935   41.3153
0.936   41.1320
0.937   40.9562
0.938   40.8106
0.939   40.6447
0.94   40.4781
0.941   40.3152
0.942   40.1403
0.943   39.9109
0.944   39.7230
0.945   39.5506
0.946   39.3470
0.947   39.0884
0.948   38.8326
0.949   38.5912
0.95   38.3492
0.951   38.0631
0.952   37.7728
0.953   37.4895
0.954   37.2069
0.955   36.8997
0.956   36.5971
0.957   36.3335
0.958   36.1336
0.959   35.9922
0.96   35.8227
0.961   35.6492
0.962   35.5311
0.963   35.4905
0.964   35.3773
0.965   35.2233
0.966   35.1221
0.967   35.0616
0.968   35.0477
0.969   35.0128
0.97   34.9007
0.971   34.8237
0.972   34.8505
0.973   34.9178
0.974   34.9160
0.975   34.8425
0.976   34.8226
0.977   34.8496
0.978   34.8647
0.979   34.9399
0.98   34.8829
0.981   34.8049
0.982   34.9067
0.983   35.0259
0.984   35.0218
0.985   34.9900
0.986   35.0947
0.987   35.2060
0.988   35.2693
0.989   35.2814
0.99   35.2865
0.991   35.3895
0.992   35.4515
0.993   35.4904
0.994   35.5827
0.995   35.6711
0.996   35.7270
0.997   35.7713
0.998   35.8507
0.999   36.0136
1   36.0827
1.001   36.6226
1.002   36.7293
1.003   36.8081
1.004   36.9161
1.005   37.0035
1.006   37.0753
1.007   37.1937
1.008   37.3022
1.009   37.4043
1.01   37.5234
1.011   37.6748
1.012   37.7857
1.013   37.8887
1.014   37.9794
1.015   38.0358
1.016   38.1041
1.017   38.2131
1.018   38.3366
1.019   38.4735
1.02   38.6341
1.021   38.7687
1.022   38.8950
1.023   38.9958
1.024   39.0637
1.025   39.1573
1.026   39.2449
1.027   39.3276
1.028   39.4055
1.029   39.5177
1.03   39.6415
1.031   39.7544
1.032   39.9044
1.033   40.0285
1.034   40.1173
1.035   40.1965
1.036   40.2762
1.037   40.3503
1.038   40.4252
1.039   40.4905
1.04   40.5658
1.041   40.6544
1.042   40.7270
1.043   40.8017
1.044   40.8588
1.045   40.8802
1.046   40.9341
1.047   41.0021
1.048   41.0637
1.049   41.1504
1.05   41.2168
1.051   41.2721
1.052   41.3050
1.053   41.3519
1.054   41.3950
1.055   41.4468
1.056   41.5069
1.057   41.5552
1.058   41.6059
1.059   41.6479
1.06   41.6868
1.061   41.7133
1.062   41.7251
1.063   41.7433
1.064   41.7562
1.065   41.7658
1.066   41.7877
1.067   41.7921
1.068   41.7861
1.069   41.7642
1.07   41.7510
1.071   41.7260
1.072   41.7192
1.073   41.7217
1.074   41.7218
1.075   41.7355
1.076   41.7314
1.077   41.7209
1.078   41.7065
1.079   41.6838
1.08   41.6591
1.081   41.6237
1.082   41.5991
1.083   41.5953
1.084   41.5605
1.085   41.4975
1.086   41.4634
1.087   41.4174
1.088   41.3435
1.089   41.3055
1.09   41.3027
1.091   41.2633
1.092   41.2220
1.093   41.1678
1.094   41.0879
1.095   41.0251
1.096   40.9656
1.097   40.9035
1.098   40.8446
1.099   40.7843
1.1   40.7182
1.101   40.6561
1.102   40.5997
1.103   40.5398
1.104   40.4758
1.105   40.4184
1.106   40.3541
1.107   40.2870
1.108   40.2180
1.109   40.1500
1.11   40.0726
1.111   39.9906
1.112   39.9054
1.113   39.8078
1.114   39.7201
1.115   39.6429
1.116   39.5505
1.117   39.4597
1.118   39.3580
1.119   39.2506
1.12   39.1270
1.121   38.9877
1.122   38.8343
1.123   38.6576
1.124   38.4679
1.125   38.2677
1.126   38.0637
1.127   37.8292
1.128   37.5790
1.129   37.3015
1.13   37.0020
1.131   36.6799
1.132   36.3395
1.133   35.9706
1.134   35.5677
1.135   35.1589
1.136   34.7282
1.137   34.2874
1.138   33.8363
1.139   33.3737
1.14   32.8935
1.141   32.4102
1.142   31.9500
1.143   31.4986
1.144   31.0647
1.145   30.6441
1.146   30.2506
1.147   29.8648
1.148   29.5143
1.149   29.1965
1.15   28.8951
1.151   28.6169
1.152   28.3583
1.153   28.1099
1.154   27.8968
1.155   27.7122
1.156   27.5443
1.157   27.4085
1.158   27.3041
1.159   27.2026
1.16   27.1162
1.161   27.0334
1.162   26.9519
1.163   26.8737
1.164   26.7966
1.165   26.7434
1.166   26.7067
1.167   26.6735
1.168   26.6661
1.169   26.6415
1.17   26.6070
1.171   26.5828
1.172   26.5579
1.173   26.5402
1.174   26.5345
1.175   26.5226
1.176   26.5070
1.177   26.4989
1.178   26.4786
1.179   26.4554
1.18   26.4414
1.181   26.4154
1.182   26.3902
1.183   26.3757
1.184   26.3430
1.185   26.3119
1.186   26.2932
1.187   26.2704
1.188   26.2558
1.189   26.2548
1.19   26.2460
1.191   26.2360
1.192   26.2279
1.193   26.2202
1.194   26.2139
1.195   26.2061
1.196   26.2046
1.197   26.2056
1.198   26.2074
1.199   26.2232
1.2   26.2379
1.201   26.2583
1.202   26.2833
1.203   26.2996
1.204   26.3254
1.205   26.3456
1.206   26.3650
1.207   26.4055
1.208   26.4328
1.209   26.4571
1.21   26.4920
1.211   26.5191
1.212   26.5339
1.213   26.5604
1.214   26.5907
1.215   26.6223
1.216   26.6557
1.217   26.6946
1.218   26.7388
1.219   26.7795
1.22   26.8157
1.221   26.8534
1.222   26.8892
1.223   26.9258
1.224   26.9700
1.225   27.0107
1.226   27.0488
1.227   27.0840
1.228   27.1096
1.229   27.1391
1.23   27.1675
1.231   27.1949
1.232   27.2401
1.233   27.2848
1.234   27.3243
1.235   27.3725
1.236   27.4072
1.237   27.4272
1.238   27.4532
1.239   27.4945
1.24   27.5247
1.241   27.5632
1.242   27.6025
1.243   27.6219
1.244   27.6471
1.245   27.6789
1.246   27.7029
1.247   27.7356
1.248   27.7715
1.249   27.8027
1.25   27.8410
1.251   27.8699
1.252   27.8899
1.253   27.9121
1.254   27.9271
1.255   27.9410
1.256   27.9562
1.257   27.9723
1.258   27.9874
1.259   27.9987
1.26   28.0106
1.261   28.0178
1.262   28.0185
1.263   28.0222
1.264   28.0222
1.265   28.0204
1.266   28.0215
1.267   28.0136
1.268   28.0063
1.269   28.0075
1.27   28.0020
1.271   27.9906
1.272   27.9762
1.273   27.9471
1.274   27.9111
1.275   27.8764
1.276   27.8384
1.277   27.8014
1.278   27.7637
1.279   27.7163
1.28   27.6619
1.281   27.6053
1.282   27.5495
1.283   27.4924
1.284   27.4278
1.285   27.3599
1.286   27.2859
1.287   27.2081
1.288   27.1237
1.289   27.0428
1.29   26.9588
1.291   26.8651
1.292   26.7611
1.293   26.6500
1.294   26.5254
1.295   26.3998
1.296   26.2924
1.297   26.1788
1.298   26.0688
1.299   25.9634
1.3   25.8356
1.301   25.7007
1.302   25.5604
1.303   25.4180
1.304   25.2732
1.305   25.1224
1.306   24.9727
1.307   24.8103
1.308   24.6367
1.309   24.4656
1.31   24.2947
1.311   24.1222
1.312   23.9529
1.313   23.7781
1.314   23.5991
1.315   23.4135
1.316   23.2321
1.317   23.0514
1.318   22.8670
1.319   22.6712
1.32   22.4715
1.321   22.2667
1.322   22.0618
1.323   21.8691
1.324   21.6843
1.325   21.4912
1.326   21.2969
1.327   21.1044
1.328   20.8960
1.329   20.6907
1.33   20.4894
1.331   20.2868
1.332   20.1026
1.333   19.9220
1.334   19.7424
1.335   19.5687
1.336   19.3875
1.337   19.2094
1.338   19.0411
1.339   18.8707
1.34   18.7064
1.341   18.5522
1.342   18.3913
1.343   18.2391
1.344   18.0976
1.345   17.9560
1.346   17.8171
1.347   17.6842
1.348   17.5527
1.349   17.4251
1.35   17.3011
1.351   17.1829
1.352   17.0686
1.353   16.9558
1.354   16.8463
1.355   16.7394
1.356   16.6279
1.357   16.5206
1.358   16.4162
1.359   16.2983
1.36   16.1773
1.361   16.0534
1.362   15.9276
1.363   15.8033
1.364   15.6773
1.365   15.5477
1.366   15.4058
1.367   15.2543
1.368   15.0975
1.369   14.9356
1.37   14.7677
1.371   14.5966
1.372   14.4193
1.373   14.2318
1.374   14.0367
1.375   13.8375
1.376   13.6295
1.377   13.4130
1.378   13.1870
1.379   12.9508
1.38   12.7118
1.381   12.4685
1.382   12.2277
1.383   11.9888
1.384   11.7521
1.385   11.5139
1.386   11.2800
1.387   11.0474
1.388   10.8186
1.389   10.5894
1.39   10.3726
1.391   10.1655
1.392   9.96616
1.393   9.78062
1.394   9.60154
1.395   9.42723
1.396   9.25947
1.397   9.09874
1.398   8.94828
1.399   8.81118
1.4   8.68636
1.401   8.56889
1.402   8.45948
1.403   8.35646
1.404   8.26032
1.405   8.17277
1.406   8.09321
1.407   8.02056
1.408   7.95194
1.409   7.89263
1.41   7.83547
1.411   7.77897
1.412   7.72966
1.413   7.68072
1.414   7.63868
1.415   7.60501
1.416   7.57231
1.417   7.54261
1.418   7.50998
1.419   7.47566
1.42   7.44735
1.421   7.41977
1.422   7.39874
1.423   7.38390
1.424   7.36679
1.425   7.34984
1.426   7.33349
1.427   7.31565
1.428   7.29532
1.429   7.28014
1.43   7.26541
1.431   7.25734
1.432   7.25711
1.433   7.25054
1.434   7.24464
1.435   7.23858
1.436   7.22923
1.437   7.22274
1.438   7.21778
1.439   7.21375
1.44   7.20803
1.441   7.20579
1.442   7.20727
1.443   7.20409
1.444   7.20282
1.445   7.19794
1.446   7.19042
1.447   7.19155
1.448   7.19303
1.449   7.19247
1.45   7.19714
1.451   7.20104
1.452   7.20133
1.453   7.20194
1.454   7.20023
1.455   7.19780
1.456   7.19966
1.457   7.20780
1.458   7.21700
1.459   7.22319
1.46   7.22918
1.461   7.23414
1.462   7.24121
1.463   7.25265
1.464   7.26256
1.465   7.27519
1.466   7.28993
1.467   7.29917
1.468   7.30934
1.469   7.31996
1.47   7.32984
1.471   7.34491
1.472   7.36276
1.473   7.38309
1.474   7.40678
1.475   7.42768
1.476   7.44616
1.477   7.46350
1.478   7.47788
1.479   7.49446
1.48   7.51414
1.481   7.53827
1.482   7.56385
1.483   7.58593
1.484   7.60869
1.485   7.62772
1.486   7.64562
1.487   7.67271
1.488   7.70355
1.489   7.73536
1.49   7.76385
1.491   7.79129
1.492   7.81595
1.493   7.83477
1.494   7.85915
1.495   7.88593
1.496   7.91456
1.497   7.94814
1.498   7.97475
1.499   7.99947
1.5   8.02323
1.501   8.03913
1.502   8.06470
1.503   8.09394
1.504   8.12619
1.505   8.16812
1.506   8.20088
1.507   8.23109
1.508   8.26038
1.509   8.28478
1.51   8.31009
1.511   8.34277
1.512   8.37931
1.513   8.41513
1.514   8.44899
1.515   8.47831
1.516   8.50449
1.517   8.52998
1.518   8.55899
1.519   8.59400
1.52   8.63156
1.521   8.66896
1.522   8.70575
1.523   8.73829
1.524   8.76701
1.525   8.79867
1.526   8.83103
1.527   8.86403
1.528   8.90280
1.529   8.94061
1.53   8.97699
1.531   9.01636
1.532   9.05091
1.533   9.08411
1.534   9.11973
1.535   9.15231
1.536   9.18574
1.537   9.21878
1.538   9.25375
1.539   9.29108
1.54   9.32289
1.541   9.35615
1.542   9.38855
1.543   9.41877
1.544   9.45775
1.545   9.49710
1.546   9.53523
1.547   9.57332
1.548   9.60439
1.549   9.63758
1.55   9.67375
1.551   9.70680
1.552   9.74096
1.553   9.77828
1.554   9.81524
1.555   9.85229
1.556   9.88946
1.557   9.92253
1.558   9.95347
1.559   9.98459
1.56   10.0215
1.561   10.0618
1.562   10.0992
1.563   10.1388
1.564   10.1732
1.565   10.2022
1.566   10.2331
1.567   10.2634
1.568   10.2971
1.569   10.3346
1.57   10.3717
1.571   10.4057
1.572   10.4363
1.573   10.4640
1.574   10.4907
1.575   10.5221
1.576   10.5578
1.577   10.5954
1.578   10.6310
1.579   10.6683
1.58   10.7027
1.581   10.7288
1.582   10.7597
1.583   10.7877
1.584   10.8166
1.585   10.8532
1.586   10.8847
1.587   10.9160
1.588   10.9454
1.589   10.9698
1.59   10.9958
1.591   11.0229
1.592   11.0511
1.593   11.0835
1.594   11.1185
1.595   11.1517
1.596   11.1796
1.597   11.2076
1.598   11.2379
1.599   11.2658
1.6   11.2976
1.601   11.3288
1.602   11.3572
1.603   11.3896
1.604   11.4179
1.605   11.4447
1.606   11.4728
1.607   11.4954
1.608   11.5208
1.609   11.5485
1.61   11.5716
1.611   11.5946
1.612   11.6160
1.613   11.6352
1.614   11.6548
1.615   11.6729
1.616   11.6954
1.617   11.7200
1.618   11.7441
1.619   11.7736
1.62   11.8011
1.621   11.8225
1.622   11.8407
1.623   11.8568
1.624   11.8772
1.625   11.9020
1.626   11.9257
1.627   11.9508
1.628   11.9631
1.629   11.9793
1.63   11.9961
1.631   12.0162
1.632   12.0417
1.633   12.0634
1.634   12.0868
1.635   12.1030
1.636   12.1123
1.637   12.1264
1.638   12.1364
1.639   12.1524
1.64   12.1768
1.641   12.1914
1.642   12.2033
1.643   12.2170
1.644   12.2248
1.645   12.2418
1.646   12.2599
1.647   12.2760
1.648   12.2883
1.649   12.3049
1.65   12.3192
1.651   12.3280
1.652   12.3428
1.653   12.3516
1.654   12.3591
1.655   12.3704
1.656   12.3772
1.657   12.3844
1.658   12.3842
1.659   12.3783
1.66   12.3746
1.661   12.3709
1.662   12.3755
1.663   12.3904
1.664   12.4035
1.665   12.4116
1.666   12.4165
1.667   12.4179
1.668   12.4205
1.669   12.4266
1.67   12.4307
1.671   12.4328
1.672   12.4327
1.673   12.4320
1.674   12.4360
1.675   12.4377
1.676   12.4400
1.677   12.4398
1.678   12.4377
1.679   12.4440
1.68   12.4440
1.681   12.4449
1.682   12.4449
1.683   12.4317
1.684   12.4214
1.685   12.4095
1.686   12.3962
1.687   12.3934
1.688   12.3900
1.689   12.3865
1.69   12.3809
1.691   12.3696
1.692   12.3600
1.693   12.3515
1.694   12.3415
1.695   12.3310
1.696   12.3174
1.697   12.3006
1.698   12.2857
1.699   12.2690
1.7   12.2552
1.701   12.2469
1.702   12.2351
1.703   12.2214
1.704   12.2053
1.705   12.1868
1.706   12.1674
1.707   12.1471
1.708   12.1272
1.709   12.1070
1.71   12.0869
1.711   12.0664
1.712   12.0414
1.713   12.0171
1.714   11.9894
1.715   11.9614
1.716   11.9373
1.717   11.9100
1.718   11.8821
1.719   11.8539
1.72   11.8266
1.721   11.8025
1.722   11.7782
1.723   11.7532
1.724   11.7250
1.725   11.6944
1.726   11.6636
1.727   11.6381
1.728   11.6188
1.729   11.5928
1.73   11.5549
1.731   11.5271
1.732   11.4973
1.733   11.4720
1.734   11.4629
1.735   11.4403
1.736   11.4117
1.737   11.3822
1.738   11.3443
1.739   11.3110
1.74   11.2789
1.741   11.2443
1.742   11.2089
1.743   11.1774
1.744   11.1454
1.745   11.1160
1.746   11.0939
1.747   11.0620
1.748   11.0244
1.749   10.9915
1.75   10.9559
1.751   10.9217
1.752   10.8916
1.753   10.8593
1.754   10.8237
1.755   10.7933
1.756   10.7631
1.757   10.7283
1.758   10.6954
1.759   10.6614
1.76   10.6264
1.761   10.5938
1.762   10.5628
1.763   10.5364
1.764   10.5061
1.765   10.4740
1.766   10.4444
1.767   10.4092
1.768   10.3822
1.769   10.3669
1.77   10.3423
1.771   10.3135
1.772   10.2912
1.773   10.2661
1.774   10.2446
1.775   10.2318
1.776   10.2163
1.777   10.1988
1.778   10.1817
1.779   10.1640
1.78   10.1530
1.781   10.1435
1.782   10.1355
1.783   10.1363
1.784   10.1284
1.785   10.1173
1.786   10.1012
1.787   10.0780
1.788   10.0697
1.789   10.0660
1.79   10.0721
1.791   10.0726
1.792   10.0635
1.793   10.0585
1.794   10.0570
1.795   10.0548
1.796   10.0534
1.797   10.0505
1.798   10.0458
1.799   10.0427
1.8   10.0388
1.801   10.0367
1.802   10.0339
1.803   10.0389
1.804   10.0511
1.805   10.0580
1.806   10.0718
1.807   10.0730
1.808   10.0633
1.809   10.0569
1.81   10.0466
1.811   10.0435
1.812   10.0404
1.813   10.0525
1.814   10.0566
1.815   10.0439
1.816   10.0303
1.817   10.0218
1.818   10.0095
1.819   10.0245
1.82   10.0307
1.821   10.0332
1.822   10.0283
1.823   10.0102
1.824   10.0020
1.825   9.99723
1.826   9.98536
1.827   9.97245
1.828   9.97126
1.829   9.96799
1.83   9.96404
1.831   10.1307
1.832   10.1143
1.833   10.0889
1.834   10.0396
1.835   10.0062
1.836   9.98495
1.837   9.98067
1.838   9.97932
1.839   9.96401
1.84   9.94994
1.841   9.92030
1.842   9.87126
1.843   9.83040
1.844   9.79176
1.845   9.73631
1.846   9.69153
1.847   9.64942
1.848   9.59891
1.849   9.56388
1.85   9.51638
1.851   9.46395
1.852   9.40608
1.853   9.35806
1.854   9.29305
1.855   9.23465
1.856   9.18139
1.857   9.11763
1.858   9.04745
1.859   8.96788
1.86   8.87887
1.861   8.79096
1.862   8.71188
1.863   8.63128
1.864   8.55886
1.865   8.47995
1.866   8.37317
1.867   8.27551
1.868   8.19382
1.869   8.10799
1.87   8.02203
1.871   7.94538
1.872   7.86037
1.873   7.76563
1.874   7.65887
1.875   7.54753
1.876   7.44625
1.877   7.33833
1.878   7.23545
1.879   7.14523
1.88   7.05992
1.881   6.97443
1.882   6.89894
1.883   6.83495
1.884   6.76547
1.885   6.69702
1.886   6.62544
1.887   6.55218
1.888   6.48629
1.889   6.42514
1.89   6.37256
1.891   6.32000
1.892   6.27208
1.893   6.23104
1.894   6.18349
1.895   6.12620
1.896   6.07070
1.897   6.01990
1.898   5.99466
1.899   5.96631
1.9   5.93107
1.901   5.90546
1.902   5.87862
1.903   5.83905
1.904   5.80057
1.905   5.80080
1.906   5.76367
1.907   5.73110
1.908   5.72794
1.909   5.69390
1.91   5.68147
1.911   5.67583
1.912   5.67326
1.913   5.67118
1.914   5.68184
1.915   5.69410
1.916   5.69011
1.917   5.68781
1.918   5.67961
1.919   5.65239
1.92   5.64250
1.921   5.63946
1.922   5.63541
1.923   5.64207
1.924   5.64768
1.925   5.65166
1.926   5.65409
1.927   5.66683
1.928   5.66862
1.929   5.67569
1.93   5.66759
1.931   5.65391
1.932   5.65929
1.933   5.65805
1.934   5.65920
1.935   5.65862
1.936   5.64941
1.937   5.64677
1.938   5.64406
1.939   5.64847
1.94   5.65514
1.941   5.67219
1.942   5.69492
1.943   5.70674
1.944   5.71106
1.945   5.70557
1.946   5.70865
1.947   5.70271
1.948   5.70830
1.949   5.72376
1.95   5.74845
1.951   5.75432
1.952   5.74127
1.953   5.73784
1.954   5.72424
1.955   5.72858
1.956   5.76016
1.957   5.77019
1.958   5.77278
1.959   5.78166
1.96   5.77791
1.961   5.78211
1.962   5.79239
1.963   5.81427
1.964   5.82924
1.965   5.84655
1.966   5.86072
1.967   5.87608
1.968   5.88548
1.969   5.88750
1.97   5.89573
1.971   5.90313
1.972   5.90877
1.973   5.91345
1.974   5.92490
1.975   5.93045
1.976   5.94208
1.977   5.95859
1.978   5.95385
1.979   5.96555
1.98   5.98448
1.981   5.99676
1.982   6.01455
1.983   6.03001
1.984   6.03480
1.985   6.04421
1.986   6.05503
1.987   6.07411
1.988   6.08181
1.989   6.08874
1.99   6.09909
1.991   6.10655
1.992   6.11949
1.993   6.14168
1.994   6.15535
1.995   6.16113
1.996   6.17694
1.997   6.19606
1.998   6.21763
1.999   6.25138
2   6.27631
2.001   6.30078
2.002   6.29773
2.003   6.29082
2.004   6.29966
2.005   6.30580
2.006   6.31507
2.007   6.32399
2.008   6.33969
2.009   6.34162
2.01   6.32664
2.011   6.33188
2.012   6.33495
2.013   6.34900
2.014   6.38373
2.015   6.41629
2.016   6.43859
2.017   6.45148
2.018   6.46818
2.019   6.48121
2.02   6.49555
2.021   6.50957
2.022   6.52637
2.023   6.54716
2.024   6.55768
2.025   6.56682
2.026   6.57309
2.027   6.55974
2.028   6.57009
2.029   6.57569
2.03   6.58016
2.031   6.58926
2.032   6.60384
2.033   6.60711
2.034   6.60449
2.035   6.61524
2.036   6.62210
2.037   6.63722
2.038   6.67675
2.039   6.69565
2.04   6.70006
2.041   6.71340
2.042   6.72898
2.043   6.72899
2.044   6.74862
2.045   6.78773
2.046   6.80660
2.047   6.82406
2.048   6.83899
2.049   6.84485
2.05   6.84807
2.051   6.84225
2.052   6.84985
2.053   6.85877
2.054   6.86664
2.055   6.87819
2.056   6.90584
2.057   6.90570
2.058   6.92434
2.059   6.94250
2.06   6.97010
2.061   6.98307
2.062   6.99054
2.063   7.00285
2.064   7.01107
2.065   7.02045
2.066   7.04080
2.067   7.04980
2.068   7.04079
2.069   7.04596
2.07   7.05122
2.071   7.06218
2.072   7.07977
2.073   7.10620
2.074   7.13261
2.075   7.16446
2.076   7.19397
2.077   7.23664
2.078   7.25386
2.079   7.25922
2.08   7.26260
2.081   7.24543
2.082   7.23797
2.083   7.22350
2.084   7.22775
2.085   7.24984
2.086   7.26167
2.087   7.28073
2.088   7.30077
2.089   7.31046
2.09   7.30284
2.091   7.30942
2.092   7.31465
2.093   7.33050
2.094   7.35397
2.095   7.37839
2.096   7.41825
2.097   7.44516
2.098   7.46977
2.099   7.48648
2.1   7.49642
2.101   7.50119
2.102   7.49676
2.103   7.49394
2.104   7.48056
2.105   7.47350
2.106   7.48272
2.107   7.50110
2.108   7.51958
2.109   7.55612
2.11   7.57705
2.111   7.59169
2.112   7.60579
2.113   7.61303
2.114   7.62791
2.115   7.64546
2.116   7.66107
2.117   7.68305
2.118   7.70026
2.119   7.70925
2.12   7.72302
2.121   7.75285
2.122   7.75602
2.123   7.75845
2.124   7.75758
2.125   7.75459
2.126   7.73179
2.127   7.73657
2.128   7.75417
2.129   7.76905
2.13   7.79979
2.131   7.81606
2.132   7.83036
2.133   7.83614
2.134   7.82982
2.135   7.82798
2.136   7.82144
2.137   7.81655
2.138   7.80503
2.139   7.80908
2.14   7.82894
2.141   7.83795
2.142   7.84288
2.143   7.85569
2.144   7.85781
2.145   7.83896
2.146   7.84052
2.147   7.84696
2.148   7.86289
2.149   7.89283
2.15   7.91378
2.151   7.94403
2.152   7.96437
2.153   7.97700
2.154   7.98610
2.155   7.98991
2.156   7.99394
2.157   7.99498
2.158   7.99213
2.159   7.98191
2.16   7.97945
2.161   7.98365
2.162   7.97616
2.163   7.97997
2.164   7.99477
2.165   8.00221
2.166   8.01085
2.167   8.01132
2.168   8.00780
2.169   8.00593
2.17   7.99122
2.171   7.99426
2.172   8.01096
2.173   8.01847
2.174   8.03479
2.175   8.04183
2.176   8.03291
2.177   8.03578
2.178   8.04416
2.179   8.04933
2.18   8.06574
2.181   8.07012
2.182   8.06204
2.183   8.05380
2.184   8.05304
2.185   8.05020
2.186   8.05001
2.187   8.06472
2.188   8.05701
2.189   8.02916
2.19   8.02057
2.191   8.00675
2.192   8.00737
2.193   8.03054
2.194   8.03914
2.195   8.04581
2.196   8.05226
2.197   8.05614
2.198   8.05895
2.199   8.06568
2.2   8.06594
2.201   8.05895
2.202   8.05120
2.203   8.03493
2.204   8.02592
2.205   8.01337
2.206   8.01263
2.207   8.01595
2.208   8.03094
2.209   8.03663
2.21   8.04458
2.211   8.04654
2.212   8.04439
2.213   8.03834
2.214   8.02330
2.215   8.02212
2.216   8.02231
2.217   8.02576
2.218   8.04986
2.219   8.05142
2.22   8.02288
2.221   8.02976
2.222   8.04432
2.223   8.06206
2.224   8.11970
2.225   8.14976
2.226   8.17661
2.227   8.17757
2.228   8.14930
2.229   8.12543
2.23   8.06643
2.231   8.03202
2.232   8.03674
2.233   8.04086
2.234   8.03976
2.235   8.05744
2.236   8.04935
2.237   8.02158
2.238   8.00716
2.239   7.99353
2.24   7.98148
2.241   7.96460
2.242   7.95754
2.243   7.95679
2.244   7.95654
2.245   7.96076
2.246   7.97161
2.247   7.98669
2.248   8.00063
2.249   8.03719
2.25   8.03744
2.251   8.01817
2.252   7.99929
2.253   7.95245
2.254   7.92062
2.255   7.88841
2.256   7.86771
2.257   7.85717
2.258   7.84725
2.259   7.84703
2.26   7.84443
2.261   7.85087
2.262   7.83899
2.263   7.80059
2.264   7.81188
2.265   7.81615
2.266   7.82194
2.267   7.83462
2.268   7.87653
2.269   7.87311
2.27   7.84200
2.271   7.83223
2.272   7.82177
2.273   7.80753
2.274   7.79881
2.275   7.78781
2.276   7.76088
2.277   7.74138
2.278   7.72672
2.279   7.72558
2.28   7.72869
2.281   7.73458
2.282   7.76314
2.283   7.77302
2.284   7.77983
2.285   7.77428
2.286   7.75523
2.287   7.73473
2.288   7.69851
2.289   7.67193
2.29   7.63893
2.291   7.62537
2.292   7.63588
2.293   7.62305
2.294   7.60416
2.295   7.59654
2.296   7.57285
2.297   7.56669
2.298   7.58302
2.299   7.60685
2.3   7.62608
2.301   7.59675
2.302   7.57094
2.303   7.56930
2.304   7.54087
2.305   7.53077
2.306   7.52156
2.307   7.47975
2.308   7.46755
2.309   7.48578
2.31   7.47175
2.311   7.46869
2.312   7.45299
2.313   7.41289
2.314   7.38778
2.315   7.36008
2.316   7.36428
2.317   7.37885
2.318   7.40550
2.319   7.48155
2.32   7.49447
2.321   7.48316
2.322   7.47904
2.323   7.43335
2.324   7.43729
2.325   7.48651
2.326   7.48979
2.327   7.49262
2.328   7.48514
2.329   7.42968
2.33   7.41419
2.331   7.43364
2.332   7.42629
2.333   7.42302
2.334   7.40391
2.335   7.35278
2.336   7.32367
2.337   7.28843
2.338   7.28551
2.339   7.32964
2.34   7.32886
2.341   7.31302
2.342   7.30947
2.343   7.29568
2.344   7.26844
2.345   7.25384
2.346   7.23354
2.347   7.15792
2.348   7.13849
2.349   7.17284
2.35   7.17719
2.351   7.19975
2.352   7.20356
2.353   7.18772
2.354   7.15474
2.355   7.15105
2.356   7.17113
2.357   7.20964
2.358   7.25901
2.359   7.26951
2.36   7.25624
2.361   7.23246
2.362   7.19749
2.363   7.18557
2.364   7.17053
2.365   7.15670
2.366   7.14759
2.367   7.13242
2.368   7.14582
2.369   7.14246
2.37   7.16605
2.371   7.18955
2.372   7.17848
2.373   7.11968
2.374   7.03693
2.375   7.03122
2.376   7.02753
2.377   7.09490
2.378   7.16842
2.379   7.11990
2.38   7.07616
2.381   7.03451
2.382   7.00343
2.383   6.98026
2.384   6.91746
2.385   6.89019
2.386   6.88195
2.387   6.92527
2.388   7.00121
2.389   7.01658
2.39   7.00026
2.391   6.98912
2.392   7.04075
2.393   7.10175
2.394   7.14934
2.395   7.12833
2.396   7.05055
2.397   6.97232
2.398   6.88738
2.399   6.89477
2.4   6.89986
2.401   6.89042
2.402   6.90843
2.403   6.85266
2.404   6.81604
2.405   6.80107
2.406   6.77911
2.407   6.83571
2.408   6.85100
2.409   6.92082
2.41   6.97721
2.411   6.91111
2.412   6.90938
2.413   6.82329
2.414   6.76652
2.415   6.80017
2.416   6.81927
2.417   6.86280
2.418   6.82980
2.419   6.77280
2.42   6.72079
2.421   6.70732
2.422   6.72357
2.423   6.73611
2.424   6.73394
2.425   6.66162
2.426   6.62822
2.427   6.63889
2.428   6.71889
2.429   6.77903
2.43   6.78771
2.431   6.85603
2.432   6.73210
2.433   6.66115
2.434   6.72013
2.435   6.67233
2.436   6.74120
2.437   6.75819
2.438   6.70288
2.439   6.63261
2.44   6.52538
2.441   6.58399
2.442   6.67695
2.443   6.81657
2.444   6.91322
2.445   6.89285
2.446   6.87859
2.447   6.72420
2.448   6.63562
2.449   6.58960
2.45   6.54653
2.451   6.59407
2.452   6.62687
2.453   6.68235
2.454   6.69598
2.455   6.79707
2.456   6.87760
2.457   6.84092
2.458   6.77916
2.459   6.60807
2.46   6.55821
2.461   6.65683
2.462   6.60690
2.463   6.49344
2.464   6.39781
2.465   6.21352
2.466   6.26025
2.467   6.46515
2.468   6.53871
2.469   6.71007
2.47   6.70944
2.471   6.53941
2.472   6.56290
2.473   6.58939
2.474   6.65222
2.475   6.99059
2.476   6.98311
2.477   6.63030
2.478   6.58749
2.479   6.52675
2.48   6.50527
2.481   6.76442
2.482   6.74459
2.483   6.72742
2.484   6.72943
2.485   6.63069
2.486   6.78742
2.487   6.85879
2.488   6.72108
2.489   6.79144
2.49   6.67849
2.491   6.54790
2.492   6.49764
2.493   6.17839
2.494   6.03863
2.495   5.77392
2.496   5.51150
2.497   5.87191
2.498   6.00044
2.499   6.09141
2.5   6.51194
2.5002   3.39569
2.5014   3.40002
2.5026   3.39561
2.5038   3.40836
2.505   3.37832
2.5062   3.41892
2.5074   3.38021
2.5087   3.32325
2.5099   3.32630
2.5111   3.31652
2.5123   3.28508
2.5135   3.36519
2.5147   3.38760
2.516   3.41236
2.5172   3.33984
2.5184   3.30472
2.5196   3.32006
2.5209   3.39151
2.5221   3.37353
2.5233   3.40705
2.5245   3.39137
2.5258   3.38832
2.527   3.38987
2.5282   3.39578
2.5295   3.31977
2.5307   3.33523
2.5319   3.32338
2.5332   3.39280
2.5344   3.43214
2.5356   3.37723
2.5369   3.29359
2.5381   3.35109
2.5394   3.37626
2.5406   3.36744
2.5419   3.34557
2.5431   3.30995
2.5444   3.26195
2.5456   3.28628
2.5469   3.26180
2.5481   3.34274
2.5494   3.32665
2.5506   3.33181
2.5519   3.30435
2.5531   3.30184
2.5544   3.26526
2.5556   3.34700
2.5569   3.36579
2.5582   3.37684
2.5594   3.35973
2.5607   3.40594
2.562   3.42072
2.5632   3.38620
2.5645   3.31593
2.5658   3.26430
2.567   3.29021
2.5683   3.38871
2.5696   3.39577
2.5708   3.37720
2.5721   3.32325
2.5734   3.30520
2.5747   3.29342
2.576   3.34250
2.5772   3.33311
2.5785   3.34583
2.5798   3.30513
2.5811   3.33530
2.5824   3.36314
2.5837   3.40645
2.5849   3.35699
2.5862   3.33621
2.5875   3.30937
2.5888   3.31968
2.5901   3.32017
2.5914   3.31927
2.5927   3.35106
2.594   3.38390
2.5953   3.34382
2.5966   3.36889
2.5979   3.32364
2.5992   3.25107
2.6005   3.19534
2.6018   3.24065
2.6031   3.24328
2.6044   3.26582
2.6057   3.26776
2.607   3.25197
2.6083   3.24562
2.6097   3.27822
2.611   3.22336
2.6123   3.17636
2.6136   3.24897
2.6149   3.37165
2.6162   3.29841
2.6176   3.26397
2.6189   3.27583
2.6202   3.24837
2.6215   3.14128
2.6229   3.15403
2.6242   3.14905
2.6255   3.20117
2.6268   3.21386
2.6282   3.20663
2.6295   3.21800
2.6308   3.23884
2.6322   3.21636
2.6335   3.24807
2.6349   3.19825
2.6362   3.16342
2.6375   3.10670
2.6389   3.14487
2.6402   3.14236
2.6416   3.18793
2.6429   3.18036
2.6443   3.14583
2.6456   3.06714
2.647   3.06776
2.6483   3.07707
2.6497   3.09092
2.651   3.07748
2.6524   3.14015
2.6537   3.13218
2.6551   3.15379
2.6565   3.15415
2.6578   3.21809
2.6592   3.21813
2.6605   3.12873
2.6619   3.07423
2.6633   3.09206
2.6646   3.04723
2.666   3.02719
2.6674   3.00719
2.6688   3.10196
2.6701   3.13334
2.6715   3.10110
2.6729   3.04814
2.6743   3.08337
2.6756   3.05278
2.677   3.05367
2.6784   3.05510
2.6798   3.07140
2.6812   3.02286
2.6826   3.0338
2.684   3.07964
2.6853   3.07378
2.6867   3.05701
2.6881   3.09431
2.6895   3.08268
2.6909   3.05039
2.6923   2.98864
2.6937   2.99216
2.6951   2.96721
2.6965   3.00400
2.6979   2.97837
2.6993   3.00102
2.7007   3.03204
2.7021   3.11482
2.7035   3.04415
2.705   2.99274
2.7064   2.97787
2.7078   3.00580
2.7092   2.9945
2.7106   3.02140
2.712   2.98671
2.7134   2.99559
2.7149   2.94787
2.7163   2.92180
2.7177   2.92223
2.7191   2.98244
2.7206   2.99574
2.722   3.01139
2.7234   3.01536
2.7249   3.01994
2.7263   2.95926
2.7277   2.95515
2.7292   2.96154
2.7306   3.03819
2.732   3.03507
2.7335   3.05937
2.7349   3.03421
2.7364   3.03381
2.7378   2.95862
2.7392   2.90227
2.7407   2.88753
2.7421   2.98542
2.7436   3.03320
2.745   3.07631
2.7465   3.06041
2.748   3.02919
2.7494   3.01270
2.7509   3.07078
2.7523   2.98291
2.7538   2.98719
2.7553   2.92851
2.7567   2.86805
2.7582   2.89098
2.7597   2.96488
2.7611   2.96604
2.7626   3.03000
2.7641   3.03974
2.7655   3.00298
2.767   2.90647
2.7685   2.98311
2.77   2.97304
2.7715   2.98509
2.7729   3.01012
2.7744   3.04382
2.7759   3.00768
2.7774   3.00055
2.7789   2.94046
2.7804   2.99042
2.7819   3.00597
2.7834   3.04016
2.7849   3.00636
2.7863   3.01102
2.7878   2.98474
2.7893   2.97187
2.7908   2.89521
2.7924   2.87274
2.7939   2.89776
2.7954   2.96737
2.7969   2.90843
2.7984   2.86868
2.7999   2.90054
2.8014   2.92199
2.8029   2.90440
2.8044   2.99209
2.8059   3.02686
2.8075   2.95714
2.809   2.84163
2.8105   2.89894
2.812   2.91160
2.8136   2.91929
2.8151   2.93425
2.8166   2.96431
2.8181   2.95214
2.8197   3.01331
2.8212   3.01486
2.8228   3.00272
2.8243   3.00046
2.8258   3.01873
2.8274   2.96001
2.8289   2.95268
2.8305   2.97447
2.832   3.00769
2.8335   2.92628
2.8351   2.90787
2.8366   2.87538
2.8382   2.91228
2.8398   2.90491
2.8413   2.95660
2.8429   2.92912
2.8444   2.97517
2.846   3.00727
2.8476   2.96950
2.8491   2.91814
2.8507   2.98195
2.8523   2.97317
2.8538   2.95768
2.8554   2.91690
2.857   2.99990
2.8585   2.98282
2.8601   2.93994
2.8617   2.86292
2.8633   2.82006
2.8649   2.83071
2.8664   2.95909
2.868   3.00652
2.8696   3.01604
2.8712   2.96814
2.8728   2.97652
2.8744   2.91349
2.876   2.92693
2.8776   2.94788
2.8792   2.96348
2.8808   2.91804
2.8824   2.94593
2.884   2.91650
2.8856   2.92779
2.8872   2.91540
2.8888   2.95106
2.8904   2.90047
2.892   2.88284
2.8936   2.84500
2.8953   2.91715
2.8969   2.88453
2.8985   2.88516
2.9001   2.90411
2.9017   2.94175
2.9034   2.92490
2.905   2.91703
2.9066   2.83530
2.9082   2.83184
2.9099   2.81166
2.9115   2.85102
2.9131   2.93519
2.9148   2.98556
2.9164   2.88400
2.9181   2.85633
2.9197   2.90463
2.9213   2.94286
2.923   2.93680
2.9246   2.92731
2.9263   2.80878
2.9279   2.79663
2.9296   2.86301
2.9313   2.88749
2.9329   2.90762
2.9346   2.99977
2.9362   2.97099
2.9379   2.96193
2.9396   2.90278
2.9412   2.90043
2.9429   2.91260
2.9446   2.87387
2.9462   2.81849
2.9479   2.90359
2.9496   2.84850
2.9513   2.83746
2.953   2.85865
2.9546   2.87643
2.9563   2.88731
2.958   2.85393
2.9597   2.85669
2.9614   2.93547
2.9631   2.89702
2.9648   2.90075
2.9665   2.88894
2.9682   2.90061
2.9699   2.80703
2.9716   2.80466
2.9733   2.80332
2.975   2.83807
2.9767   2.82915
2.9784   2.83417
2.9801   2.81875
2.9818   2.83810
2.9835   2.82674
2.9853   2.83035
2.987   2.78699
2.9887   2.79171
2.9904   2.82775
2.9921   2.89375
2.9939   2.87391
2.9956   2.92088
2.9973   2.88677
2.9991   2.85690
3.0008   2.80326
3.0025   2.79619
3.0043   2.78434
3.006   2.78791
3.0078   2.78515
3.0095   2.82487
3.0113   2.80611
3.013   2.83452
3.0148   2.80794
3.0165   2.82846
3.0183   2.82690
3.02   2.84493
3.0218   2.78073
3.0236   2.76662
3.0253   2.75773
3.0271   2.85236
3.0289   2.86932
3.0306   2.87685
3.0324   2.87198
3.0342   2.84176
3.0359   2.78346
3.0377   2.81760
3.0395   2.77385
3.0413   2.80951
3.0431   2.84023
3.0449   2.88380
3.0466   2.87963
3.0484   2.82647
3.0502   2.77103
3.052   2.83792
3.0538   2.85218
3.0556   2.81080
3.0574   2.76436
3.0592   2.84018
3.061   2.81583
3.0628   2.79176
3.0647   2.78684
3.0665   2.85474
3.0683   2.80484
3.0701   2.77879
3.0719   2.74476
3.0737   2.78609
3.0756   2.76787
3.0774   2.72437
3.0792   2.69403
3.081   2.76052
3.0829   2.72056
3.0847   2.69423
3.0865   2.68561
3.0884   2.74195
3.0902   2.72621
3.0921   2.69951
3.0939   2.65602
3.0958   2.68580
3.0976   2.73210
3.0995   2.78826
3.1013   2.70973
3.1032   2.71737
3.105   2.72624
3.1069   2.79798
3.1087   2.81384
3.1106   2.80372
3.1125   2.72966
3.1144   2.76684
3.1162   2.71950
3.1181   2.68697
3.12   2.68301
3.1219   2.70919
3.1237   2.67613
3.1256   2.69678
3.1275   2.69097
3.1294   2.72636
3.1313   2.73901
3.1332   2.77030
3.1351   2.78313
3.137   2.78944
3.1389   2.72024
3.1408   2.73521
3.1427   2.72847
3.1446   2.70588
3.1465   2.67973
3.1484   2.74676
3.1503   2.73202
3.1522   2.74639
3.1541   2.75003
3.1561   2.76255
3.158   2.77527
3.1599   2.79118
3.1618   2.78677
3.1638   2.76277
3.1657   2.70006
3.1676   2.71414
3.1696   2.69811
3.1715   2.72458
3.1734   2.72243
3.1754   2.70601
3.1773   2.66255
3.1793   2.67608
3.1812   2.67469
3.1832   2.65229
3.1851   2.64726
3.1871   2.72502
3.189   2.79042
3.191   2.78915
3.193   2.68267
3.1949   2.70422
3.1969   2.72866
3.1989   2.72431
3.2009   2.69320
3.2028   2.70196
3.2048   2.67623
3.2068   2.69128
3.2088   2.67632
3.2108   2.72732
3.2128   2.67935
3.2148   2.65022
3.2167   2.65444
3.2187   2.66684
3.2207   2.67414
3.2227   2.70341
3.2247   2.66779
3.2268   2.69503
3.2288   2.72698
3.2308   2.74480
3.2328   2.68588
3.2348   2.68874
3.2368   2.69521
3.2388   2.69392
3.2409   2.69603
3.2429   2.72345
3.2449   2.68618
3.247   2.66829
3.249   2.69459
3.251   2.71122
3.2531   2.69019
3.2551   2.72543
3.2572   2.67607
3.2592   2.65073
3.2613   2.71782
3.2633   2.74456
3.2654   2.64995
3.2674   2.66486
3.2695   2.61708
3.2715   2.60499
3.2736   2.59199
3.2757   2.62254
3.2777   2.63710
3.2798   2.66721
3.2819   2.67807
3.284   2.65155
3.2861   2.61383
3.2881   2.63041
3.2902   2.60689
3.2923   2.62529
3.2944   2.63511
3.2965   2.61424
3.2986   2.55271
3.3007   2.55794
3.3028   2.57286
3.3049   2.58246
3.307   2.56009
3.3091   2.56307
3.3112   2.55720
3.3134   2.57681
3.3155   2.56566
3.3176   2.58026
3.3197   2.56897
3.3218   2.57065
3.324   2.54692
3.3261   2.53710
3.3282   2.54458
3.3304   2.57474
3.3325   2.55041
3.3347   2.53410
3.3368   2.50376
3.339   2.53844
3.3411   2.54091
3.3433   2.54296
3.3454   2.54375
3.3476   2.53227
3.3497   2.47702
3.3519   2.49904
3.3541   2.49120
3.3562   2.47277
3.3584   2.44925
3.3606   2.47951
3.3628   2.46376
3.365   2.41798
3.3671   2.37577
3.3693   2.39017
3.3715   2.36255
3.3737   2.39627
3.3759   2.39799
3.3781   2.39818
3.3803   2.37667
3.3825   2.35105
3.3847   2.36604
3.3869   2.43890
3.3891   2.43851
3.3914   2.43473
3.3936   2.32520
3.3958   2.28429
3.398   2.22621
3.4003   2.26258
3.4025   2.34005
3.4047   2.36418
3.407   2.34176
3.4092   2.37678
3.4114   2.49857
3.4137   2.66654
3.4159   2.84351
3.4182   3.08099
3.4204   3.45201
3.4227   4.00657
3.425   4.59684
3.4272   5.18317
3.4295   5.52398
3.4318   5.43359
3.434   4.97011
3.4363   4.54612
3.4386   4.27267
3.4409   4.05401
3.4432   3.86739
3.4454   3.79129
3.4477   3.73842
3.45   3.70049
3.4523   3.64616
3.4546   3.61878
3.4569   3.59894
3.4592   3.57231
3.4615   3.48450
3.4639   3.47190
3.4662   3.47108
3.4685   3.45015
3.4708   3.36250
3.4731   3.31247
3.4755   3.25733
3.4778   3.17936
3.4801   3.08215
3.4825   3.04849
3.4848   3.00310
3.4872   2.99256
3.4895   3.00030
3.4918   2.94479
3.4942   2.85124
3.4966   2.82320
3.4989   2.83087
3.5013   2.90078
3.5036   3.08215
3.506   3.58194
3.5084   4.38154
3.5108   5.14386
3.5131   5.22946
3.5155   4.84613
3.5179   4.43507
3.5203   4.18209
3.5227   4.01662
3.5251   3.88848
3.5275   3.78619
3.5299   3.73803
3.5323   3.66797
3.5347   3.61023
3.5371   3.54728
3.5395   3.57195
3.5419   3.52403
3.5444   3.46528
3.5468   3.42664
3.5492   3.44184
3.5516   3.43472
3.5541   3.41085
3.5565   3.36209
3.559   3.38929
3.5614   3.38616
3.5638   3.36846
3.5663   3.32949
3.5687   3.30806
3.5712   3.29208
3.5737   3.30774
3.5761   3.31007
3.5786   3.30546
3.5811   3.27014
3.5835   3.25105
3.586   3.24667
3.5885   3.30117
3.591   3.27533
3.5935   3.26177
3.596   3.27587
3.5985   3.25391
3.601   3.21293
3.6035   3.19855
3.606   3.19283
3.6085   3.25897
3.611   3.26483
3.6135   3.24295
3.616   3.22394
3.6186   3.21552
3.6211   3.23140
3.6236   3.25509
3.6261   3.21031
3.6287   3.20195
3.6312   3.20835
3.6338   3.22050
3.6363   3.20748
3.6389   3.20050
3.6414   3.17769
3.644   3.18396
3.6465   3.17840
3.6491   3.20874
3.6517   3.25066
3.6543   3.24581
3.6568   3.17115
3.6594   3.15883
3.662   3.19870
3.6646   3.18642
3.6672   3.14525
3.6698   3.15588
3.6724   3.14728
3.675   3.15373
3.6776   3.16844
3.6802   3.19965
3.6828   3.17167
3.6854   3.17301
3.688   3.13820
3.6907   3.14846
3.6933   3.17153
3.6959   3.18517
3.6986   3.18969
3.7012   3.20174
3.7039   3.17582
3.7065   3.17945
3.7092   3.14862
3.7118   3.15090
3.7145   3.17838
3.7171   3.19821
3.7198   3.18972
3.7225   3.18456
3.7251   3.15738
3.7278   3.19253
3.7305   3.17643
3.7332   3.16623
3.7359   3.18030
3.7386   3.19177
3.7413   3.19248
3.744   3.21946
3.7467   3.20096
3.7494   3.18114
3.7521   3.17236
3.7548   3.18921
3.7575   3.19659
3.7603   3.21261
3.763   3.18918
3.7657   3.20015
3.7685   3.22860
3.7712   3.24733
3.7739   3.21112
3.7767   3.19440
3.7794   3.20132
3.7822   3.20556
3.785   3.18650
3.7877   3.20893
3.7905   3.22378
3.7933   3.21237
3.796   3.17287
3.7988   3.14598
3.8016   3.15037
3.8044   3.19920
3.8072   3.20835
3.81   3.20221
3.8128   3.18352
3.8156   3.19404
3.8184   3.16396
3.8212   3.15587
3.824   3.14315
3.8269   3.17509
3.8297   3.20421
3.8325   3.2078
3.8353   3.22625
3.8382   3.23325
3.841   3.18644
3.8439   3.17668
3.8467   3.15106
3.8496   3.15159
3.8524   3.15849
3.8553   3.16920
3.8582   3.20046
3.8611   3.21084
3.8639   3.22896
3.8668   3.24186
3.8697   3.21297
3.8726   3.20070
3.8755   3.17316
3.8784   3.17127
3.8813   3.15653
3.8842   3.16795
3.8871   3.19038
3.89   3.18895
3.8929   3.16931
3.8959   3.15652
3.8988   3.14026
3.9017   3.15050
3.9047   3.18296
3.9076   3.19700
3.9106   3.15337
3.9135   3.16904
3.9165   3.18764
3.9194   3.16569
3.9224   3.16118
3.9254   3.18400
3.9283   3.14230
3.9313   3.15714
3.9343   3.19981
3.9373   3.19581
3.9403   3.15117
3.9433   3.11360
3.9463   3.08977
3.9493   3.11668
3.9523   3.17258
3.9553   3.20840
3.9583   3.17328
3.9613   3.12794
3.9644   3.11980
3.9674   3.14204
3.9704   3.12768
3.9735   3.12095
3.9765   3.15996
3.9796   3.17916
3.9826   3.11472
3.9857   3.08953
3.9888   3.08860
3.9918   3.11793
3.9949   3.13462
3.998   3.11407
4.0011   3.06754
4.0042   3.11126
4.0073   3.12069
4.0104   3.08177
4.0135   3.09967
4.0166   3.10816
4.0197   3.08061
4.0228   3.11055
4.0259   3.14564
4.0291   3.11912
4.0322   3.10128
4.0353   3.11580
4.0385   3.13447
4.0416   3.14243
4.0448   3.11506
4.0479   3.09674
4.0511   3.09501
4.0543   3.08689
4.0574   3.07203
4.0606   3.06518
4.0638   3.06006
4.067   3.04402
4.0702   3.06909
4.0734   3.13218
4.0766   3.15101
4.0798   3.14667
4.083   3.11790
4.0862   3.07095
4.0894   3.05941
4.0927   3.06267
4.0959   3.03703
4.0991   3.05450
4.1024   3.08705
4.1056   3.09985
4.1089   3.05883
4.1121   3.04635
4.1154   3.04350
4.1187   3.06166
4.1219   3.08512
4.1252   3.06546
4.1285   3.02309
4.1318   3.02910
4.1351   3.08100
4.1384   3.12147
4.1417   3.08445
4.145   3.04385
4.1483   3.02573
4.1516   3.02052
4.155   3.03649
4.1583   3.04659
4.1616   3.05703
4.165   3.06548
4.1683   3.07993
4.1717   3.08700
4.175   3.02856
4.1784   3.00435
4.1818   3.03107
4.1851   3.02760
4.1885   3.00789
4.1919   2.98370
4.1953   2.99994
4.1987   3.05395
4.2021   3.04864
4.2055   2.99637
4.2089   3.04025
4.2123   3.13067
4.2158   3.08807
4.2192   3.05905
4.2226   3.06429
4.2261   2.98725
4.2295   2.99239
4.233   3.07471
4.2364   3.11216
4.2399   3.13540
4.2434   3.10490
4.2468   3.0452
4.2503   3.05169
4.2538   3.04657
4.2573   3.02418
4.2608   3.06375
4.2643   3.07294
4.2678   3.06039
4.2713   3.03643
4.2748   2.99786
4.2784   2.95769
4.2819   2.93913
4.2854   2.96682
4.289   3.00077
4.2925   3.00501
4.2961   2.98525
4.2997   2.99672
4.3032   3.02498
4.3068   2.98170
4.3104   2.93454
4.314   2.97583
4.3176   2.97359
4.3212   2.93331
4.3248   2.94016
4.3284   2.91869
4.332   2.91511
4.3356   2.95712
4.3392   2.93781
4.3429   2.86669
4.3465   2.86798
4.3502   2.92679
4.3538   2.91341
4.3575   2.90148
4.3611   2.88415
4.3648   2.87353
4.3685   2.88912
4.3722   2.87238
4.3759   2.89959
4.3796   2.90202
4.3833   2.89316
4.387   2.90198
4.3907   2.87967
4.3944   2.87373
4.3981   2.88698
4.4019   2.90072
4.4056   2.89119
4.4093   2.85451
4.4131   2.85629
4.4169   2.87957
4.4206   2.86168
4.4244   2.84309
4.4282   2.84636
4.432   2.86621
4.4357   2.86196
4.4395   2.85459
4.4434   2.87422
4.4472   2.83596
4.451   2.79017
4.4548   2.82298
4.4586   2.84816
4.4625   2.83894
4.4663   2.82965
4.4702   2.80819
4.474   2.78441
4.4779   2.79118
4.4818   2.80366
4.4856   2.81529
4.4895   2.82319
4.4934   2.85901
4.4973   2.84511
4.5012   2.81282
4.5051   2.79299
4.509   2.80552
4.513   2.83637
4.5169   2.83226
4.5208   2.80958
4.5248   2.81408
4.5287   2.80461
4.5327   2.80668
4.5367   2.81336
4.5406   2.80521
4.5446   2.77112
4.5486   2.75837
4.5526   2.77661
4.5566   2.79828
4.5606   2.78350
4.5646   2.75714
4.5686   2.74646
4.5727   2.74004
4.5767   2.74086
4.5807   2.76720
4.5848   2.77868
4.5888   2.78664
4.5929   2.79694
4.597   2.82132
4.6011   2.78680
4.6051   2.75393
4.6092   2.73670
4.6133   2.75928
4.6174   2.77266
4.6216   2.78789
4.6257   2.79463
4.6298   2.75170
4.634   2.71394
4.6381   2.73051
4.6422   2.74156
4.6464   2.76559
4.6506   2.76755
4.6547   2.77194
4.6589   2.76249
4.6631   2.76313
4.6673   2.75461
4.6715   2.76853
4.6757   2.78247
4.68   2.77639
4.6842   2.72309
4.6884   2.72513
4.6927   2.73243
4.6969   2.72931
4.7012   2.71774
4.7054   2.72282
4.7097   2.71880
4.714   2.71917
4.7183   2.71089
4.7226   2.71319
4.7269   2.71026
4.7312   2.72980
4.7355   2.72829
4.7398   2.72110
4.7442   2.70410
4.7485   2.72022
4.7529   2.73913
4.7572   2.75499
4.7616   2.75642
4.766   2.75301
4.7704   2.74542
4.7748   2.76443
4.7792   2.73517
4.7836   2.71858
4.788   2.69762
4.7924   2.73069
4.7968   2.72988
4.8013   2.69622
4.8057   2.70234
4.8102   2.73683
4.8147   2.70531
4.8191   2.69660
4.8236   2.69723
4.8281   2.70404
4.8326   2.72030
4.8371   2.72554
4.8416   2.72251
4.8462   2.71486
4.8507   2.70400
4.8552   2.73991
4.8598   2.73272
4.8643   2.71221
4.8689   2.70155
4.8735   2.71902
4.8781   2.68219
4.8827   2.69590
4.8873   2.71523
4.8919   2.70685
4.8965   2.66976
4.9011   2.68021
4.9058   2.69327
4.9104   2.70013
4.9151   2.69303
4.9197   2.72095
4.9244   2.71979
4.9291   2.72622
4.9338   2.71015
4.9385   2.70937
4.9432   2.69003
4.9479   2.68837
4.9526   2.68794
4.9574   2.71558
4.9621   2.71093
4.9668   2.72514
4.9716   2.73167
4.9764   2.73939
4.9812   2.70917
4.986   2.71524
4.9908   2.7164
4.9956   2.71785
5.0004   2.70211
5.0052   2.70801
5.01   2.68313
5.0149   2.69296
5.0197   2.71288
5.0246   2.68706
5.0295   2.66174
5.0344   2.68789
5.0393   2.68090
5.0442   2.70048
5.0491   2.67923
5.054   2.69805
5.0589   2.68762
5.0639   2.69057
5.0688   2.68796
5.0738   2.67686
5.0787   2.69574
5.0837   2.72004
5.0887   2.70449
5.0937   2.71096
5.0987   2.67351
5.1037   2.68282
5.1088   2.70676
5.1138   2.74297
5.1188   2.71034
5.1239   2.71387
5.129   2.67707
5.134   2.68801
5.1391   2.68942
5.1442   2.72516
5.1493   2.73986
5.1545   2.71557
5.1596   2.68295
5.1647   2.66123
5.1699   2.63565
5.175   2.65604
5.1802   2.65083
5.1854   2.66201
5.1906   2.67118
5.1958   2.69066
5.201   2.62553
5.2062   2.61480
5.2114   2.64633
5.2167   2.68213
5.2219   2.69469
5.2272   2.72897
5.2325   2.69171
5.2378   2.68478
5.2431   2.67997
5.2484   2.69944
5.2537   2.66294
5.259   2.64692
5.2644   2.65331
5.2697   2.67444
5.2751   2.67322
5.2804   2.67662
5.2858   2.64479
5.2912   2.65838
5.2966   2.67408
5.302   2.69836
5.3075   2.64740
5.3129   2.6519
5.3183   2.65329
5.3238   2.66292
5.3293   2.65897
5.3348   2.67800
5.3403   2.66555
5.3458   2.67285
5.3513   2.66347
5.3568   2.66177
5.3623   2.61352
5.3679   2.60681
5.3735   2.59454
5.379   2.62482
5.3846   2.65381
5.3902   2.65635
5.3958   2.60805
5.4014   2.64207
5.4071   2.60475
5.4127   2.59579
5.4184   2.59212
5.424   2.59088
5.4297   2.61029
5.4354   2.60920
5.4411   2.56751
5.4468   2.61731
5.4526   2.58947
5.4583   2.55873
5.4641   2.54557
5.4698   2.59238
5.4756   2.57640
5.4814   2.58916
5.4872   2.56425
5.493   2.56097
5.4988   2.52455
5.5047   2.54415
5.5105   2.53194
5.5164   2.55421
5.5222   2.54775
5.5281   2.54890
5.534   2.52672
5.5399   2.55152
5.5459   2.51975
5.5518   2.49689
5.5578   2.50626
5.5637   2.54018
5.5697   2.52714
5.5757   2.55565
5.5817   2.49832
5.5877   2.46653
5.5937   2.44781
5.5998   2.48847
5.6058   2.49171
5.6119   2.49862
5.618   2.43569
5.6241   2.45189
5.6302   2.46606
5.6363   2.43275
5.6424   2.37586
5.6486   2.40534
5.6547   2.35555
5.6609   2.38135
5.6671   2.41803
5.6733   2.42545
5.6795   2.37391
5.6857   2.34877
5.692   2.27487
5.6982   2.25508
5.7045   2.24017
5.7108   2.25329
5.7171   2.19284
5.7234   2.13969
5.7297   2.04034
5.7361   2.01676
5.7424   2.00998
5.7488   2.07183
5.7551   2.13255
5.7615   2.28263
5.768   2.35912
5.7744   2.42258
5.7808   2.44886
5.7873   2.51508
5.7937   2.52281
5.8002   2.52026
5.8067   2.49505
5.8132   2.52653
5.8197   2.51757
5.8263   2.54076
5.8328   2.58020
5.8394   2.64984
5.846   2.64687
5.8526   2.65891
5.8592   2.62552
5.8658   2.68585
5.8725   2.70004
5.8791   2.70866
5.8858   2.65891
5.8925   2.67800
5.8992   2.69301
5.9059   2.73586
5.9126   2.70542
5.9194   2.72253
5.9262   2.74146
5.9329   2.75928
5.9397   2.69749
5.9465   2.71292
5.9534   2.73662
5.9602   2.78262
5.9671   2.74631
5.9739   2.74498
5.9808   2.69437
5.9877   2.74339
5.9947   2.79001
6.0016   2.81292
6.0086   2.77654
6.0155   2.79410
6.0225   2.76308
6.0295   2.80369
6.0365   2.80045
6.0436   2.81980
6.0506   2.81346
6.0577   2.82544
6.0648   2.80426
6.0719   2.80381
6.079   2.74953
6.0861   2.80831
6.0933   2.82801
6.1005   2.80470
6.1076   2.75563
6.1148   2.83573
6.1221   2.82616
6.1293   2.87040
6.1366   2.87015
6.1438   2.92514
6.1511   2.87923
6.1584   2.85687
6.1657   2.86059
6.1731   2.93259
6.1804   2.92694
6.1878   2.95372
6.1952   2.90339
6.2026   2.93882
6.21   2.89454
6.2175   2.85670
6.225   2.80746
6.2324   2.84325
6.2399   2.83372
6.2475   2.88287
6.255   2.85712
6.2625   2.90180
6.2701   2.89290
6.2777   2.90777
6.2853   2.89295
6.2929   2.91866
6.3006   2.86129
6.3083   2.83319
6.3159   2.79591
6.3236   2.86104
6.3314   2.84359
6.3391   2.84124
6.3469   2.77877
6.3546   2.78999
6.3624   2.78706
6.3703   2.84177
6.3781   2.81007
6.3859   2.80940
6.3938   2.79946
6.4017   2.84461
6.4096   2.81091
6.4176   2.84839
6.4255   2.82016
6.4335   2.81266
6.4415   2.75856
6.4495   2.79430
6.4575   2.77553
6.4656   2.79943
6.4736   2.73841
6.4817   2.77587
6.4898   2.78501
6.498   2.81489
6.5061   2.73380
6.5143   2.73535
6.5225   2.73880
6.5307   2.77412
6.539   2.69829
6.5472   2.67213
6.5555   2.63660
6.5638   2.63289
6.5721   2.58709
6.5804   2.61615
6.5888   2.62475
6.5972   2.67612
6.6056   2.65657
6.614   2.70493
6.6225   2.68669
6.6309   2.70300
6.6394   2.64516
6.6479   2.69899
6.6565   2.70624
6.665   2.73964
6.6736   2.68920
6.6822   2.70852
6.6908   2.66973
6.6995   2.69885
6.7081   2.67102
6.7168   2.64923
6.7255   2.59554
6.7343   2.62260
6.743   2.58923
6.7518   2.59343
6.7606   2.52307
6.7694   2.54492
6.7783   2.61766
6.7872   2.83109
6.7961   2.80814
6.805   2.72287
6.8139   2.63390
6.8229   2.71677
6.8319   2.91897
6.8409   3.10185
6.8499   2.99208
6.859   2.93510
6.8681   2.85665
6.8772   2.86130
6.8863   2.81436
6.8955   2.83997
6.9046   2.83226
6.9139   2.88950
6.9231   2.82743
6.9323   2.83105
6.9416   2.81090
6.9509   2.86736
6.9603   2.81402
6.9696   2.85225
6.979   2.84733
6.9884   2.86494
6.9978   2.80659
7.0073   2.83888
7.0168   2.81160
7.0263   2.87645
7.0358   2.87022
7.0454   2.90455
7.055   2.85106
7.0646   2.84185
7.0742   2.80046
7.0839   2.88503
7.0936   2.86572
7.1033   2.84147
7.113   2.76073
7.1228   2.79159
7.1326   2.78460
7.1424   2.81671
7.1523   2.78749
7.1621   2.82331
7.172   2.76252
7.182   2.80455
7.1919   2.76440
7.2019   2.80739
7.2119   2.80130
7.222   2.80559
7.2321   2.74883
7.2422   2.78758
7.2523   2.77679
7.2624   2.80128
7.2726   2.73192
7.2828   2.74874
7.2931   2.73202
7.3034   2.74400
7.3137   2.66214
7.324   2.72058
7.3344   2.74426
7.3447   2.74418
7.3552   2.69048
7.3656   2.76075
7.3761   2.72516
7.3866   2.76525
7.3971   2.75338
7.4077   2.76651
7.4183   2.72053
7.4289   2.80489
7.4396   2.75830
7.4503   2.75880
7.461   2.73336
7.4717   2.79945
7.4825   2.74608
7.4933   2.75724
7.5042   2.70593
7.5151   2.71001
7.526   2.68754
7.5369   2.73477
7.5479   2.66779
7.5589   2.72457
7.5699   2.70490
7.581   2.70878
7.5921   2.68971
7.6032   2.76342
7.6144   2.69753
7.6256   2.71574
7.6368   2.66821
7.6481   2.67119
7.6594   2.66572
7.6707   2.72997
7.6821   2.70228
7.6935   2.73897
7.7049   2.65184
7.7164   2.69864
7.7278   2.67033
7.7394   2.70824
7.751   2.68749
7.7626   2.74095
7.7742   2.66550
7.7859   2.70577
7.7976   2.64212
7.8093   2.63222
7.8211   2.59101
7.8329   2.67313
7.8448   2.62459
7.8566   2.67592
7.8686   2.63920
7.8805   2.69254
7.8925   2.65544
7.9046   2.66460
7.9166   2.57119
7.9287   2.63787
7.9409   2.62870
7.9531   2.67037
7.9653   2.63139
7.9775   2.71552
7.9898   2.69573
8.0021   2.75976
8.0145   2.71314
8.0269   2.77761
8.0394   2.70043
8.0518   2.73446
8.0644   2.70742
8.0769   2.77687
8.0895   2.75288
8.1022   2.85873
8.1148   2.81732
8.1276   2.80838
8.1403   2.73266
8.1531   2.84747
8.166   2.79839
8.1788   2.85436
8.1918   2.79488
8.2047   2.87700
8.2177   2.79809
8.2308   2.86761
8.2439   2.88293
8.257   3.01484
8.2702   2.96876
8.2834   2.95945
8.2966   2.83015
8.3099   2.89162
8.3233   2.85070
8.3366   2.95708
8.3501   2.92838
8.3635   2.98253
8.377   2.94248
8.3906   2.97432
8.4042   2.88185
8.4178   2.97402
8.4315   2.99129
8.4453   3.10509
8.459   3.02531
8.4729   3.07106
8.4867   3.03824
8.5006   3.14614
8.5146   3.14559
8.5286   3.29332
8.5426   3.22782
8.5567   3.29687
8.5709   3.27900
8.5851   3.42172
8.5993   3.31629
8.6136   3.36820
8.6279   3.33827
8.6423   3.39259
8.6567   3.31601
8.6712   3.44863
8.6857   3.45511
8.7003   3.51110
8.7149   3.38403
8.7296   3.41550
8.7443   3.36022
8.7591   3.50525
8.7739   3.52441
8.7888   3.64884
8.8037   3.57604
8.8187   3.63586
8.8337   3.49917
8.8488   3.48473
8.8639   3.41595
8.8791   3.51854
8.8943   3.37912
8.9096   3.39426
8.9249   3.28887
8.9403   3.31430
8.9558   3.20347
8.9713   3.24859
8.9868   3.16895
9.0024   3.30827
9.0181   3.27880
9.0338   3.34443
9.0495   3.20838
9.0654   3.29172
9.0812   3.25304
9.0972   3.36620
9.1132   3.31555
9.1292   3.37928
9.1453   3.21995
9.1615   3.30248
9.1777   3.2762
9.194   3.40026
9.2103   3.35124
9.2267   3.44016
9.2431   3.32792
9.2596   3.35369
9.2762   3.19114
9.2928   3.24821
9.3095   3.19093
9.3262   3.27501
9.343   3.12431
9.3599   3.16593
9.3768   2.98341
9.3938   3.01368
9.4109   3.00230
9.428   3.15160
9.4451   3.05489
9.4624   3.16302
9.4797   3.04627
9.4971   3.08944
9.5145   3.05371
9.532   3.22581
9.5495   3.15090
9.5671   3.18459
9.5848   3.08608
9.6026   3.18361
9.6204   3.08017
9.6383   3.14127
9.6562   3.02286
9.6742   3.12484
9.6923   3.04119
9.7105   3.12369
9.7287   3.05690
9.747   3.12681
9.7653   3.04987
9.7837   3.18036
9.8022   3.09756
9.8208   3.31580
9.8394   3.30366
9.8581   3.26810
9.8769   3.13814
9.8958   3.25222
9.9147   3.22623
9.9337   3.38376
9.9528   3.34689
9.9719   3.44526
9.9911   3.39729
10.0104   3.50440
10.0298   3.44647
10.0492   3.55937
10.0687   3.46035
10.0883   3.52811
10.108   3.50507
10.1277   3.61476
10.1475   3.53365
10.1674   3.65636
10.1874   3.59834
10.2074   3.72202
10.2276   3.67205
10.2478   3.77327
10.2681   3.72820
10.2885   3.83283
10.3089   3.76793
10.3295   3.87256
10.3501   3.76508
10.3708   3.83864
10.3916   3.80854
10.4124   3.88476
10.4334   3.76504
10.4544   3.95067
10.4755   3.93205
10.4967   4.08754
10.518   3.96921
10.5394   4.01289
10.5609   3.96896
10.5824   4.09242
10.6041   3.99161
10.6258   4.09302
10.6476   3.96993
10.6695   4.10382
10.6915   4.05115
10.7136   4.06161
10.7358   3.92759
10.7581   4.14539
10.7804   4.12235
10.8029   4.18227
10.8254   4.09945
10.8481   4.22114
10.8708   4.15731
10.8937   4.29543
10.9166   4.11473
10.9396   4.16262
10.9628   4.13926
10.986   4.26544
11.0093   4.12931
11.0327   4.29020
11.0563   4.30067
11.0799   4.37286
11.1036   4.22992
11.1274   4.32481
11.1514   4.21021
11.1754   4.33149
11.1995   4.25301
11.2238   4.34500
11.2481   4.21912
11.2726   4.36907
11.2971   4.29858
11.3218   4.41731
11.3466   4.31931
11.3715   4.43894
11.3965   4.33459
11.4216   4.42037
11.4468   4.29489
11.4721   4.37028
11.4975   4.30124
11.5231   4.47809
11.5487   4.38077
11.5745   4.49110
11.6004   4.33456
11.6264   4.34647
11.6525   4.28460
11.6788   4.49211
11.7052   4.32529
11.7316   4.44170
11.7582   4.32836
11.785   4.40141
11.8118   4.33579
11.8388   4.42138
11.8659   4.31789
11.8931   4.46036
11.9204   4.27605
11.9479   4.27928
11.9755   4.13123
12.0032   4.27834
12.0311   4.22550
12.059   4.43166
12.0871   4.23898
12.1154   4.30866
12.1438   4.21630
12.1723   4.34183
12.2009   4.13319
12.2297   4.30237
12.2586   4.24928
12.2876   4.32241
12.3168   4.17242
12.3462   4.33261
12.3756   4.21013
12.4052   4.30737
12.435   4.16266
12.4649   4.25445
12.4949   4.02586
12.5251   4.16485
12.5554   4.10009
12.5859   4.20656
12.6165   3.97094
12.6473   4.04671
12.6782   3.88637
12.7093   4.02755
12.7405   3.94954
12.7719   4.08016
12.8034   3.86661
12.8351   4.03018
12.867   3.83215
12.899   3.93603
12.9311   3.73648
12.9635   3.87354
12.996   3.63542
13.0286   3.68458
13.0614   3.55774
13.0944   3.73855
13.1276   3.54916
13.1609   3.65113
13.1944   3.50548
13.228   3.72311
13.2619   3.52473
13.2959   3.54253
13.33   3.23427
13.3644   3.40208
13.3989   3.28873
13.4336   3.46373
13.4685   3.25524
13.5036   3.29500
13.5389   3.05282
13.5743   3.20305
13.6099   3.01639
13.6458   3.19544
13.6818   3.11354
13.7179   3.30616
13.7543   3.02332
13.7909   3.16690
13.8277   3.05183
13.8647   3.41314
13.9018   3.43328
13.9392   3.63338
13.9768   3.26877
14.0146   3.31512
14.0525   3.07404
14.0907   3.26185
14.1291   3.09089
14.1677   3.22203
14.2065   2.99703
14.2456   3.23474
14.2848   2.94901
14.3243   3.04571
14.3639   2.82794
14.4038   3.15421
14.444   2.90291
14.4843   2.99566
14.5249   2.66681
14.5657   2.99704
14.6067   2.79966
14.648   3.17997
14.6895   2.90310
14.7312   3.09308
14.7732   2.67266
14.8154   2.82844
14.8578   2.53718
14.9005   2.99281
14.9435   2.86237
14.9867   3.11163
15.0301   2.50300
15.0738   2.77981
15.1177   2.24268
15.1619   2.59497
15.2064   2.23960
15.2511   2.70810
15.2961   2.31505
15.3414   2.51374
15.3869   0

