Name: Aloe bainesii
Type: vegetation
Class: Tree
Genus: Aloe
Species: bainesii
Sample No.: JPL057
Owner: JPL
Wavelength Range: All
Origin: 34.12722; - 118.11108; WGS84
Collection Date: 2/2/2016
Description: Samples were collected at the Huntington Garden in San
Marino California as part of a JPL Subcontract studying HyTES imagery.
Samples were taken to JPL and processed within 48 hours of collection.
The same leaves were processed in the Nicolet and then measured using
the ASD.
 
Measurement: Bidirectional and directional hemispherical reflectance
First Column: X
Second Column: Y
X Units: Wavelength (micrometer)
Y Units: Reflectance (percentage)
First X Value: 0.35
Last X Value: 15.3869
Number of X Values: 3889
Additional Information: 

0.35   6.92588
0.351   7.07282
0.352   7.06042
0.353   6.29722
0.354   5.16454
0.355   6.95790
0.356   5.76405
0.357   3.26414
0.358   4.51568
0.359   5.91587
0.36   6.64647
0.361   6.19087
0.362   3.67438
0.363   4.66723
0.364   6.13458
0.365   4.95266
0.366   5.51242
0.367   5.41584
0.368   4.71089
0.369   5.10754
0.37   6.08180
0.371   6.16133
0.372   4.87793
0.373   3.51457
0.374   4.61473
0.375   6.28136
0.376   6.06235
0.377   5.24924
0.378   4.80777
0.379   5.02018
0.38   5.54142
0.381   5.47877
0.382   4.81185
0.383   4.04065
0.384   4.52160
0.385   5.55321
0.386   5.86061
0.387   4.65036
0.388   4.92080
0.389   5.27664
0.39   5.23267
0.391   5.53055
0.392   5.40652
0.393   5.03077
0.394   4.83687
0.395   5.52046
0.396   5.49883
0.397   4.72907
0.398   4.01468
0.399   4.30815
0.4   4.69838
0.401   4.75302
0.402   4.86688
0.403   5.38101
0.404   5.62674
0.405   5.13153
0.406   4.94369
0.407   4.84799
0.408   4.79973
0.409   4.88317
0.41   5.25485
0.411   5.35165
0.412   5.05797
0.413   5.20986
0.414   5.24279
0.415   5.17878
0.416   5.16590
0.417   5.03820
0.418   4.93383
0.419   4.97272
0.42   5.21861
0.421   5.19154
0.422   5.11604
0.423   5.18247
0.424   5.12719
0.425   5.21662
0.426   5.43123
0.427   5.60735
0.428   5.61336
0.429   5.49830
0.43   5.42411
0.431   5.67860
0.432   5.73747
0.433   5.68139
0.434   5.69622
0.435   5.71503
0.436   5.79206
0.437   5.85976
0.438   5.78235
0.439   5.82333
0.44   5.90719
0.441   5.93898
0.442   5.90465
0.443   5.85267
0.444   5.86320
0.445   5.98199
0.446   5.97522
0.447   6.00582
0.448   6.08862
0.449   6.03737
0.45   6.00262
0.451   6.06632
0.452   6.22184
0.453   6.23259
0.454   6.29201
0.455   6.40182
0.456   6.44616
0.457   6.47063
0.458   6.42467
0.459   6.34106
0.46   6.43385
0.461   6.44865
0.462   6.46905
0.463   6.61411
0.464   6.55365
0.465   6.47083
0.466   6.51239
0.467   6.73948
0.468   6.69969
0.469   6.58263
0.47   6.61030
0.471   6.69792
0.472   6.70406
0.473   6.69382
0.474   6.81666
0.475   6.88714
0.476   6.85970
0.477   6.76655
0.478   6.72517
0.479   6.83403
0.48   6.90726
0.481   6.77489
0.482   6.74365
0.483   6.77397
0.484   6.85804
0.485   7.01354
0.486   6.99543
0.487   6.93659
0.488   6.95961
0.489   6.98469
0.49   6.98141
0.491   6.97571
0.492   7.01158
0.493   7.02323
0.494   7.03731
0.495   7.06624
0.496   7.08938
0.497   7.11174
0.498   7.14517
0.499   7.20553
0.5   7.32780
0.501   7.40231
0.502   7.36227
0.503   7.20581
0.504   7.32301
0.505   7.52223
0.506   7.61572
0.507   7.66674
0.508   7.66591
0.509   7.70360
0.51   7.87622
0.511   8.02326
0.512   8.14425
0.513   8.25242
0.514   8.35723
0.515   8.58327
0.516   8.81643
0.517   8.94399
0.518   9.11322
0.519   9.30853
0.52   9.51075
0.521   9.70438
0.522   9.92132
0.523   10.1481
0.524   10.3625
0.525   10.5267
0.526   10.7014
0.527   10.8961
0.528   11.0931
0.529   11.2555
0.53   11.4266
0.531   11.6038
0.532   11.7198
0.533   11.8367
0.534   11.9550
0.535   12.0584
0.536   12.1327
0.537   12.1576
0.538   12.1883
0.539   12.3215
0.54   12.4666
0.541   12.6170
0.542   12.7595
0.543   12.8496
0.544   12.8976
0.545   12.9063
0.546   12.8809
0.547   12.8525
0.548   12.8164
0.549   12.7904
0.55   12.8230
0.551   12.8196
0.552   12.7990
0.553   12.7932
0.554   12.7778
0.555   12.7106
0.556   12.6177
0.557   12.5649
0.558   12.4421
0.559   12.3228
0.56   12.2637
0.561   12.2371
0.562   12.1746
0.563   12.0660
0.564   11.9327
0.565   11.8082
0.566   11.6630
0.567   11.5045
0.568   11.3864
0.569   11.2168
0.57   11.0340
0.571   10.8848
0.572   10.7289
0.573   10.6036
0.574   10.5149
0.575   10.4438
0.576   10.3539
0.577   10.2754
0.578   10.2216
0.579   10.1526
0.58   10.0822
0.581   10.0170
0.582   9.95802
0.583   9.88691
0.584   9.79236
0.585   9.68871
0.586   9.61893
0.587   9.59880
0.588   9.59363
0.589   9.56502
0.59   9.49971
0.591   9.45838
0.592   9.44194
0.593   9.41339
0.594   9.35109
0.595   9.28860
0.596   9.25593
0.597   9.26749
0.598   9.25653
0.599   9.22577
0.6   9.19528
0.601   9.14174
0.602   9.11601
0.603   9.10662
0.604   9.04501
0.605   8.99658
0.606   8.98014
0.607   8.98076
0.608   8.91711
0.609   8.87297
0.61   8.88435
0.611   8.93716
0.612   8.87933
0.613   8.74462
0.614   8.60730
0.615   8.58381
0.616   8.53060
0.617   8.46317
0.618   8.42475
0.619   8.36848
0.62   8.35261
0.621   8.35400
0.622   8.29373
0.623   8.24585
0.624   8.21988
0.625   8.20978
0.626   8.19757
0.627   8.21935
0.628   8.21591
0.629   8.13029
0.63   8.14706
0.631   8.17486
0.632   8.15802
0.633   8.10322
0.634   8.08846
0.635   8.06526
0.636   7.99973
0.637   7.99974
0.638   7.97517
0.639   7.91343
0.64   7.84792
0.641   7.78908
0.642   7.73359
0.643   7.67958
0.644   7.63018
0.645   7.58181
0.646   7.54391
0.647   7.52353
0.648   7.50577
0.649   7.47311
0.65   7.43339
0.651   7.41330
0.652   7.40076
0.653   7.39556
0.654   7.38998
0.655   7.35772
0.656   7.29157
0.657   7.24089
0.658   7.26024
0.659   7.29687
0.66   7.28720
0.661   7.24056
0.662   7.24106
0.663   7.19057
0.664   7.14728
0.665   7.15770
0.666   7.13990
0.667   7.13950
0.668   7.16530
0.669   7.20053
0.67   7.18395
0.671   7.19452
0.672   7.24982
0.673   7.26448
0.674   7.31623
0.675   7.38286
0.676   7.42800
0.677   7.45307
0.678   7.53441
0.679   7.65709
0.68   7.74751
0.681   7.81393
0.682   7.88706
0.683   7.98898
0.684   8.12296
0.685   8.24034
0.686   8.35143
0.687   8.48227
0.688   8.63671
0.689   8.78841
0.69   8.96463
0.691   9.22796
0.692   9.50625
0.693   9.86615
0.694   10.3396
0.695   10.8441
0.696   11.4178
0.697   12.0963
0.698   12.8991
0.699   13.7714
0.7   14.7060
0.701   15.7099
0.702   16.7935
0.703   17.8913
0.704   19.0069
0.705   20.1637
0.706   21.4054
0.707   22.6697
0.708   23.9272
0.709   25.1812
0.71   26.5003
0.711   27.8760
0.712   29.2808
0.713   30.6840
0.714   32.1138
0.715   33.5990
0.716   35.1253
0.717   36.5894
0.718   38.1218
0.719   39.7137
0.72   41.3065
0.721   42.8932
0.722   44.4731
0.723   46.0410
0.724   47.5769
0.725   49.1000
0.726   50.5898
0.727   52.0320
0.728   53.4427
0.729   54.8038
0.73   56.1183
0.731   57.3831
0.732   58.5420
0.733   59.6434
0.734   60.7160
0.735   61.7542
0.736   62.7457
0.737   63.6555
0.738   64.4722
0.739   65.2469
0.74   66.0056
0.741   66.7374
0.742   67.4105
0.743   68.0028
0.744   68.4962
0.745   68.9322
0.746   69.3947
0.747   69.8172
0.748   70.1609
0.749   70.4346
0.75   70.7390
0.751   70.9937
0.752   71.2086
0.753   71.4154
0.754   71.5874
0.755   71.7487
0.756   71.8987
0.757   72.0150
0.758   72.0862
0.759   72.1505
0.76   72.2266
0.761   72.2865
0.762   72.3501
0.763   72.3984
0.764   72.4161
0.765   72.4443
0.766   72.4605
0.767   72.4721
0.768   72.5033
0.769   72.5491
0.77   72.5820
0.771   72.5892
0.772   72.5806
0.773   72.5475
0.774   72.5511
0.775   72.6228
0.776   72.6683
0.777   72.6624
0.778   72.6479
0.779   72.6817
0.78   72.6745
0.781   72.6534
0.782   72.6588
0.783   72.7279
0.784   72.7859
0.785   72.8091
0.786   72.8074
0.787   72.8350
0.788   72.8769
0.789   72.9116
0.79   72.9248
0.791   72.9459
0.792   72.9909
0.793   73.0431
0.794   73.0669
0.795   73.0805
0.796   73.0900
0.797   73.1000
0.798   73.1149
0.799   73.1513
0.8   73.1960
0.801   73.2284
0.802   73.2253
0.803   73.2613
0.804   73.2991
0.805   73.2778
0.806   73.2903
0.807   73.3151
0.808   73.3319
0.809   73.3301
0.81   73.3449
0.811   73.3143
0.812   73.2574
0.813   73.3430
0.814   73.3453
0.815   73.2926
0.816   73.2673
0.817   73.2959
0.818   73.2835
0.819   73.2410
0.82   73.2260
0.821   73.2415
0.822   73.2046
0.823   73.1357
0.824   73.1371
0.825   73.0767
0.826   72.9628
0.827   72.8427
0.828   72.7866
0.829   72.7374
0.83   72.6658
0.831   72.5600
0.832   72.4224
0.833   72.3729
0.834   72.3778
0.835   72.3427
0.836   72.2676
0.837   72.1796
0.838   72.1253
0.839   72.1521
0.84   72.1954
0.841   72.1919
0.842   72.1324
0.843   72.0792
0.844   72.0722
0.845   72.0883
0.846   72.0970
0.847   72.0933
0.848   72.1017
0.849   72.0698
0.85   71.9697
0.851   71.9751
0.852   72.0223
0.853   72.0401
0.854   71.9813
0.855   71.9556
0.856   71.9469
0.857   71.9372
0.858   71.9216
0.859   71.9431
0.86   71.9409
0.861   71.9008
0.862   71.9076
0.863   71.9333
0.864   71.9454
0.865   71.9208
0.866   71.8623
0.867   71.8314
0.868   71.8233
0.869   71.8057
0.87   71.7518
0.871   71.7258
0.872   71.7357
0.873   71.7459
0.874   71.7008
0.875   71.6309
0.876   71.5792
0.877   71.5810
0.878   71.5537
0.879   71.4927
0.88   71.4203
0.881   71.3758
0.882   71.3651
0.883   71.3286
0.884   71.2471
0.885   71.2237
0.886   71.1378
0.887   71.0545
0.888   71.0481
0.889   71.0320
0.89   70.9746
0.891   70.9185
0.892   70.9207
0.893   70.9351
0.894   70.8909
0.895   70.8253
0.896   70.8171
0.897   70.7016
0.898   70.5729
0.899   70.5274
0.9   70.6100
0.901   70.5852
0.902   70.4876
0.903   70.3768
0.904   70.2887
0.905   70.3063
0.906   70.3155
0.907   70.2406
0.908   70.1503
0.909   70.0548
0.91   69.9962
0.911   69.9710
0.912   69.8513
0.913   69.7255
0.914   69.6005
0.915   69.4669
0.916   69.3541
0.917   69.2209
0.918   69.1258
0.919   69.1019
0.92   68.8716
0.921   68.7174
0.922   68.6088
0.923   68.3642
0.924   68.1335
0.925   67.8419
0.926   67.5562
0.927   67.4031
0.928   67.0885
0.929   66.8019
0.93   66.5765
0.931   66.2638
0.932   65.8849
0.933   65.5145
0.934   65.2018
0.935   64.9440
0.936   64.5743
0.937   64.2069
0.938   63.8744
0.939   63.4311
0.94   63.0511
0.941   62.6989
0.942   62.3071
0.943   61.8349
0.944   61.3782
0.945   60.9862
0.946   60.6249
0.947   60.1288
0.948   59.4963
0.949   58.9091
0.95   58.4609
0.951   57.9163
0.952   57.3284
0.953   56.7015
0.954   56.0767
0.955   55.6088
0.956   55.1118
0.957   54.6327
0.958   54.2643
0.959   53.9793
0.96   53.6448
0.961   53.3096
0.962   53.0685
0.963   52.9123
0.964   52.6572
0.965   52.4221
0.966   52.3676
0.967   52.2649
0.968   52.2589
0.969   52.1861
0.97   51.8876
0.971   51.7873
0.972   51.8467
0.973   51.8807
0.974   51.7366
0.975   51.6951
0.976   51.7501
0.977   51.7715
0.978   51.6506
0.979   51.6280
0.98   51.7960
0.981   51.9376
0.982   51.7978
0.983   51.6774
0.984   51.7909
0.985   52.0061
0.986   52.0748
0.987   52.1499
0.988   52.1807
0.989   52.2332
0.99   52.3874
0.991   52.5171
0.992   52.5630
0.993   52.6023
0.994   52.7487
0.995   52.9550
0.996   53.1019
0.997   53.3313
0.998   53.7350
0.999   53.6465
1   53.6763
1.001   53.2943
1.002   53.4418
1.003   53.5568
1.004   53.6914
1.005   53.8400
1.006   54.0422
1.007   54.2495
1.008   54.4354
1.009   54.6365
1.01   54.8301
1.011   54.9601
1.012   55.1648
1.013   55.4202
1.014   55.6557
1.015   55.8866
1.016   56.1946
1.017   56.4521
1.018   56.6419
1.019   56.8799
1.02   57.1131
1.021   57.3406
1.022   57.5916
1.023   57.7891
1.024   57.9095
1.025   58.1245
1.026   58.3535
1.027   58.5856
1.028   58.8931
1.029   59.1364
1.03   59.3552
1.031   59.5692
1.032   59.7509
1.033   59.9378
1.034   60.2168
1.035   60.3881
1.036   60.5307
1.037   60.7323
1.038   60.9334
1.039   61.0937
1.04   61.2953
1.041   61.5766
1.042   61.7910
1.043   61.9742
1.044   62.1559
1.045   62.3286
1.046   62.4942
1.047   62.6276
1.048   62.7772
1.049   62.9623
1.05   63.1064
1.051   63.1978
1.052   63.3454
1.053   63.4927
1.054   63.6427
1.055   63.7521
1.056   63.8788
1.057   63.9810
1.058   64.0097
1.059   64.0948
1.06   64.2468
1.061   64.3216
1.062   64.3480
1.063   64.4079
1.064   64.4265
1.065   64.4871
1.066   64.6286
1.067   64.7102
1.068   64.7732
1.069   64.8302
1.07   64.8596
1.071   64.8498
1.072   64.8473
1.073   64.8479
1.074   64.8152
1.075   64.7391
1.076   64.7034
1.077   64.6701
1.078   64.6314
1.079   64.6261
1.08   64.5871
1.081   64.5072
1.082   64.4488
1.083   64.4341
1.084   64.3516
1.085   64.1966
1.086   64.1007
1.087   64.0085
1.088   63.8890
1.089   63.7925
1.09   63.7787
1.091   63.6541
1.092   63.4508
1.093   63.2972
1.094   63.1078
1.095   62.9640
1.096   62.8692
1.097   62.7483
1.098   62.6444
1.099   62.5154
1.1   62.3736
1.101   62.2195
1.102   62.0416
1.103   61.8621
1.104   61.7000
1.105   61.5373
1.106   61.3843
1.107   61.2547
1.108   61.0993
1.109   60.9376
1.11   60.7731
1.111   60.5872
1.112   60.4284
1.113   60.3134
1.114   60.1311
1.115   59.9379
1.116   59.7241
1.117   59.4461
1.118   59.1876
1.119   58.9591
1.12   58.6853
1.121   58.3642
1.122   58.0609
1.123   57.7152
1.124   57.3512
1.125   56.9528
1.126   56.5485
1.127   56.0868
1.128   55.5739
1.129   55.0431
1.13   54.5126
1.131   53.8891
1.132   53.1808
1.133   52.4980
1.134   51.7656
1.135   51.0240
1.136   50.2932
1.137   49.5423
1.138   48.7135
1.139   47.9159
1.14   47.1324
1.141   46.3528
1.142   45.6296
1.143   44.8960
1.144   44.1963
1.145   43.5114
1.146   42.8762
1.147   42.2590
1.148   41.7032
1.149   41.2025
1.15   40.7158
1.151   40.2648
1.152   39.8444
1.153   39.4351
1.154   39.0847
1.155   38.7819
1.156   38.5052
1.157   38.2816
1.158   38.0855
1.159   37.9081
1.16   37.7571
1.161   37.6022
1.162   37.4710
1.163   37.3411
1.164   37.2203
1.165   37.1191
1.166   37.0363
1.167   36.9518
1.168   36.8869
1.169   36.8164
1.17   36.7390
1.171   36.6694
1.172   36.6168
1.173   36.5466
1.174   36.4628
1.175   36.3981
1.176   36.3311
1.177   36.2597
1.178   36.2099
1.179   36.1639
1.18   36.1159
1.181   36.0680
1.182   36.0100
1.183   35.9625
1.184   35.9252
1.185   35.8654
1.186   35.7969
1.187   35.7372
1.188   35.6793
1.189   35.6148
1.19   35.5596
1.191   35.5131
1.192   35.4711
1.193   35.4296
1.194   35.3933
1.195   35.3675
1.196   35.3390
1.197   35.3108
1.198   35.3095
1.199   35.3111
1.2   35.3111
1.201   35.3217
1.202   35.3057
1.203   35.2924
1.204   35.2910
1.205   35.2884
1.206   35.3109
1.207   35.3312
1.208   35.3526
1.209   35.3840
1.21   35.4068
1.211   35.4416
1.212   35.4926
1.213   35.5384
1.214   35.5762
1.215   35.6336
1.216   35.6992
1.217   35.7768
1.218   35.8511
1.219   35.9339
1.22   36.0163
1.221   36.0729
1.222   36.1414
1.223   36.2177
1.224   36.2733
1.225   36.3494
1.226   36.4410
1.227   36.5178
1.228   36.6009
1.229   36.6766
1.23   36.7383
1.231   36.8007
1.232   36.8694
1.233   36.9394
1.234   37.0053
1.235   37.0664
1.236   37.1359
1.237   37.2049
1.238   37.2821
1.239   37.3589
1.24   37.4405
1.241   37.5190
1.242   37.5741
1.243   37.6305
1.244   37.6830
1.245   37.7293
1.246   37.7735
1.247   37.8211
1.248   37.8709
1.249   37.9155
1.25   37.9829
1.251   38.0537
1.252   38.1060
1.253   38.1521
1.254   38.1902
1.255   38.2352
1.256   38.2795
1.257   38.3207
1.258   38.3614
1.259   38.3972
1.26   38.4272
1.261   38.4510
1.262   38.4739
1.263   38.4834
1.264   38.4871
1.265   38.4737
1.266   38.4729
1.267   38.4776
1.268   38.4746
1.269   38.4829
1.27   38.4768
1.271   38.4500
1.272   38.4068
1.273   38.3598
1.274   38.3120
1.275   38.2633
1.276   38.2275
1.277   38.1742
1.278   38.1169
1.279   38.0652
1.28   38.0086
1.281   37.9609
1.282   37.8932
1.283   37.8088
1.284   37.7340
1.285   37.6398
1.286   37.5497
1.287   37.4554
1.288   37.3677
1.289   37.2434
1.29   37.1236
1.291   37.0048
1.292   36.8817
1.293   36.7626
1.294   36.6396
1.295   36.4999
1.296   36.3235
1.297   36.1672
1.298   36.0140
1.299   35.8290
1.3   35.6623
1.301   35.4811
1.302   35.2890
1.303   35.1233
1.304   34.9465
1.305   34.7609
1.306   34.5635
1.307   34.3399
1.308   34.1199
1.309   33.9077
1.31   33.6876
1.311   33.4576
1.312   33.2268
1.313   32.9774
1.314   32.7171
1.315   32.4461
1.316   32.1775
1.317   31.8983
1.318   31.6218
1.319   31.3486
1.32   31.0731
1.321   30.8050
1.322   30.5257
1.323   30.2429
1.324   29.9603
1.325   29.6736
1.326   29.3795
1.327   29.0908
1.328   28.8011
1.329   28.4966
1.33   28.2027
1.331   27.9184
1.332   27.6328
1.333   27.3521
1.334   27.0834
1.335   26.8090
1.336   26.5391
1.337   26.2808
1.338   26.0141
1.339   25.7561
1.34   25.5050
1.341   25.2565
1.342   25.0277
1.343   24.8050
1.344   24.5788
1.345   24.3562
1.346   24.1355
1.347   23.9159
1.348   23.6848
1.349   23.4822
1.35   23.2938
1.351   23.1149
1.352   22.9342
1.353   22.7681
1.354   22.5994
1.355   22.4113
1.356   22.2362
1.357   22.0685
1.358   21.8854
1.359   21.7037
1.36   21.5210
1.361   21.3300
1.362   21.1289
1.363   20.9194
1.364   20.7092
1.365   20.4902
1.366   20.2680
1.367   20.0395
1.368   19.7872
1.369   19.5265
1.37   19.2641
1.371   18.9880
1.372   18.7042
1.373   18.4049
1.374   18.0864
1.375   17.7532
1.376   17.4057
1.377   17.0441
1.378   16.6611
1.379   16.2706
1.38   15.8708
1.381   15.4716
1.382   15.0673
1.383   14.6576
1.384   14.2427
1.385   13.8198
1.386   13.4004
1.387   12.9703
1.388   12.5654
1.389   12.1696
1.39   11.7847
1.391   11.4183
1.392   11.0567
1.393   10.7038
1.394   10.3662
1.395   10.0459
1.396   9.74876
1.397   9.47546
1.398   9.22324
1.399   8.99217
1.4   8.77239
1.401   8.55733
1.402   8.35397
1.403   8.16293
1.404   7.98185
1.405   7.81951
1.406   7.67170
1.407   7.53386
1.408   7.41032
1.409   7.29616
1.41   7.18877
1.411   7.08949
1.412   6.99322
1.413   6.90498
1.414   6.83123
1.415   6.76003
1.416   6.69876
1.417   6.65018
1.418   6.59596
1.419   6.54575
1.42   6.49946
1.421   6.44679
1.422   6.40130
1.423   6.35808
1.424   6.31601
1.425   6.27914
1.426   6.24546
1.427   6.21560
1.428   6.19061
1.429   6.16662
1.43   6.15013
1.431   6.13214
1.432   6.11517
1.433   6.09559
1.434   6.06922
1.435   6.04908
1.436   6.02936
1.437   6.01849
1.438   6.00548
1.439   5.99779
1.44   5.98401
1.441   5.97101
1.442   5.96338
1.443   5.95523
1.444   5.95399
1.445   5.95452
1.446   5.95125
1.447   5.95615
1.448   5.95816
1.449   5.94839
1.45   5.94836
1.451   5.94286
1.452   5.93657
1.453   5.93665
1.454   5.93336
1.455   5.93929
1.456   5.94177
1.457   5.94449
1.458   5.95437
1.459   5.95299
1.46   5.94749
1.461   5.95490
1.462   5.96875
1.463   5.98276
1.464   6.00200
1.465   6.02146
1.466   6.03151
1.467   6.03560
1.468   6.05108
1.469   6.07118
1.47   6.08290
1.471   6.10780
1.472   6.13685
1.473   6.15690
1.474   6.18173
1.475   6.20364
1.476   6.22188
1.477   6.24076
1.478   6.26638
1.479   6.29876
1.48   6.33221
1.481   6.36961
1.482   6.40510
1.483   6.43517
1.484   6.46376
1.485   6.49479
1.486   6.52863
1.487   6.56915
1.488   6.60956
1.489   6.64330
1.49   6.68059
1.491   6.71542
1.492   6.75521
1.493   6.80152
1.494   6.84319
1.495   6.88313
1.496   6.92440
1.497   6.96629
1.498   7.00438
1.499   7.04362
1.5   7.07943
1.501   7.10568
1.502   7.14356
1.503   7.18291
1.504   7.22987
1.505   7.28389
1.506   7.33761
1.507   7.40329
1.508   7.45710
1.509   7.50576
1.51   7.55804
1.511   7.60028
1.512   7.64247
1.513   7.68971
1.514   7.73843
1.515   7.79066
1.516   7.83894
1.517   7.88521
1.518   7.93084
1.519   7.97299
1.52   8.02440
1.521   8.07926
1.522   8.13472
1.523   8.19369
1.524   8.24634
1.525   8.29845
1.526   8.35430
1.527   8.41309
1.528   8.47648
1.529   8.54058
1.53   8.60131
1.531   8.66181
1.532   8.71473
1.533   8.76739
1.534   8.81973
1.535   8.87040
1.536   8.93579
1.537   9.00037
1.538   9.06341
1.539   9.12689
1.54   9.17717
1.541   9.22989
1.542   9.28264
1.543   9.33068
1.544   9.38886
1.545   9.44408
1.546   9.49806
1.547   9.56297
1.548   9.61881
1.549   9.67079
1.55   9.73588
1.551   9.79998
1.552   9.86730
1.553   9.93919
1.554   9.99666
1.555   10.0506
1.556   10.1104
1.557   10.1701
1.558   10.2293
1.559   10.2870
1.56   10.3462
1.561   10.4037
1.562   10.4671
1.563   10.5322
1.564   10.5906
1.565   10.6480
1.566   10.6974
1.567   10.7476
1.568   10.7956
1.569   10.8461
1.57   10.9116
1.571   10.9766
1.572   11.0436
1.573   11.1099
1.574   11.1582
1.575   11.2049
1.576   11.2592
1.577   11.3042
1.578   11.3608
1.579   11.4246
1.58   11.4767
1.581   11.5397
1.582   11.5915
1.583   11.6354
1.584   11.6911
1.585   11.7388
1.586   11.7932
1.587   11.8539
1.588   11.9075
1.589   11.9601
1.59   12.0051
1.591   12.0587
1.592   12.1198
1.593   12.1724
1.594   12.2338
1.595   12.2777
1.596   12.2975
1.597   12.3319
1.598   12.3734
1.599   12.4205
1.6   12.4821
1.601   12.5397
1.602   12.5889
1.603   12.6426
1.604   12.6979
1.605   12.7534
1.606   12.8130
1.607   12.8641
1.608   12.9098
1.609   12.9466
1.61   12.9826
1.611   13.0276
1.612   13.0558
1.613   13.0914
1.614   13.1344
1.615   13.1640
1.616   13.2106
1.617   13.2583
1.618   13.2995
1.619   13.3431
1.62   13.3787
1.621   13.4089
1.622   13.4361
1.623   13.4750
1.624   13.5214
1.625   13.5701
1.626   13.6145
1.627   13.6427
1.628   13.6709
1.629   13.7050
1.63   13.7417
1.631   13.7825
1.632   13.8332
1.633   13.8726
1.634   13.9079
1.635   13.9365
1.636   13.9512
1.637   13.9742
1.638   13.9966
1.639   14.0270
1.64   14.0638
1.641   14.0980
1.642   14.1403
1.643   14.1715
1.644   14.1984
1.645   14.2248
1.646   14.2438
1.647   14.2602
1.648   14.2751
1.649   14.2900
1.65   14.3092
1.651   14.3332
1.652   14.3591
1.653   14.3808
1.654   14.3956
1.655   14.4149
1.656   14.4238
1.657   14.4350
1.658   14.4525
1.659   14.4520
1.66   14.4630
1.661   14.4817
1.662   14.4860
1.663   14.5130
1.664   14.5454
1.665   14.5568
1.666   14.5826
1.667   14.5884
1.668   14.5766
1.669   14.5726
1.67   14.5572
1.671   14.5542
1.672   14.5505
1.673   14.5503
1.674   14.5578
1.675   14.5506
1.676   14.5508
1.677   14.5487
1.678   14.5427
1.679   14.5517
1.68   14.5484
1.681   14.5264
1.682   14.5062
1.683   14.4837
1.684   14.4672
1.685   14.4723
1.686   14.4656
1.687   14.4373
1.688   14.4106
1.689   14.3846
1.69   14.3558
1.691   14.3342
1.692   14.3019
1.693   14.2577
1.694   14.2113
1.695   14.1513
1.696   14.1137
1.697   14.0864
1.698   14.0539
1.699   14.0392
1.7   14.0063
1.701   13.9563
1.702   13.9122
1.703   13.8711
1.704   13.8188
1.705   13.7608
1.706   13.7018
1.707   13.6290
1.708   13.5733
1.709   13.5213
1.71   13.4749
1.711   13.4464
1.712   13.4077
1.713   13.3488
1.714   13.3023
1.715   13.2463
1.716   13.1759
1.717   13.1276
1.718   13.0804
1.719   13.0225
1.72   12.9767
1.721   12.9259
1.722   12.8534
1.723   12.7902
1.724   12.7322
1.725   12.6748
1.726   12.6268
1.727   12.5807
1.728   12.5352
1.729   12.4928
1.73   12.4448
1.731   12.4114
1.732   12.3863
1.733   12.3669
1.734   12.3663
1.735   12.3583
1.736   12.3486
1.737   12.3391
1.738   12.3355
1.739   12.3188
1.74   12.2960
1.741   12.2693
1.742   12.2308
1.743   12.1946
1.744   12.1590
1.745   12.1211
1.746   12.0805
1.747   12.0380
1.748   11.9919
1.749   11.9487
1.75   11.9083
1.751   11.8602
1.752   11.8130
1.753   11.7538
1.754   11.6797
1.755   11.6099
1.756   11.5596
1.757   11.5057
1.758   11.4497
1.759   11.3998
1.76   11.3416
1.761   11.2875
1.762   11.2442
1.763   11.2070
1.764   11.1721
1.765   11.1540
1.766   11.1251
1.767   11.0844
1.768   11.0559
1.769   11.0265
1.77   11.0055
1.771   11.0014
1.772   10.9873
1.773   10.9753
1.774   10.9552
1.775   10.9246
1.776   10.9029
1.777   10.8806
1.778   10.8596
1.779   10.8403
1.78   10.8290
1.781   10.8183
1.782   10.8150
1.783   10.8280
1.784   10.8222
1.785   10.8135
1.786   10.7965
1.787   10.7660
1.788   10.7523
1.789   10.7365
1.79   10.7516
1.791   10.7534
1.792   10.7617
1.793   10.7561
1.794   10.7232
1.795   10.7109
1.796   10.6986
1.797   10.6951
1.798   10.7112
1.799   10.7205
1.8   10.7235
1.801   10.7412
1.802   10.7788
1.803   10.7902
1.804   10.7966
1.805   10.8011
1.806   10.7852
1.807   10.7798
1.808   10.7835
1.809   10.7864
1.81   10.7777
1.811   10.8021
1.812   10.8360
1.813   10.8342
1.814   10.8388
1.815   10.8325
1.816   10.7970
1.817   10.7833
1.818   10.7806
1.819   10.7749
1.82   10.7785
1.821   10.8190
1.822   10.8188
1.823   10.7889
1.824   10.7707
1.825   10.7148
1.826   10.7060
1.827   10.7399
1.828   10.7587
1.829   10.8112
1.83   10.8096
1.831   10.5741
1.832   10.5478
1.833   10.5015
1.834   10.4463
1.835   10.4213
1.836   10.3781
1.837   10.3342
1.838   10.2739
1.839   10.2229
1.84   10.1601
1.841   10.1321
1.842   10.1213
1.843   10.1234
1.844   10.1470
1.845   10.1029
1.846   9.99085
1.847   9.87484
1.848   9.74509
1.849   9.62236
1.85   9.52608
1.851   9.46976
1.852   9.41159
1.853   9.31956
1.854   9.22886
1.855   9.10901
1.856   8.97326
1.857   8.87767
1.858   8.79715
1.859   8.69090
1.86   8.58815
1.861   8.48854
1.862   8.34949
1.863   8.17695
1.864   8.05145
1.865   7.90718
1.866   7.76296
1.867   7.63125
1.868   7.47641
1.869   7.32028
1.87   7.16458
1.871   7.00028
1.872   6.85426
1.873   6.69665
1.874   6.53408
1.875   6.37445
1.876   6.20058
1.877   6.06819
1.878   5.96401
1.879   5.85781
1.88   5.74596
1.881   5.64248
1.882   5.53004
1.883   5.38535
1.884   5.23546
1.885   5.11617
1.886   5.00083
1.887   4.91098
1.888   4.83987
1.889   4.77890
1.89   4.74101
1.891   4.69034
1.892   4.64040
1.893   4.59447
1.894   4.57014
1.895   4.50706
1.896   4.43103
1.897   4.40278
1.898   4.36497
1.899   4.31974
1.9   4.28034
1.901   4.25413
1.902   4.22966
1.903   4.19677
1.904   4.17413
1.905   4.19398
1.906   4.20017
1.907   4.18727
1.908   4.18547
1.909   4.16458
1.91   4.14391
1.911   4.12700
1.912   4.11625
1.913   4.09936
1.914   4.08332
1.915   4.05499
1.916   4.02906
1.917   4.01785
1.918   4.00986
1.919   4.01380
1.92   4.04477
1.921   4.09024
1.922   4.09149
1.923   4.06817
1.924   4.05601
1.925   4.02578
1.926   3.96971
1.927   3.98729
1.928   4.00884
1.929   4.00269
1.93   4.02223
1.931   4.01929
1.932   4.00844
1.933   4.01391
1.934   4.03652
1.935   4.05355
1.936   4.08447
1.937   4.10036
1.938   4.12099
1.939   4.11427
1.94   4.10262
1.941   4.04790
1.942   4.03213
1.943   4.05180
1.944   4.04569
1.945   4.05209
1.946   4.05748
1.947   4.04154
1.948   4.02814
1.949   4.01867
1.95   4.02544
1.951   4.00422
1.952   3.99419
1.953   4.00932
1.954   4.01115
1.955   4.02379
1.956   4.04649
1.957   4.07050
1.958   4.12150
1.959   4.13610
1.96   4.12510
1.961   4.12640
1.962   4.12265
1.963   4.08649
1.964   4.08788
1.965   4.11718
1.966   4.09997
1.967   4.09319
1.968   4.09586
1.969   4.08877
1.97   4.10150
1.971   4.14923
1.972   4.16836
1.973   4.17686
1.974   4.19042
1.975   4.20811
1.976   4.22291
1.977   4.21693
1.978   4.20778
1.979   4.21599
1.98   4.21466
1.981   4.21791
1.982   4.26299
1.983   4.26402
1.984   4.21127
1.985   4.20711
1.986   4.21460
1.987   4.21716
1.988   4.25887
1.989   4.29054
1.99   4.30327
1.991   4.29633
1.992   4.29478
1.993   4.28851
1.994   4.27440
1.995   4.24442
1.996   4.23941
1.997   4.22139
1.998   4.23168
1.999   4.27241
2   4.32250
2.001   4.36504
2.002   4.38433
2.003   4.40674
2.004   4.40541
2.005   4.41780
2.006   4.43661
2.007   4.45133
2.008   4.46378
2.009   4.47260
2.01   4.48271
2.011   4.48921
2.012   4.47840
2.013   4.49340
2.014   4.51909
2.015   4.50261
2.016   4.49396
2.017   4.50733
2.018   4.52187
2.019   4.54425
2.02   4.55485
2.021   4.56812
2.022   4.58028
2.023   4.58602
2.024   4.59449
2.025   4.60808
2.026   4.62109
2.027   4.63192
2.028   4.62963
2.029   4.66507
2.03   4.68824
2.031   4.69541
2.032   4.70721
2.033   4.69363
2.034   4.63675
2.035   4.61607
2.036   4.58361
2.037   4.58341
2.038   4.61664
2.039   4.64589
2.04   4.70042
2.041   4.74355
2.042   4.79903
2.043   4.81587
2.044   4.84824
2.045   4.88194
2.046   4.90342
2.047   4.92375
2.048   4.93175
2.049   4.91637
2.05   4.91559
2.051   4.90482
2.052   4.91455
2.053   4.95138
2.054   4.97079
2.055   4.99149
2.056   5.00526
2.057   5.02500
2.058   5.05153
2.059   5.07447
2.06   5.12035
2.061   5.12598
2.062   5.09395
2.063   5.09495
2.064   5.09043
2.065   5.10233
2.066   5.16234
2.067   5.17118
2.068   5.14195
2.069   5.13631
2.07   5.10108
2.071   5.09906
2.072   5.14776
2.073   5.17449
2.074   5.18765
2.075   5.19974
2.076   5.20802
2.077   5.19309
2.078   5.19894
2.079   5.21073
2.08   5.22950
2.081   5.25999
2.082   5.27971
2.083   5.30511
2.084   5.32776
2.085   5.34171
2.086   5.35801
2.087   5.36935
2.088   5.39544
2.089   5.41907
2.09   5.44794
2.091   5.45267
2.092   5.44312
2.093   5.45662
2.094   5.46214
2.095   5.47581
2.096   5.52176
2.097   5.53968
2.098   5.54117
2.099   5.54043
2.1   5.53339
2.101   5.52659
2.102   5.49406
2.103   5.48599
2.104   5.48590
2.105   5.50136
2.106   5.52096
2.107   5.56380
2.108   5.59161
2.109   5.61620
2.11   5.64300
2.111   5.66647
2.112   5.69610
2.113   5.74311
2.114   5.76415
2.115   5.77376
2.116   5.78540
2.117   5.76240
2.118   5.77446
2.119   5.81998
2.12   5.84902
2.121   5.88774
2.122   5.92230
2.123   5.94584
2.124   5.95495
2.125   5.96211
2.126   5.96040
2.127   5.97201
2.128   5.98190
2.129   5.99333
2.13   6.03493
2.131   6.02702
2.132   5.98618
2.133   5.95590
2.134   5.87474
2.135   5.85331
2.136   5.85260
2.137   5.87781
2.138   5.95803
2.139   6.02327
2.14   6.12311
2.141   6.19485
2.142   6.23311
2.143   6.26229
2.144   6.24366
2.145   6.14757
2.146   6.13307
2.147   6.11013
2.148   6.12175
2.149   6.20356
2.15   6.23788
2.151   6.27372
2.152   6.28293
2.153   6.25599
2.154   6.25464
2.155   6.23385
2.156   6.23817
2.157   6.28204
2.158   6.30665
2.159   6.34243
2.16   6.36037
2.161   6.34980
2.162   6.32261
2.163   6.30028
2.164   6.24719
2.165   6.23431
2.166   6.23227
2.167   6.25153
2.168   6.30386
2.169   6.33510
2.17   6.38123
2.171   6.41119
2.172   6.44151
2.173   6.43853
2.174   6.39981
2.175   6.38613
2.176   6.32600
2.177   6.32686
2.178   6.39473
2.179   6.43896
2.18   6.53419
2.181   6.57298
2.182   6.57151
2.183   6.55834
2.184   6.54345
2.185   6.48493
2.186   6.48320
2.187   6.52050
2.188   6.51575
2.189   6.50378
2.19   6.50544
2.191   6.46642
2.192   6.49390
2.193   6.60830
2.194   6.64102
2.195   6.66991
2.196   6.67593
2.197   6.59163
2.198   6.58369
2.199   6.62412
2.2   6.64651
2.201   6.70807
2.202   6.73191
2.203   6.72440
2.204   6.71666
2.205   6.65848
2.206   6.67256
2.207   6.65530
2.208   6.62247
2.209   6.62510
2.21   6.63649
2.211   6.66100
2.212   6.73089
2.213   6.75417
2.214   6.75872
2.215   6.78120
2.216   6.81240
2.217   6.80126
2.218   6.78380
2.219   6.75575
2.22   6.67315
2.221   6.62080
2.222   6.55567
2.223   6.54447
2.224   6.57425
2.225   6.59062
2.226   6.66882
2.227   6.69962
2.228   6.67682
2.229   6.67644
2.23   6.67450
2.231   6.68212
2.232   6.65754
2.233   6.62343
2.234   6.59065
2.235   6.51826
2.236   6.50414
2.237   6.53900
2.238   6.50814
2.239   6.46439
2.24   6.43258
2.241   6.36513
2.242   6.33308
2.243   6.33013
2.244   6.32343
2.245   6.32201
2.246   6.31252
2.247   6.32195
2.248   6.31043
2.249   6.24710
2.25   6.24850
2.251   6.30587
2.252   6.31031
2.253   6.33639
2.254   6.33246
2.255   6.24994
2.256   6.21470
2.257   6.20261
2.258   6.18660
2.259   6.17739
2.26   6.18003
2.261   6.20827
2.262   6.20909
2.263   6.18262
2.264   6.17388
2.265   6.16232
2.266   6.13563
2.267   6.12362
2.268   6.15240
2.269   6.11587
2.27   6.04376
2.271   5.98500
2.272   5.90408
2.273   5.83505
2.274   5.76439
2.275   5.71380
2.276   5.65882
2.277   5.63051
2.278   5.64459
2.279   5.62030
2.28   5.5701
2.281   5.57092
2.282   5.60271
2.283   5.59987
2.284   5.63830
2.285   5.61842
2.286   5.50490
2.287   5.45278
2.288   5.40782
2.289   5.38212
2.29   5.40054
2.291   5.40154
2.292   5.41915
2.293   5.40642
2.294   5.33917
2.295   5.32705
2.296   5.33181
2.297   5.32608
2.298   5.36467
2.299   5.38701
2.3   5.35520
2.301   5.34112
2.302   5.28226
2.303   5.23858
2.304   5.20364
2.305   5.17765
2.306   5.17212
2.307   5.16467
2.308   5.12545
2.309   5.06785
2.31   5.03381
2.311   5.00934
2.312   5.02867
2.313   5.10173
2.314   5.12534
2.315   5.18115
2.316   5.17125
2.317   5.10189
2.318   5.08769
2.319   5.04423
2.32   5.05311
2.321   5.11209
2.322   5.12386
2.323   5.15276
2.324   5.15890
2.325   5.12184
2.326   5.13120
2.327   5.16932
2.328   5.18209
2.329   5.21617
2.33   5.21230
2.331   5.13948
2.332   5.13150
2.333   5.14449
2.334   5.15134
2.335   5.22950
2.336   5.20863
2.337   5.09483
2.338   5.05547
2.339   4.97840
2.34   4.98335
2.341   5.13775
2.342   5.14078
2.343   5.10035
2.344   5.04895
2.345   4.82906
2.346   4.77819
2.347   4.82713
2.348   4.85868
2.349   5.04615
2.35   5.09328
2.351   5.04762
2.352   5.00931
2.353   4.89498
2.354   4.78476
2.355   4.71538
2.356   4.76675
2.357   4.84325
2.358   4.86292
2.359   4.94213
2.36   4.90825
2.361   4.84936
2.362   4.85230
2.363   4.72519
2.364   4.70321
2.365   4.65158
2.366   4.47726
2.367   4.43276
2.368   4.38779
2.369   4.46774
2.37   4.66771
2.371   4.85146
2.372   4.96149
2.373   4.90245
2.374   4.85185
2.375   4.78854
2.376   4.76245
2.377   4.78040
2.378   4.79909
2.379   4.85731
2.38   4.82153
2.381   4.87091
2.382   4.91148
2.383   4.87355
2.384   4.90245
2.385   4.88754
2.386   4.84012
2.387   4.78281
2.388   4.81723
2.389   4.81294
2.39   4.79631
2.391   4.83557
2.392   4.75419
2.393   4.66816
2.394   4.60611
2.395   4.60293
2.396   4.65814
2.397   4.71799
2.398   4.68867
2.399   4.54218
2.4   4.40135
2.401   4.25236
2.402   4.22781
2.403   4.22226
2.404   4.18751
2.405   4.34114
2.406   4.42215
2.407   4.41039
2.408   4.48921
2.409   4.38773
2.41   4.23722
2.411   4.16932
2.412   4.08027
2.413   4.09514
2.414   4.15840
2.415   4.27739
2.416   4.34138
2.417   4.32064
2.418   4.30486
2.419   4.26191
2.42   4.40926
2.421   4.68998
2.422   4.82912
2.423   4.89889
2.424   4.83961
2.425   4.64371
2.426   4.54139
2.427   4.47284
2.428   4.41245
2.429   4.39971
2.43   4.32874
2.431   4.31383
2.432   4.35800
2.433   4.28757
2.434   4.36148
2.435   4.53064
2.436   4.63258
2.437   4.74837
2.438   4.68446
2.439   4.49445
2.44   4.43599
2.441   4.35021
2.442   4.22500
2.443   4.26195
2.444   4.02183
2.445   3.76829
2.446   3.73796
2.447   3.51936
2.448   3.54017
2.449   3.92112
2.45   4.39638
2.451   4.89529
2.452   5.04023
2.453   4.91160
2.454   4.70811
2.455   4.44020
2.456   4.42945
2.457   4.44367
2.458   4.42962
2.459   4.59969
2.46   4.73207
2.461   4.78698
2.462   4.73012
2.463   4.55881
2.464   4.35175
2.465   4.30247
2.466   4.25084
2.467   4.07101
2.468   4.00251
2.469   4.12555
2.47   4.05185
2.471   3.90599
2.472   3.71011
2.473   3.17655
2.474   3.06701
2.475   3.23675
2.476   3.38960
2.477   3.85868
2.478   3.85296
2.479   3.47664
2.48   3.55115
2.481   3.67821
2.482   4.13104
2.483   4.65253
2.484   4.83226
2.485   4.76085
2.486   4.94386
2.487   4.76381
2.488   4.30351
2.489   3.83997
2.49   3.12748
2.491   2.58221
2.492   2.41067
2.493   2.75876
2.494   3.53955
2.495   4.75136
2.496   5.36065
2.497   5.19543
2.498   4.85272
2.499   3.89741
2.5   3.57900
2.5002   2.32303
2.5014   2.34956
2.5026   2.35884
2.5038   2.41304
2.505   2.38180
2.5062   2.28499
2.5074   2.22415
2.5087   2.26847
2.5099   2.28588
2.5111   2.29873
2.5123   2.26647
2.5135   2.29576
2.5147   2.32004
2.516   2.31645
2.5172   2.28301
2.5184   2.33294
2.5196   2.31671
2.5209   2.29867
2.5221   2.27554
2.5233   2.26186
2.5245   2.26286
2.5258   2.28710
2.527   2.25784
2.5282   2.27435
2.5295   2.24704
2.5307   2.29947
2.5319   2.31931
2.5332   2.33023
2.5344   2.32502
2.5356   2.31464
2.5369   2.24130
2.5381   2.19818
2.5394   2.14958
2.5406   2.19155
2.5419   2.26223
2.5431   2.28152
2.5444   2.29572
2.5456   2.31750
2.5469   2.23098
2.5481   2.24727
2.5494   2.25936
2.5506   2.29362
2.5519   2.26431
2.5531   2.28469
2.5544   2.32515
2.5556   2.31623
2.5569   2.25400
2.5582   2.25245
2.5594   2.26566
2.5607   2.27811
2.562   2.26614
2.5632   2.30247
2.5645   2.28423
2.5658   2.23378
2.567   2.21700
2.5683   2.31652
2.5696   2.31504
2.5708   2.31209
2.5721   2.32636
2.5734   2.31814
2.5747   2.32597
2.576   2.36627
2.5772   2.32016
2.5785   2.33217
2.5798   2.34256
2.5811   2.35229
2.5824   2.27308
2.5837   2.21733
2.5849   2.25472
2.5862   2.33874
2.5875   2.36680
2.5888   2.40226
2.5901   2.34602
2.5914   2.27958
2.5927   2.26662
2.594   2.32218
2.5953   2.29776
2.5966   2.28977
2.5979   2.25217
2.5992   2.23793
2.6005   2.27042
2.6018   2.33585
2.6031   2.36569
2.6044   2.37702
2.6057   2.36154
2.607   2.40822
2.6083   2.39867
2.6097   2.37810
2.611   2.32516
2.6123   2.28832
2.6136   2.29355
2.6149   2.37484
2.6162   2.38674
2.6176   2.35172
2.6189   2.28273
2.6202   2.29164
2.6215   2.33072
2.6229   2.39755
2.6242   2.30893
2.6255   2.29085
2.6268   2.33278
2.6282   2.34758
2.6295   2.31261
2.6308   2.36360
2.6322   2.34159
2.6335   2.32688
2.6349   2.29085
2.6362   2.26882
2.6375   2.25445
2.6389   2.22962
2.6402   2.20398
2.6416   2.30322
2.6429   2.27300
2.6443   2.26565
2.6456   2.23462
2.647   2.25329
2.6483   2.27950
2.6497   2.27779
2.651   2.24611
2.6524   2.28643
2.6537   2.31628
2.6551   2.37131
2.6565   2.37725
2.6578   2.36916
2.6592   2.33039
2.6605   2.32197
2.6619   2.27441
2.6633   2.29273
2.6646   2.2615
2.666   2.25730
2.6674   2.26547
2.6688   2.26704
2.6701   2.27233
2.6715   2.30464
2.6729   2.29172
2.6743   2.29282
2.6756   2.26428
2.677   2.32093
2.6784   2.32681
2.6798   2.32934
2.6812   2.31300
2.6826   2.28853
2.684   2.21394
2.6853   2.20451
2.6867   2.24552
2.6881   2.26234
2.6895   2.22801
2.6909   2.31115
2.6923   2.27940
2.6937   2.28948
2.6951   2.27457
2.6965   2.23972
2.6979   2.16653
2.6993   2.20974
2.7007   2.24273
2.7021   2.25422
2.7035   2.18479
2.705   2.16702
2.7064   2.15924
2.7078   2.15951
2.7092   2.15588
2.7106   2.23929
2.712   2.18944
2.7134   2.19478
2.7149   2.14384
2.7163   2.14985
2.7177   2.17303
2.7191   2.17801
2.7206   2.12824
2.722   2.18884
2.7234   2.20898
2.7249   2.18816
2.7263   2.11023
2.7277   2.12552
2.7292   2.08200
2.7306   2.10143
2.732   2.16873
2.7335   2.21653
2.7349   2.13805
2.7364   2.08952
2.7378   2.11748
2.7392   2.16228
2.7407   2.13717
2.7421   2.10620
2.7436   2.06082
2.745   2.12290
2.7465   2.12412
2.748   2.18259
2.7494   2.19723
2.7509   2.17523
2.7523   2.13721
2.7538   2.14409
2.7553   2.13673
2.7567   2.16063
2.7582   2.08610
2.7597   2.12173
2.7611   2.16042
2.7626   2.13775
2.7641   2.06578
2.7655   2.08894
2.767   2.14431
2.7685   2.19821
2.77   2.09237
2.7715   2.09379
2.7729   2.10980
2.7744   2.14111
2.7759   2.12827
2.7774   2.12425
2.7789   2.05505
2.7804   2.09479
2.7819   2.08660
2.7834   2.06639
2.7849   2.05278
2.7863   2.04132
2.7878   2.01809
2.7893   2.05150
2.7908   2.03852
2.7924   2.07302
2.7939   2.10505
2.7954   2.13165
2.7969   2.10462
2.7984   2.12885
2.7999   2.09261
2.8014   2.16859
2.8029   2.15002
2.8044   2.12069
2.8059   2.01336
2.8075   2.00532
2.809   2.05574
2.8105   2.10541
2.812   2.04001
2.8136   2.02874
2.8151   2.08310
2.8166   2.17639
2.8181   2.17754
2.8197   2.13764
2.8212   2.06983
2.8228   2.07293
2.8243   2.03595
2.8258   2.07609
2.8274   2.04636
2.8289   2.13736
2.8305   2.15731
2.832   2.13742
2.8335   2.16791
2.8351   2.20085
2.8366   2.11065
2.8382   2.07891
2.8398   2.09702
2.8413   2.13718
2.8429   2.09211
2.8444   2.14042
2.846   2.11275
2.8476   2.14942
2.8491   2.11973
2.8507   2.09747
2.8523   2.06164
2.8538   2.10167
2.8554   2.09575
2.857   2.09528
2.8585   2.03033
2.8601   2.04969
2.8617   2.07989
2.8633   2.10037
2.8649   2.10794
2.8664   2.15695
2.868   2.11637
2.8696   2.13163
2.8712   2.17478
2.8728   2.18661
2.8744   2.18173
2.876   2.16254
2.8776   2.14661
2.8792   2.1849
2.8808   2.10702
2.8824   2.08995
2.884   2.10152
2.8856   2.16080
2.8872   2.18088
2.8888   2.17161
2.8904   2.12975
2.892   2.22763
2.8936   2.22918
2.8953   2.22879
2.8969   2.14995
2.8985   2.07629
2.9001   2.03366
2.9017   2.10427
2.9034   2.11047
2.905   2.14460
2.9066   2.14246
2.9082   2.15559
2.9099   2.10956
2.9115   2.11493
2.9131   2.10294
2.9148   2.14027
2.9164   2.17048
2.9181   2.27679
2.9197   2.25023
2.9213   2.22664
2.923   2.14834
2.9246   2.11695
2.9263   2.14797
2.9279   2.16663
2.9296   2.06979
2.9313   2.07348
2.9329   2.14300
2.9346   2.19380
2.9362   2.20481
2.9379   2.22408
2.9396   2.21907
2.9412   2.23354
2.9429   2.17876
2.9446   2.16873
2.9462   2.11886
2.9479   2.18569
2.9496   2.21926
2.9513   2.17534
2.953   2.11548
2.9546   2.15676
2.9563   2.16527
2.958   2.17324
2.9597   2.13643
2.9614   2.13835
2.9631   2.14999
2.9648   2.20684
2.9665   2.15161
2.9682   2.20027
2.9699   2.22594
2.9716   2.19936
2.9733   2.15331
2.975   2.20002
2.9767   2.24099
2.9784   2.23820
2.9801   2.21722
2.9818   2.25915
2.9835   2.24376
2.9853   2.22122
2.987   2.17686
2.9887   2.18200
2.9904   2.17430
2.9921   2.15220
2.9939   2.10256
2.9956   2.10721
2.9973   2.11904
2.9991   2.20227
3.0008   2.20048
3.0025   2.21249
3.0043   2.17732
3.006   2.16768
3.0078   2.15764
3.0095   2.13453
3.0113   2.10028
3.013   2.11411
3.0148   2.14811
3.0165   2.23267
3.0183   2.22611
3.02   2.25604
3.0218   2.24103
3.0236   2.22038
3.0253   2.18759
3.0271   2.16626
3.0289   2.08838
3.0306   2.13373
3.0324   2.13588
3.0342   2.18689
3.0359   2.14365
3.0377   2.18769
3.0395   2.17445
3.0413   2.17152
3.0431   2.14907
3.0449   2.17947
3.0466   2.20449
3.0484   2.25602
3.0502   2.24878
3.052   2.23065
3.0538   2.13732
3.0556   2.15026
3.0574   2.19231
3.0592   2.16306
3.061   2.11793
3.0628   2.14445
3.0647   2.17939
3.0665   2.24518
3.0683   2.20636
3.0701   2.24053
3.0719   2.23259
3.0737   2.13916
3.0756   2.08733
3.0774   2.12352
3.0792   2.12793
3.081   2.18152
3.0829   2.15024
3.0847   2.14323
3.0865   2.19223
3.0884   2.22986
3.0902   2.18717
3.0921   2.18478
3.0939   2.14563
3.0958   2.13819
3.0976   2.14161
3.0995   2.16343
3.1013   2.16012
3.1032   2.17493
3.105   2.15642
3.1069   2.11269
3.1087   2.11925
3.1106   2.14295
3.1125   2.15486
3.1144   2.16504
3.1162   2.11909
3.1181   2.11042
3.12   2.14475
3.1219   2.23185
3.1237   2.19920
3.1256   2.18020
3.1275   2.17244
3.1294   2.18202
3.1313   2.16377
3.1332   2.17708
3.1351   2.15921
3.137   2.17058
3.1389   2.14332
3.1408   2.17803
3.1427   2.20359
3.1446   2.23265
3.1465   2.21348
3.1484   2.22847
3.1503   2.14645
3.1522   2.15194
3.1541   2.14841
3.1561   2.20530
3.158   2.17104
3.1599   2.12323
3.1618   2.07697
3.1638   2.10619
3.1657   2.07150
3.1676   2.08465
3.1696   2.11093
3.1715   2.15842
3.1734   2.13109
3.1754   2.14742
3.1773   2.14784
3.1793   2.16897
3.1812   2.12462
3.1832   2.11904
3.1851   2.09058
3.1871   2.12276
3.189   2.13793
3.191   2.13552
3.193   2.10311
3.1949   2.14719
3.1969   2.11082
3.1989   2.10171
3.2009   2.08060
3.2028   2.05989
3.2048   2.05857
3.2068   2.12430
3.2088   2.13341
3.2108   2.13297
3.2128   2.11910
3.2148   2.14380
3.2167   2.11691
3.2187   2.07727
3.2207   2.06197
3.2227   2.08906
3.2247   2.10934
3.2268   2.11723
3.2288   2.0736
3.2308   2.07705
3.2328   2.07696
3.2348   2.11752
3.2368   2.13361
3.2388   2.10447
3.2409   2.05231
3.2429   2.07263
3.2449   2.10025
3.247   2.13229
3.249   2.08003
3.251   2.09758
3.2531   2.12143
3.2551   2.16347
3.2572   2.13254
3.2592   2.09484
3.2613   2.05467
3.2633   2.06346
3.2654   2.03702
3.2674   2.05557
3.2695   2.03424
3.2715   2.06006
3.2736   2.07323
3.2757   2.07921
3.2777   2.09334
3.2798   2.08947
3.2819   2.04563
3.284   2.06005
3.2861   2.07592
3.2881   2.09711
3.2902   2.05286
3.2923   2.01000
3.2944   2.01126
3.2965   2.04632
3.2986   2.01711
3.3007   1.96889
3.3028   1.96076
3.3049   2.04740
3.307   2.04577
3.3091   2.03199
3.3112   1.95896
3.3134   1.96100
3.3155   1.96783
3.3176   1.96578
3.3197   1.95021
3.3218   1.97707
3.324   1.96022
3.3261   1.96416
3.3282   1.99674
3.3304   2.00508
3.3325   1.95926
3.3347   1.91583
3.3368   1.90303
3.339   1.92429
3.3411   1.86108
3.3433   1.90009
3.3454   1.92362
3.3476   1.92617
3.3497   1.90092
3.3519   1.90428
3.3541   1.87732
3.3562   1.85231
3.3584   1.84895
3.3606   1.8768
3.3628   1.85210
3.365   1.83644
3.3671   1.83527
3.3693   1.82804
3.3715   1.80477
3.3737   1.80147
3.3759   1.80284
3.3781   1.81807
3.3803   1.81361
3.3825   1.82044
3.3847   1.80284
3.3869   1.76198
3.3891   1.74120
3.3914   1.73203
3.3936   1.68794
3.3958   1.69038
3.398   1.69436
3.4003   1.70315
3.4025   1.65264
3.4047   1.63253
3.407   1.63176
3.4092   1.69206
3.4114   1.68100
3.4137   1.69542
3.4159   1.77758
3.4182   1.97652
3.4204   2.16112
3.4227   2.51491
3.425   2.98164
3.4272   3.52581
3.4295   4.01820
3.4318   4.13429
3.434   3.85046
3.4363   3.52828
3.4386   3.30104
3.4409   3.15067
3.4432   3.02319
3.4454   2.92953
3.4477   2.84555
3.45   2.77054
3.4523   2.73557
3.4546   2.75887
3.4569   2.73509
3.4592   2.73661
3.4615   2.69775
3.4639   2.68596
3.4662   2.66864
3.4685   2.66537
3.4708   2.60223
3.4731   2.54209
3.4755   2.47876
3.4778   2.41911
3.4801   2.35328
3.4825   2.37803
3.4848   2.39385
3.4872   2.35268
3.4895   2.22947
3.4918   2.16619
3.4942   2.12023
3.4966   2.09422
3.4989   2.08587
3.5013   2.07549
3.5036   2.12907
3.506   2.49373
3.5084   3.17416
3.5108   3.88660
3.5131   3.99637
3.5155   3.67097
3.5179   3.38723
3.5203   3.20367
3.5227   3.02129
3.5251   2.91030
3.5275   2.82877
3.5299   2.76836
3.5323   2.72984
3.5347   2.74885
3.5371   2.69791
3.5395   2.65715
3.5419   2.60810
3.5444   2.57625
3.5468   2.54946
3.5492   2.59330
3.5516   2.57296
3.5541   2.54532
3.5565   2.51494
3.559   2.50177
3.5614   2.48680
3.5638   2.53075
3.5663   2.48369
3.5687   2.44361
3.5712   2.45836
3.5737   2.48115
3.5761   2.46154
3.5786   2.45997
3.5811   2.46773
3.5835   2.44346
3.586   2.40253
3.5885   2.42043
3.591   2.44488
3.5935   2.44775
3.596   2.40933
3.5985   2.42300
3.601   2.42891
3.6035   2.42696
3.606   2.39706
3.6085   2.40248
3.611   2.38492
3.6135   2.39888
3.616   2.38523
3.6186   2.37653
3.6211   2.35684
3.6236   2.34795
3.6261   2.34921
3.6287   2.35958
3.6312   2.35640
3.6338   2.37139
3.6363   2.35141
3.6389   2.35095
3.6414   2.32303
3.644   2.35054
3.6465   2.34073
3.6491   2.34271
3.6517   2.32470
3.6543   2.27517
3.6568   2.26938
3.6594   2.29756
3.662   2.26527
3.6646   2.27860
3.6672   2.29733
3.6698   2.33320
3.6724   2.36252
3.675   2.34710
3.6776   2.29465
3.6802   2.31264
3.6828   2.34833
3.6854   2.37183
3.688   2.34684
3.6907   2.31365
3.6933   2.30577
3.6959   2.30006
3.6986   2.29358
3.7012   2.32383
3.7039   2.32601
3.7065   2.31687
3.7092   2.31609
3.7118   2.33918
3.7145   2.30529
3.7171   2.27313
3.7198   2.29121
3.7225   2.32988
3.7251   2.29723
3.7278   2.26010
3.7305   2.27697
3.7332   2.33609
3.7359   2.30822
3.7386   2.29318
3.7413   2.27138
3.744   2.2685
3.7467   2.23663
3.7494   2.25387
3.7521   2.26397
3.7548   2.23896
3.7575   2.24137
3.7603   2.26531
3.763   2.26244
3.7657   2.29338
3.7685   2.29649
3.7712   2.28228
3.7739   2.23854
3.7767   2.22810
3.7794   2.22745
3.7822   2.24541
3.785   2.28341
3.7877   2.30111
3.7905   2.27531
3.7933   2.27146
3.796   2.26329
3.7988   2.25119
3.8016   2.23922
3.8044   2.24805
3.8072   2.26988
3.81   2.26642
3.8128   2.25263
3.8156   2.25395
3.8184   2.26687
3.8212   2.32156
3.824   2.26714
3.8269   2.21404
3.8297   2.21234
3.8325   2.25989
3.8353   2.27322
3.8382   2.23654
3.841   2.20535
3.8439   2.25040
3.8467   2.25259
3.8496   2.22217
3.8524   2.24116
3.8553   2.28693
3.8582   2.27585
3.8611   2.24069
3.8639   2.25321
3.8668   2.27485
3.8697   2.20900
3.8726   2.20233
3.8755   2.24482
3.8784   2.25212
3.8813   2.23796
3.8842   2.23639
3.8871   2.22614
3.89   2.27019
3.8929   2.22643
3.8959   2.18972
3.8988   2.24581
3.9017   2.28571
3.9047   2.24195
3.9076   2.24510
3.9106   2.25796
3.9135   2.24237
3.9165   2.24615
3.9194   2.22619
3.9224   2.20769
3.9254   2.24426
3.9283   2.26544
3.9313   2.26135
3.9343   2.26978
3.9373   2.28242
3.9403   2.27811
3.9433   2.22667
3.9463   2.20872
3.9493   2.26109
3.9523   2.26629
3.9553   2.24273
3.9583   2.21363
3.9613   2.19679
3.9644   2.20563
3.9674   2.19985
3.9704   2.19091
3.9735   2.19615
3.9765   2.17534
3.9796   2.17568
3.9826   2.20396
3.9857   2.27518
3.9888   2.29820
3.9918   2.25744
3.9949   2.22951
3.998   2.23295
4.0011   2.21978
4.0042   2.22094
4.0073   2.24514
4.0104   2.24532
4.0135   2.22397
4.0166   2.20335
4.0197   2.19274
4.0228   2.22594
4.0259   2.23150
4.0291   2.22301
4.0322   2.20978
4.0353   2.22156
4.0385   2.23744
4.0416   2.22656
4.0448   2.23096
4.0479   2.24444
4.0511   2.24679
4.0543   2.22799
4.0574   2.20549
4.0606   2.20833
4.0638   2.22125
4.067   2.24093
4.0702   2.23685
4.0734   2.23120
4.0766   2.17333
4.0798   2.17434
4.083   2.23058
4.0862   2.22884
4.0894   2.19245
4.0927   2.20863
4.0959   2.24051
4.0991   2.24949
4.1024   2.24629
4.1056   2.24762
4.1089   2.22139
4.1121   2.21196
4.1154   2.22901
4.1187   2.23955
4.1219   2.22054
4.1252   2.19738
4.1285   2.21195
4.1318   2.21371
4.1351   2.18211
4.1384   2.19861
4.1417   2.22209
4.145   2.24362
4.1483   2.25856
4.1516   2.24917
4.155   2.21874
4.1583   2.22442
4.1616   2.23294
4.165   2.20817
4.1683   2.19353
4.1717   2.21662
4.175   2.22212
4.1784   2.19604
4.1818   2.17922
4.1851   2.16981
4.1885   2.19587
4.1919   2.22775
4.1953   2.22193
4.1987   2.22833
4.2021   2.26698
4.2055   2.27201
4.2089   2.23482
4.2123   2.24665
4.2158   2.31951
4.2192   2.33131
4.2226   2.30074
4.2261   2.25779
4.2295   2.30199
4.233   2.38926
4.2364   2.45707
4.2399   2.40667
4.2434   2.36569
4.2468   2.31766
4.2503   2.24820
4.2538   2.28275
4.2573   2.29670
4.2608   2.35502
4.2643   2.34856
4.2678   2.25255
4.2713   2.31930
4.2748   2.36143
4.2784   2.33720
4.2819   2.29471
4.2854   2.27996
4.289   2.35611
4.2925   2.35979
4.2961   2.28531
4.2997   2.30027
4.3032   2.35378
4.3068   2.36077
4.3104   2.30537
4.314   2.24259
4.3176   2.25979
4.3212   2.30000
4.3248   2.30852
4.3284   2.27665
4.332   2.2605
4.3356   2.25340
4.3392   2.23986
4.3429   2.23108
4.3465   2.22658
4.3502   2.21665
4.3538   2.22604
4.3575   2.25409
4.3611   2.23590
4.3648   2.20745
4.3685   2.18052
4.3722   2.16403
4.3759   2.19000
4.3796   2.16890
4.3833   2.11950
4.387   2.14766
4.3907   2.18673
4.3944   2.20912
4.3981   2.23867
4.4019   2.19265
4.4056   2.16291
4.4093   2.18702
4.4131   2.21175
4.4169   2.20917
4.4206   2.17334
4.4244   2.17936
4.4282   2.20011
4.432   2.16760
4.4357   2.13918
4.4395   2.16312
4.4434   2.13115
4.4472   2.15538
4.451   2.22240
4.4548   2.21455
4.4586   2.15952
4.4625   2.15338
4.4663   2.15273
4.4702   2.17913
4.474   2.19381
4.4779   2.18237
4.4818   2.15953
4.4856   2.16824
4.4895   2.17933
4.4934   2.17499
4.4973   2.15412
4.5012   2.14924
4.5051   2.16529
4.509   2.16987
4.513   2.17448
4.5169   2.21707
4.5208   2.19115
4.5248   2.11506
4.5287   2.11297
4.5327   2.18000
4.5367   2.18159
4.5406   2.16177
4.5446   2.14572
4.5486   2.15709
4.5526   2.13805
4.5566   2.18004
4.5606   2.19213
4.5646   2.15494
4.5686   2.13080
4.5727   2.14278
4.5767   2.13239
4.5807   2.14733
4.5848   2.17369
4.5888   2.20867
4.5929   2.19107
4.597   2.18120
4.6011   2.14980
4.6051   2.13383
4.6092   2.13761
4.6133   2.17853
4.6174   2.16734
4.6216   2.13455
4.6257   2.14045
4.6298   2.17217
4.634   2.15894
4.6381   2.16867
4.6422   2.14159
4.6464   2.12274
4.6506   2.12467
4.6547   2.14829
4.6589   2.14819
4.6631   2.12664
4.6673   2.13688
4.6715   2.12979
4.6757   2.10580
4.68   2.12110
4.6842   2.13600
4.6884   2.14552
4.6927   2.14481
4.6969   2.16315
4.7012   2.16435
4.7054   2.16427
4.7097   2.16565
4.714   2.15158
4.7183   2.17217
4.7226   2.20792
4.7269   2.18593
4.7312   2.17761
4.7355   2.17988
4.7398   2.17228
4.7442   2.15092
4.7485   2.14180
4.7529   2.13289
4.7572   2.13609
4.7616   2.14151
4.766   2.13574
4.7704   2.12803
4.7748   2.13888
4.7792   2.11952
4.7836   2.13135
4.788   2.12384
4.7924   2.10790
4.7968   2.08727
4.8013   2.11087
4.8057   2.09719
4.8102   2.08084
4.8147   2.10025
4.8191   2.13472
4.8236   2.16082
4.8281   2.21064
4.8326   2.20733
4.8371   2.19013
4.8416   2.15617
4.8462   2.17173
4.8507   2.15085
4.8552   2.12223
4.8598   2.12094
4.8643   2.10907
4.8689   2.08333
4.8735   2.09675
4.8781   2.11539
4.8827   2.14531
4.8873   2.14284
4.8919   2.14639
4.8965   2.12391
4.9011   2.12484
4.9058   2.12698
4.9104   2.14351
4.9151   2.11420
4.9197   2.12356
4.9244   2.15040
4.9291   2.16521
4.9338   2.13075
4.9385   2.12411
4.9432   2.11718
4.9479   2.12226
4.9526   2.11793
4.9574   2.12693
4.9621   2.10646
4.9668   2.11356
4.9716   2.09614
4.9764   2.13352
4.9812   2.16084
4.986   2.13581
4.9908   2.09852
4.9956   2.11971
5.0004   2.09791
5.0052   2.10223
5.01   2.11033
5.0149   2.09886
5.0197   2.13356
5.0246   2.17617
5.0295   2.14832
5.0344   2.13655
5.0393   2.12712
5.0442   2.14075
5.0491   2.12044
5.054   2.11987
5.0589   2.09978
5.0639   2.08037
5.0688   2.06909
5.0738   2.09329
5.0787   2.10806
5.0837   2.12499
5.0887   2.12835
5.0937   2.13558
5.0987   2.14175
5.1037   2.12617
5.1088   2.09844
5.1138   2.13909
5.1188   2.13312
5.1239   2.11691
5.129   2.10298
5.134   2.11827
5.1391   2.09835
5.1442   2.09203
5.1493   2.08997
5.1545   2.11792
5.1596   2.11353
5.1647   2.12412
5.1699   2.12818
5.175   2.14076
5.1802   2.11085
5.1854   2.10844
5.1906   2.08040
5.1958   2.06750
5.201   2.07651
5.2062   2.14480
5.2114   2.16574
5.2167   2.17841
5.2219   2.14197
5.2272   2.13082
5.2325   2.11430
5.2378   2.11242
5.2431   2.07792
5.2484   2.12197
5.2537   2.14044
5.259   2.14156
5.2644   2.08578
5.2697   2.07621
5.2751   2.07751
5.2804   2.12255
5.2858   2.11015
5.2912   2.09900
5.2966   2.11650
5.302   2.12672
5.3075   2.10883
5.3129   2.11070
5.3183   2.08694
5.3238   2.06896
5.3293   2.06592
5.3348   2.07964
5.3403   2.08171
5.3458   2.12660
5.3513   2.10968
5.3568   2.08598
5.3623   2.05462
5.3679   2.05431
5.3735   2.03264
5.379   2.05589
5.3846   2.07065
5.3902   2.07475
5.3958   2.07261
5.4014   2.09496
5.4071   2.06513
5.4127   2.08670
5.4184   2.06987
5.424   2.03732
5.4297   2.00615
5.4354   2.02396
5.4411   1.98883
5.4468   1.98992
5.4526   1.98395
5.4583   2.04309
5.4641   2.08307
5.4698   2.09106
5.4756   2.07186
5.4814   2.07332
5.4872   2.04925
5.493   2.06508
5.4988   2.05158
5.5047   2.08350
5.5105   2.05478
5.5164   2.07603
5.5222   2.05158
5.5281   2.04010
5.534   2.00596
5.5399   2.00915
5.5459   1.99924
5.5518   2.02756
5.5578   1.99078
5.5637   1.96432
5.5697   2.00302
5.5757   2.07115
5.5817   2.01700
5.5877   2.00422
5.5937   1.97728
5.5998   1.99365
5.6058   1.96713
5.6119   1.95810
5.618   1.92631
5.6241   1.96350
5.6302   1.96533
5.6363   1.98130
5.6424   1.94723
5.6486   1.95408
5.6547   1.97241
5.6609   1.99634
5.6671   1.95325
5.6733   1.96698
5.6795   1.97366
5.6857   1.94202
5.692   1.90908
5.6982   1.94480
5.7045   1.91250
5.7108   1.91581
5.7171   1.89849
5.7234   1.92668
5.7297   1.89487
5.7361   1.91462
5.7424   1.90564
5.7488   1.93809
5.7551   1.99345
5.7615   2.06550
5.768   2.06260
5.7744   2.06055
5.7808   2.04254
5.7873   2.0767
5.7937   2.08429
5.8002   2.12209
5.8067   2.12832
5.8132   2.13967
5.8197   2.10187
5.8263   2.12628
5.8328   2.13050
5.8394   2.15004
5.846   2.13515
5.8526   2.16933
5.8592   2.19490
5.8658   2.24046
5.8725   2.24840
5.8791   2.28549
5.8858   2.25199
5.8925   2.25643
5.8992   2.19694
5.9059   2.19213
5.9126   2.20557
5.9194   2.24200
5.9262   2.21695
5.9329   2.26959
5.9397   2.25473
5.9465   2.26006
5.9534   2.18340
5.9602   2.16040
5.9671   2.10684
5.9739   2.13673
5.9808   2.11203
5.9877   2.11493
5.9947   2.07373
6.0016   2.06539
6.0086   2.01308
6.0155   2.06231
6.0225   2.06305
6.0295   2.10064
6.0365   2.11118
6.0436   2.22980
6.0506   2.29032
6.0577   2.32166
6.0648   2.27960
6.0719   2.35209
6.079   2.33801
6.0861   2.32409
6.0933   2.26654
6.1005   2.32996
6.1076   2.30272
6.1148   2.31944
6.1221   2.27682
6.1293   2.31406
6.1366   2.30231
6.1438   2.37073
6.1511   2.39363
6.1584   2.38390
6.1657   2.34627
6.1731   2.37160
6.1804   2.32040
6.1878   2.39462
6.1952   2.39500
6.2026   2.43175
6.21   2.41277
6.2175   2.43367
6.225   2.38182
6.2324   2.39357
6.2399   2.34360
6.2475   2.35096
6.255   2.37422
6.2625   2.41403
6.2701   2.37151
6.2777   2.37660
6.2853   2.33772
6.2929   2.38077
6.3006   2.31814
6.3083   2.32439
6.3159   2.34169
6.3236   2.37454
6.3314   2.34681
6.3391   2.35464
6.3469   2.31748
6.3546   2.35398
6.3624   2.36582
6.3703   2.38197
6.3781   2.29319
6.3859   2.32343
6.3938   2.34224
6.4017   2.37743
6.4096   2.34581
6.4176   2.35675
6.4255   2.29198
6.4335   2.30652
6.4415   2.24627
6.4495   2.27352
6.4575   2.27948
6.4656   2.29
6.4736   2.22455
6.4817   2.22802
6.4898   2.20532
6.498   2.23809
6.5061   2.18863
6.5143   2.20203
6.5225   2.16446
6.5307   2.17294
6.539   2.15447
6.5472   2.21840
6.5555   2.15509
6.5638   2.13761
6.5721   2.14233
6.5804   2.17139
6.5888   2.13373
6.5972   2.16267
6.6056   2.18542
6.614   2.21382
6.6225   2.12954
6.6309   2.08847
6.6394   2.04569
6.6479   2.09025
6.6565   2.04963
6.665   2.07108
6.6736   2.07042
6.6822   2.13056
6.6908   2.09378
6.6995   2.09785
6.7081   2.08717
6.7168   2.12878
6.7255   2.06295
6.7343   2.03937
6.743   1.99549
6.7518   2.01950
6.7606   1.95037
6.7694   1.98214
6.7783   2.01176
6.7872   2.10948
6.7961   2.1001
6.805   2.11564
6.8139   2.08440
6.8229   2.20492
6.8319   2.34868
6.8409   2.45416
6.8499   2.36159
6.859   2.34070
6.8681   2.29055
6.8772   2.31149
6.8863   2.26968
6.8955   2.31452
6.9046   2.28589
6.9139   2.32677
6.9231   2.33511
6.9323   2.37201
6.9416   2.26887
6.9509   2.25920
6.9603   2.23649
6.9696   2.26741
6.979   2.18722
6.9884   2.23119
6.9978   2.22186
7.0073   2.23341
7.0168   2.21408
7.0263   2.31254
7.0358   2.29896
7.0454   2.30886
7.055   2.27070
7.0646   2.28287
7.0742   2.21812
7.0839   2.30444
7.0936   2.30293
7.1033   2.34712
7.113   2.34579
7.1228   2.33213
7.1326   2.23576
7.1424   2.26539
7.1523   2.22894
7.1621   2.28209
7.172   2.27250
7.182   2.30285
7.1919   2.28387
7.2019   2.32176
7.2119   2.25764
7.222   2.29639
7.2321   2.24124
7.2422   2.25026
7.2523   2.22847
7.2624   2.29072
7.2726   2.22291
7.2828   2.24715
7.2931   2.24861
7.3034   2.27349
7.3137   2.20603
7.324   2.25483
7.3344   2.21868
7.3447   2.26452
7.3552   2.20999
7.3656   2.19727
7.3761   2.19517
7.3866   2.28096
7.3971   2.25811
7.4077   2.31235
7.4183   2.30645
7.4289   2.32545
7.4396   2.25450
7.4503   2.27112
7.461   2.23737
7.4717   2.27562
7.4825   2.26049
7.4933   2.29507
7.5042   2.28209
7.5151   2.30815
7.526   2.24463
7.5369   2.26364
7.5479   2.20577
7.5589   2.24222
7.5699   2.22741
7.581   2.21239
7.5921   2.15236
7.6032   2.22529
7.6144   2.17609
7.6256   2.20776
7.6368   2.17591
7.6481   2.24930
7.6594   2.18809
7.6707   2.20673
7.6821   2.21539
7.6935   2.24015
7.7049   2.17696
7.7164   2.20951
7.7278   2.19368
7.7394   2.25945
7.751   2.2016
7.7626   2.22727
7.7742   2.18095
7.7859   2.24134
7.7976   2.22453
7.8093   2.28006
7.8211   2.19892
7.8329   2.23611
7.8448   2.20555
7.8566   2.20121
7.8686   2.12146
7.8805   2.17994
7.8925   2.15193
7.9046   2.25495
7.9166   2.23289
7.9287   2.27840
7.9409   2.19039
7.9531   2.24455
7.9653   2.25774
7.9775   2.29545
7.9898   2.22587
8.0021   2.28491
8.0145   2.25780
8.0269   2.25828
8.0394   2.18257
8.0518   2.30209
8.0644   2.24626
8.0769   2.30792
8.0895   2.34547
8.1022   2.39194
8.1148   2.22474
8.1276   2.25761
8.1403   2.26447
8.1531   2.40809
8.166   2.34735
8.1788   2.32624
8.1918   2.18560
8.2047   2.24791
8.2177   2.20482
8.2308   2.23444
8.2439   2.13964
8.257   2.24813
8.2702   2.17971
8.2834   2.22733
8.2966   2.21524
8.3099   2.32916
8.3233   2.26902
8.3366   2.29924
8.3501   2.19617
8.3635   2.27544
8.377   2.24102
8.3906   2.28164
8.4042   2.19827
8.4178   2.2865
8.4315   2.26048
8.4453   2.35642
8.459   2.26620
8.4729   2.31375
8.4867   2.24953
8.5006   2.41205
8.5146   2.31524
8.5286   2.31753
8.5426   2.34499
8.5567   2.44591
8.5709   2.34344
8.5851   2.46318
8.5993   2.37169
8.6136   2.41071
8.6279   2.40235
8.6423   2.54735
8.6567   2.47744
8.6712   2.49480
8.6857   2.43448
8.7003   2.53370
8.7149   2.46200
8.7296   2.49757
8.7443   2.40859
8.7591   2.50267
8.7739   2.37629
8.7888   2.46670
8.8037   2.46673
8.8187   2.53739
8.8337   2.41265
8.8488   2.50341
8.8639   2.42992
8.8791   2.46310
8.8943   2.38701
8.9096   2.44714
8.9249   2.39018
8.9403   2.49177
8.9558   2.44485
8.9713   2.60153
8.9868   2.48374
9.0024   2.55298
9.0181   2.50084
9.0338   2.60768
9.0495   2.53812
9.0654   2.67505
9.0812   2.58273
9.0972   2.60911
9.1132   2.53144
9.1292   2.65389
9.1453   2.58605
9.1615   2.68009
9.1777   2.60028
9.194   2.63146
9.2103   2.54721
9.2267   2.60270
9.2431   2.51224
9.2596   2.60727
9.2762   2.48533
9.2928   2.60007
9.3095   2.50971
9.3262   2.55164
9.343   2.54748
9.3599   2.68573
9.3768   2.61291
9.3938   2.71462
9.4109   2.61590
9.428   2.67940
9.4451   2.60582
9.4624   2.70159
9.4797   2.60619
9.4971   2.66720
9.5145   2.59224
9.532   2.67036
9.5495   2.53395
9.5671   2.66453
9.5848   2.54304
9.6026   2.55997
9.6204   2.45375
9.6383   2.59473
9.6562   2.56779
9.6742   2.65578
9.6923   2.55924
9.7105   2.70570
9.7287   2.54737
9.747   2.58839
9.7653   2.53877
9.7837   2.56010
9.8022   2.45014
9.8208   2.55341
9.8394   2.44340
9.8581   2.58869
9.8769   2.56110
9.8958   2.62764
9.9147   2.47340
9.9337   2.50473
9.9528   2.44200
9.9719   2.52957
9.9911   2.36422
10.0104   2.45404
10.0298   2.37669
10.0492   2.44254
10.0687   2.36868
10.0883   2.47752
10.108   2.41943
10.1277   2.48238
10.1475   2.35369
10.1674   2.44002
10.1874   2.35216
10.2074   2.43882
10.2276   2.37353
10.2478   2.48521
10.2681   2.43618
10.2885   2.47686
10.3089   2.38604
10.3295   2.52358
10.3501   2.36371
10.3708   2.35703
10.3916   2.27790
10.4124   2.38300
10.4334   2.28377
10.4544   2.44510
10.4755   2.44064
10.4967   2.50373
10.518   2.36975
10.5394   2.43029
10.5609   2.29024
10.5824   2.38921
10.6041   2.31280
10.6258   2.42302
10.6476   2.33171
10.6695   2.42647
10.6915   2.33294
10.7136   2.43107
10.7358   2.38461
10.7581   2.49753
10.7804   2.37516
10.8029   2.39965
10.8254   2.27195
10.8481   2.39578
10.8708   2.28171
10.8937   2.42096
10.9166   2.35068
10.9396   2.38942
10.9628   2.28250
10.986   2.41366
11.0093   2.30036
11.0327   2.38898
11.0563   2.23820
11.0799   2.27941
11.1036   2.18163
11.1274   2.34922
11.1514   2.26776
11.1754   2.33353
11.1995   2.18780
11.2238   2.35794
11.2481   2.29209
11.2726   2.37509
11.2971   2.20476
11.3218   2.31857
11.3466   2.24203
11.3715   2.35796
11.3965   2.23797
11.4216   2.37388
11.4468   2.26382
11.4721   2.38778
11.4975   2.26705
11.5231   2.38238
11.5487   2.22701
11.5745   2.25910
11.6004   2.05592
11.6264   2.23775
11.6525   2.26337
11.6788   2.41454
11.7052   2.30058
11.7316   2.39891
11.7582   2.17566
11.785   2.23460
11.8118   2.15480
11.8388   2.32415
11.8659   2.18564
11.8931   2.25836
11.9204   2.13527
11.9479   2.25784
11.9755   2.14880
12.0032   2.28472
12.0311   2.20051
12.059   2.41395
12.0871   2.28844
12.1154   2.38237
12.1438   2.25750
12.1723   2.34033
12.2009   2.10643
12.2297   2.30473
12.2586   2.22026
12.2876   2.29957
12.3168   2.09439
12.3462   2.31912
12.3756   2.25598
12.4052   2.45936
12.435   2.30556
12.4649   2.43427
12.4949   2.25174
12.5251   2.24361
12.5554   2.13115
12.5859   2.48836
12.6165   2.35958
12.6473   2.37199
12.6782   2.21056
12.7093   2.35114
12.7405   2.17904
12.7719   2.31131
12.8034   2.14907
12.8351   2.30327
12.867   2.16565
12.899   2.38435
12.9311   2.34126
12.9635   2.46549
12.996   2.18466
13.0286   2.27491
13.0614   2.09911
13.0944   2.31159
13.1276   2.20840
13.1609   2.31745
13.1944   2.12362
13.228   2.29757
13.2619   2.10527
13.2959   2.35455
13.33   2.25461
13.3644   2.37999
13.3989   2.12864
13.4336   2.26726
13.4685   2.05230
13.5036   2.17499
13.5389   2.10503
13.5743   2.36244
13.6099   2.10659
13.6458   2.22796
13.6818   2.06566
13.7179   2.28190
13.7543   2.10763
13.7909   2.33405
13.8277   2.09643
13.8647   2.27996
13.9018   2.27418
13.9392   2.61517
13.9768   2.44898
14.0146   2.62366
14.0525   2.40334
14.0907   2.58135
14.1291   2.26421
14.1677   2.48635
14.2065   2.32208
14.2456   2.45171
14.2848   2.15543
14.3243   2.50518
14.3639   2.32227
14.4038   2.51082
14.444   2.15301
14.4843   2.50417
14.5249   2.38241
14.5657   2.57191
14.6067   2.08472
14.648   2.35188
14.6895   2.07751
14.7312   2.41170
14.7732   2.07186
14.8154   2.33515
14.8578   2.25304
14.9005   2.61701
14.9435   2.13232
14.9867   2.58335
15.0301   2.11878
15.0738   2.40309
15.1177   2.16603
15.1619   2.64210
15.2064   2.10829
15.2511   2.35013
15.2961   2.01643
15.3414   2.48562
15.3869   0

