Name: Agave attenuata
Type: vegetation
Class: Shrub
Genus: Agave
Species: attenuata
Sample No.: JPL061
Owner: JPL
Wavelength Range: All
Origin: 34.12717; - 118.11108; WGS84
Collection Date: 2/2/2016
Description: Samples were collected at the Huntington Garden in San Marino California as part of a JPL Subcontract studying HyTES imagery. Samples were taken to JPL and processed within 48 hours of collection. The same leaves were processed in the Nicolet and then measured using the ASD.
Measurement: Bidirectional and directional hemispherical reflectance
First Column: X
Second Column: Y
X Units: Wavelength (micrometer)
Y Units: Reflectance (percentage)
First X Value: 0.35
Last X Value: 15.3869
Number of X Values: 3889
Additional Information: jpl.asdnicolet.vegetation.shrub.agave.attenuata.jpl061.ancillary.txt

 0.350	14.448
 0.351	15.438
 0.352	16.454
 0.353	16.609
 0.354	15.909
 0.355	15.396
 0.356	15.086
 0.357	14.973
 0.358	14.918
 0.359	14.148
 0.360	13.804
 0.361	14.353
 0.362	15.039
 0.363	15.170
 0.364	15.056
 0.365	15.114
 0.366	15.099
 0.367	15.085
 0.368	14.903
 0.369	14.316
 0.370	14.450
 0.371	14.205
 0.372	13.444
 0.373	14.433
 0.374	14.995
 0.375	14.765
 0.376	14.160
 0.377	14.578
 0.378	14.814
 0.379	14.626
 0.380	14.616
 0.381	14.286
 0.382	13.992
 0.383	14.091
 0.384	14.695
 0.385	15.076
 0.386	15.047
 0.387	14.681
 0.388	14.066
 0.389	13.911
 0.390	14.301
 0.391	14.624
 0.392	14.554
 0.393	14.377
 0.394	14.375
 0.395	14.428
 0.396	14.556
 0.397	14.631
 0.398	14.497
 0.399	14.408
 0.400	14.391
 0.401	14.383
 0.402	14.228
 0.403	14.253
 0.404	14.399
 0.405	14.526
 0.406	14.563
 0.407	14.594
 0.408	14.602
 0.409	14.530
 0.410	14.671
 0.411	14.828
 0.412	14.837
 0.413	14.646
 0.414	14.723
 0.415	14.888
 0.416	14.836
 0.417	14.739
 0.418	14.796
 0.419	14.947
 0.420	14.922
 0.421	14.927
 0.422	14.925
 0.423	14.877
 0.424	14.843
 0.425	14.894
 0.426	14.991
 0.427	15.039
 0.428	14.988
 0.429	14.936
 0.430	14.947
 0.431	15.019
 0.432	15.072
 0.433	15.057
 0.434	14.969
 0.435	14.874
 0.436	14.866
 0.437	14.913
 0.438	14.903
 0.439	14.919
 0.440	14.919
 0.441	14.896
 0.442	14.972
 0.443	14.948
 0.444	14.861
 0.445	14.839
 0.446	14.936
 0.447	14.978
 0.448	14.935
 0.449	14.960
 0.450	14.933
 0.451	14.899
 0.452	14.911
 0.453	14.907
 0.454	14.905
 0.455	14.925
 0.456	14.986
 0.457	15.001
 0.458	14.947
 0.459	14.860
 0.460	14.853
 0.461	14.913
 0.462	14.954
 0.463	14.906
 0.464	14.897
 0.465	14.830
 0.466	14.747
 0.467	14.836
 0.468	14.809
 0.469	14.764
 0.470	14.800
 0.471	14.775
 0.472	14.755
 0.473	14.739
 0.474	14.705
 0.475	14.748
 0.476	14.761
 0.477	14.709
 0.478	14.706
 0.479	14.720
 0.480	14.713
 0.481	14.664
 0.482	14.630
 0.483	14.599
 0.484	14.582
 0.485	14.610
 0.486	14.637
 0.487	14.616
 0.488	14.557
 0.489	14.593
 0.490	14.640
 0.491	14.663
 0.492	14.663
 0.493	14.714
 0.494	14.748
 0.495	14.753
 0.496	14.805
 0.497	14.851
 0.498	14.882
 0.499	14.902
 0.500	14.925
 0.501	15.022
 0.502	15.161
 0.503	15.232
 0.504	15.278
 0.505	15.361
 0.506	15.511
 0.507	15.668
 0.508	15.829
 0.509	15.995
 0.510	16.174
 0.511	16.373
 0.512	16.604
 0.513	16.859
 0.514	17.102
 0.515	17.377
 0.516	17.666
 0.517	17.955
 0.518	18.302
 0.519	18.649
 0.520	18.980
 0.521	19.314
 0.522	19.667
 0.523	20.059
 0.524	20.464
 0.525	20.755
 0.526	21.082
 0.527	21.436
 0.528	21.745
 0.529	22.022
 0.530	22.259
 0.531	22.478
 0.532	22.740
 0.533	22.958
 0.534	23.148
 0.535	23.338
 0.536	23.484
 0.537	23.588
 0.538	23.672
 0.539	23.769
 0.540	23.876
 0.541	23.966
 0.542	24.029
 0.543	24.108
 0.544	24.193
 0.545	24.265
 0.546	24.301
 0.547	24.308
 0.548	24.332
 0.549	24.386
 0.550	24.437
 0.551	24.434
 0.552	24.414
 0.553	24.412
 0.554	24.382
 0.555	24.305
 0.556	24.195
 0.557	24.082
 0.558	23.956
 0.559	23.815
 0.560	23.664
 0.561	23.519
 0.562	23.375
 0.563	23.223
 0.564	23.044
 0.565	22.819
 0.566	22.608
 0.567	22.416
 0.568	22.185
 0.569	21.940
 0.570	21.695
 0.571	21.456
 0.572	21.193
 0.573	20.957
 0.574	20.757
 0.575	20.568
 0.576	20.356
 0.577	20.163
 0.578	20.007
 0.579	19.848
 0.580	19.685
 0.581	19.528
 0.582	19.387
 0.583	19.252
 0.584	19.135
 0.585	19.028
 0.586	18.901
 0.587	18.793
 0.588	18.699
 0.589	18.606
 0.590	18.498
 0.591	18.430
 0.592	18.389
 0.593	18.321
 0.594	18.244
 0.595	18.188
 0.596	18.156
 0.597	18.108
 0.598	18.047
 0.599	17.978
 0.600	17.910
 0.601	17.863
 0.602	17.812
 0.603	17.744
 0.604	17.653
 0.605	17.564
 0.606	17.464
 0.607	17.344
 0.608	17.222
 0.609	17.099
 0.610	16.988
 0.611	16.899
 0.612	16.760
 0.613	16.613
 0.614	16.477
 0.615	16.322
 0.616	16.186
 0.617	16.077
 0.618	15.991
 0.619	15.906
 0.620	15.825
 0.621	15.751
 0.622	15.685
 0.623	15.606
 0.624	15.551
 0.625	15.535
 0.626	15.510
 0.627	15.485
 0.628	15.470
 0.629	15.467
 0.630	15.420
 0.631	15.375
 0.632	15.351
 0.633	15.325
 0.634	15.287
 0.635	15.232
 0.636	15.160
 0.637	15.079
 0.638	14.974
 0.639	14.858
 0.640	14.759
 0.641	14.629
 0.642	14.502
 0.643	14.399
 0.644	14.309
 0.645	14.181
 0.646	14.031
 0.647	13.903
 0.648	13.831
 0.649	13.754
 0.650	13.662
 0.651	13.588
 0.652	13.520
 0.653	13.467
 0.654	13.423
 0.655	13.344
 0.656	13.264
 0.657	13.180
 0.658	13.085
 0.659	13.014
 0.660	12.920
 0.661	12.805
 0.662	12.726
 0.663	12.660
 0.664	12.587
 0.665	12.503
 0.666	12.450
 0.667	12.387
 0.668	12.330
 0.669	12.316
 0.670	12.304
 0.671	12.289
 0.672	12.281
 0.673	12.300
 0.674	12.314
 0.675	12.337
 0.676	12.382
 0.677	12.408
 0.678	12.455
 0.679	12.516
 0.680	12.563
 0.681	12.646
 0.682	12.742
 0.683	12.837
 0.684	12.954
 0.685	13.093
 0.686	13.260
 0.687	13.466
 0.688	13.734
 0.689	14.077
 0.690	14.493
 0.691	14.978
 0.692	15.583
 0.693	16.321
 0.694	17.179
 0.695	18.096
 0.696	19.114
 0.697	20.237
 0.698	21.451
 0.699	22.714
 0.700	24.045
 0.701	25.433
 0.702	26.846
 0.703	28.283
 0.704	29.732
 0.705	31.180
 0.706	32.634
 0.707	34.092
 0.708	35.552
 0.709	37.020
 0.710	38.515
 0.711	40.023
 0.712	41.531
 0.713	43.047
 0.714	44.571
 0.715	46.102
 0.716	47.632
 0.717	49.156
 0.718	50.671
 0.719	52.179
 0.720	53.675
 0.721	55.139
 0.722	56.570
 0.723	57.965
 0.724	59.318
 0.725	60.616
 0.726	61.864
 0.727	63.068
 0.728	64.218
 0.729	65.286
 0.730	66.275
 0.731	67.203
 0.732	68.085
 0.733	68.896
 0.734	69.633
 0.735	70.323
 0.736	71.014
 0.737	71.657
 0.738	72.220
 0.739	72.756
 0.740	73.252
 0.741	73.708
 0.742	74.127
 0.743	74.507
 0.744	74.846
 0.745	75.155
 0.746	75.458
 0.747	75.699
 0.748	75.903
 0.749	76.091
 0.750	76.251
 0.751	76.390
 0.752	76.507
 0.753	76.602
 0.754	76.685
 0.755	76.771
 0.756	76.854
 0.757	76.904
 0.758	76.940
 0.759	76.990
 0.760	77.048
 0.761	77.048
 0.762	77.057
 0.763	77.072
 0.764	77.078
 0.765	77.087
 0.766	77.095
 0.767	77.090
 0.768	77.063
 0.769	77.063
 0.770	77.070
 0.771	77.069
 0.772	77.069
 0.773	77.064
 0.774	77.055
 0.775	77.046
 0.776	77.057
 0.777	77.062
 0.778	77.068
 0.779	77.089
 0.780	77.102
 0.781	77.113
 0.782	77.117
 0.783	77.096
 0.784	77.122
 0.785	77.174
 0.786	77.216
 0.787	77.218
 0.788	77.247
 0.789	77.288
 0.790	77.307
 0.791	77.315
 0.792	77.351
 0.793	77.396
 0.794	77.396
 0.795	77.435
 0.796	77.467
 0.797	77.471
 0.798	77.476
 0.799	77.507
 0.800	77.548
 0.801	77.575
 0.802	77.564
 0.803	77.581
 0.804	77.617
 0.805	77.634
 0.806	77.653
 0.807	77.663
 0.808	77.669
 0.809	77.682
 0.810	77.682
 0.811	77.663
 0.812	77.640
 0.813	77.660
 0.814	77.675
 0.815	77.655
 0.816	77.600
 0.817	77.590
 0.818	77.593
 0.819	77.580
 0.820	77.532
 0.821	77.491
 0.822	77.465
 0.823	77.428
 0.824	77.335
 0.825	77.251
 0.826	77.156
 0.827	77.035
 0.828	76.912
 0.829	76.792
 0.830	76.653
 0.831	76.497
 0.832	76.397
 0.833	76.328
 0.834	76.257
 0.835	76.163
 0.836	76.095
 0.837	76.054
 0.838	76.027
 0.839	75.989
 0.840	75.943
 0.841	75.921
 0.842	75.920
 0.843	75.890
 0.844	75.865
 0.845	75.837
 0.846	75.803
 0.847	75.779
 0.848	75.779
 0.849	75.773
 0.850	75.729
 0.851	75.673
 0.852	75.648
 0.853	75.642
 0.854	75.617
 0.855	75.625
 0.856	75.608
 0.857	75.560
 0.858	75.527
 0.859	75.502
 0.860	75.464
 0.861	75.421
 0.862	75.429
 0.863	75.395
 0.864	75.351
 0.865	75.335
 0.866	75.323
 0.867	75.294
 0.868	75.232
 0.869	75.150
 0.870	75.156
 0.871	75.132
 0.872	75.058
 0.873	74.984
 0.874	74.991
 0.875	74.943
 0.876	74.834
 0.877	74.785
 0.878	74.727
 0.879	74.668
 0.880	74.619
 0.881	74.589
 0.882	74.510
 0.883	74.408
 0.884	74.322
 0.885	74.268
 0.886	74.240
 0.887	74.207
 0.888	74.141
 0.889	74.046
 0.890	73.941
 0.891	73.853
 0.892	73.802
 0.893	73.748
 0.894	73.677
 0.895	73.599
 0.896	73.537
 0.897	73.504
 0.898	73.474
 0.899	73.405
 0.900	73.265
 0.901	73.205
 0.902	73.171
 0.903	73.111
 0.904	73.026
 0.905	72.955
 0.906	72.873
 0.907	72.777
 0.908	72.721
 0.909	72.645
 0.910	72.563
 0.911	72.480
 0.912	72.338
 0.913	72.190
 0.914	72.057
 0.915	71.945
 0.916	71.854
 0.917	71.730
 0.918	71.562
 0.919	71.366
 0.920	71.173
 0.921	70.980
 0.922	70.780
 0.923	70.554
 0.924	70.250
 0.925	70.007
 0.926	69.796
 0.927	69.476
 0.928	69.144
 0.929	68.827
 0.930	68.522
 0.931	68.207
 0.932	67.818
 0.933	67.439
 0.934	67.100
 0.935	66.735
 0.936	66.304
 0.937	65.891
 0.938	65.520
 0.939	65.097
 0.940	64.639
 0.941	64.220
 0.942	63.842
 0.943	63.369
 0.944	62.887
 0.945	62.412
 0.946	61.921
 0.947	61.346
 0.948	60.828
 0.949	60.328
 0.950	59.776
 0.951	59.143
 0.952	58.478
 0.953	57.900
 0.954	57.453
 0.955	56.927
 0.956	56.350
 0.957	55.792
 0.958	55.340
 0.959	55.051
 0.960	54.772
 0.961	54.481
 0.962	54.219
 0.963	54.019
 0.964	53.826
 0.965	53.638
 0.966	53.488
 0.967	53.482
 0.968	53.386
 0.969	53.244
 0.970	53.182
 0.971	53.095
 0.972	53.024
 0.973	52.956
 0.974	52.875
 0.975	52.886
 0.976	52.845
 0.977	52.776
 0.978	52.780
 0.979	52.859
 0.980	52.885
 0.981	52.866
 0.982	52.892
 0.983	53.031
 0.984	53.127
 0.985	53.150
 0.986	53.158
 0.987	53.216
 0.988	53.262
 0.989	53.331
 0.990	53.470
 0.991	53.524
 0.992	53.667
 0.993	53.820
 0.994	53.842
 0.995	53.925
 0.996	54.057
 0.997	54.181
 0.998	54.272
 0.999	54.519
 1.000	54.719
 1.001	54.845
 1.002	55.033
 1.003	55.264
 1.004	55.463
 1.005	55.634
 1.006	55.787
 1.007	55.920
 1.008	56.110
 1.009	56.331
 1.010	56.532
 1.011	56.773
 1.012	56.994
 1.013	57.184
 1.014	57.393
 1.015	57.626
 1.016	57.826
 1.017	58.036
 1.018	58.226
 1.019	58.426
 1.020	58.640
 1.021	58.843
 1.022	59.076
 1.023	59.330
 1.024	59.635
 1.025	59.876
 1.026	60.120
 1.027	60.342
 1.028	60.482
 1.029	60.694
 1.030	60.961
 1.031	61.190
 1.032	61.437
 1.033	61.656
 1.034	61.837
 1.035	62.031
 1.036	62.252
 1.037	62.491
 1.038	62.696
 1.039	62.908
 1.040	63.098
 1.041	63.239
 1.042	63.422
 1.043	63.626
 1.044	63.820
 1.045	64.026
 1.046	64.214
 1.047	64.400
 1.048	64.571
 1.049	64.731
 1.050	64.882
 1.051	65.027
 1.052	65.140
 1.053	65.268
 1.054	65.385
 1.055	65.512
 1.056	65.661
 1.057	65.768
 1.058	65.860
 1.059	65.949
 1.060	66.007
 1.061	66.080
 1.062	66.163
 1.063	66.238
 1.064	66.324
 1.065	66.379
 1.066	66.412
 1.067	66.446
 1.068	66.468
 1.069	66.469
 1.070	66.474
 1.071	66.487
 1.072	66.476
 1.073	66.446
 1.074	66.418
 1.075	66.367
 1.076	66.346
 1.077	66.363
 1.078	66.321
 1.079	66.271
 1.080	66.204
 1.081	66.078
 1.082	65.979
 1.083	65.892
 1.084	65.801
 1.085	65.724
 1.086	65.624
 1.087	65.516
 1.088	65.402
 1.089	65.281
 1.090	65.142
 1.091	65.014
 1.092	64.902
 1.093	64.753
 1.094	64.583
 1.095	64.421
 1.096	64.228
 1.097	64.069
 1.098	63.947
 1.099	63.799
 1.100	63.644
 1.101	63.494
 1.102	63.344
 1.103	63.180
 1.104	63.010
 1.105	62.862
 1.106	62.699
 1.107	62.524
 1.108	62.354
 1.109	62.189
 1.110	62.016
 1.111	61.843
 1.112	61.662
 1.113	61.485
 1.114	61.288
 1.115	61.071
 1.116	60.859
 1.117	60.643
 1.118	60.420
 1.119	60.209
 1.120	59.971
 1.121	59.704
 1.122	59.409
 1.123	59.063
 1.124	58.694
 1.125	58.297
 1.126	57.882
 1.127	57.408
 1.128	56.905
 1.129	56.351
 1.130	55.734
 1.131	55.104
 1.132	54.434
 1.133	53.751
 1.134	53.044
 1.135	52.319
 1.136	51.577
 1.137	50.812
 1.138	50.023
 1.139	49.220
 1.140	48.398
 1.141	47.602
 1.142	46.831
 1.143	46.081
 1.144	45.381
 1.145	44.717
 1.146	44.081
 1.147	43.476
 1.148	42.912
 1.149	42.372
 1.150	41.887
 1.151	41.450
 1.152	41.039
 1.153	40.662
 1.154	40.326
 1.155	40.023
 1.156	39.752
 1.157	39.518
 1.158	39.302
 1.159	39.103
 1.160	38.933
 1.161	38.779
 1.162	38.645
 1.163	38.528
 1.164	38.419
 1.165	38.312
 1.166	38.209
 1.167	38.121
 1.168	38.044
 1.169	37.968
 1.170	37.911
 1.171	37.848
 1.172	37.783
 1.173	37.712
 1.174	37.636
 1.175	37.567
 1.176	37.500
 1.177	37.437
 1.178	37.394
 1.179	37.351
 1.180	37.291
 1.181	37.231
 1.182	37.168
 1.183	37.101
 1.184	37.043
 1.185	36.992
 1.186	36.936
 1.187	36.878
 1.188	36.825
 1.189	36.772
 1.190	36.726
 1.191	36.679
 1.192	36.648
 1.193	36.631
 1.194	36.607
 1.195	36.593
 1.196	36.577
 1.197	36.546
 1.198	36.531
 1.199	36.520
 1.200	36.511
 1.201	36.518
 1.202	36.521
 1.203	36.528
 1.204	36.550
 1.205	36.564
 1.206	36.578
 1.207	36.597
 1.208	36.617
 1.209	36.652
 1.210	36.698
 1.211	36.735
 1.212	36.773
 1.213	36.810
 1.214	36.838
 1.215	36.873
 1.216	36.911
 1.217	36.953
 1.218	36.994
 1.219	37.045
 1.220	37.096
 1.221	37.153
 1.222	37.212
 1.223	37.262
 1.224	37.315
 1.225	37.368
 1.226	37.427
 1.227	37.495
 1.228	37.554
 1.229	37.598
 1.230	37.638
 1.231	37.687
 1.232	37.747
 1.233	37.815
 1.234	37.873
 1.235	37.925
 1.236	37.979
 1.237	38.030
 1.238	38.082
 1.239	38.136
 1.240	38.190
 1.241	38.238
 1.242	38.289
 1.243	38.331
 1.244	38.379
 1.245	38.422
 1.246	38.461
 1.247	38.516
 1.248	38.570
 1.249	38.621
 1.250	38.662
 1.251	38.704
 1.252	38.746
 1.253	38.781
 1.254	38.815
 1.255	38.840
 1.256	38.862
 1.257	38.889
 1.258	38.922
 1.259	38.950
 1.260	38.981
 1.261	39.008
 1.262	39.032
 1.263	39.050
 1.264	39.068
 1.265	39.070
 1.266	39.066
 1.267	39.052
 1.268	39.032
 1.269	39.017
 1.270	38.994
 1.271	38.970
 1.272	38.942
 1.273	38.908
 1.274	38.887
 1.275	38.850
 1.276	38.810
 1.277	38.765
 1.278	38.691
 1.279	38.624
 1.280	38.556
 1.281	38.475
 1.282	38.398
 1.283	38.314
 1.284	38.212
 1.285	38.105
 1.286	37.998
 1.287	37.891
 1.288	37.777
 1.289	37.670
 1.290	37.561
 1.291	37.441
 1.292	37.318
 1.293	37.184
 1.294	37.035
 1.295	36.874
 1.296	36.699
 1.297	36.515
 1.298	36.336
 1.299	36.165
 1.300	35.989
 1.301	35.802
 1.302	35.607
 1.303	35.404
 1.304	35.196
 1.305	34.985
 1.306	34.773
 1.307	34.556
 1.308	34.324
 1.309	34.091
 1.310	33.851
 1.311	33.600
 1.312	33.352
 1.313	33.103
 1.314	32.850
 1.315	32.600
 1.316	32.333
 1.317	32.058
 1.318	31.779
 1.319	31.497
 1.320	31.214
 1.321	30.930
 1.322	30.643
 1.323	30.349
 1.324	30.060
 1.325	29.782
 1.326	29.502
 1.327	29.217
 1.328	28.929
 1.329	28.641
 1.330	28.353
 1.331	28.068
 1.332	27.788
 1.333	27.507
 1.334	27.227
 1.335	26.965
 1.336	26.708
 1.337	26.450
 1.338	26.201
 1.339	25.949
 1.340	25.702
 1.341	25.470
 1.342	25.250
 1.343	25.031
 1.344	24.812
 1.345	24.601
 1.346	24.389
 1.347	24.190
 1.348	24.003
 1.349	23.821
 1.350	23.647
 1.351	23.473
 1.352	23.302
 1.353	23.131
 1.354	22.955
 1.355	22.784
 1.356	22.615
 1.357	22.444
 1.358	22.278
 1.359	22.106
 1.360	21.930
 1.361	21.752
 1.362	21.565
 1.363	21.376
 1.364	21.182
 1.365	20.975
 1.366	20.759
 1.367	20.532
 1.368	20.296
 1.369	20.049
 1.370	19.789
 1.371	19.519
 1.372	19.233
 1.373	18.936
 1.374	18.635
 1.375	18.322
 1.376	17.995
 1.377	17.651
 1.378	17.286
 1.379	16.912
 1.380	16.527
 1.381	16.136
 1.382	15.747
 1.383	15.357
 1.384	14.963
 1.385	14.561
 1.386	14.172
 1.387	13.777
 1.388	13.404
 1.389	13.041
 1.390	12.693
 1.391	12.361
 1.392	12.036
 1.393	11.726
 1.394	11.428
 1.395	11.142
 1.396	10.873
 1.397	10.623
 1.398	10.392
 1.399	10.186
 1.400	9.9920
 1.401	9.8100
 1.402	9.6424
 1.403	9.4784
 1.404	9.3301
 1.405	9.1991
 1.406	9.0763
 1.407	8.9654
 1.408	8.8675
 1.409	8.7752
 1.410	8.6854
 1.411	8.6052
 1.412	8.5291
 1.413	8.4528
 1.414	8.3872
 1.415	8.3294
 1.416	8.2751
 1.417	8.2261
 1.418	8.1810
 1.419	8.1387
 1.420	8.0953
 1.421	8.0534
 1.422	8.0173
 1.423	7.9808
 1.424	7.9503
 1.425	7.9212
 1.426	7.8955
 1.427	7.8687
 1.428	7.8423
 1.429	7.8178
 1.430	7.7951
 1.431	7.7746
 1.432	7.7577
 1.433	7.7403
 1.434	7.7220
 1.435	7.7058
 1.436	7.6922
 1.437	7.6738
 1.438	7.6602
 1.439	7.6494
 1.440	7.6378
 1.441	7.6281
 1.442	7.6171
 1.443	7.6093
 1.444	7.5998
 1.445	7.5918
 1.446	7.5865
 1.447	7.5806
 1.448	7.5733
 1.449	7.5665
 1.450	7.5631
 1.451	7.5570
 1.452	7.5531
 1.453	7.5512
 1.454	7.5493
 1.455	7.5469
 1.456	7.5464
 1.457	7.5510
 1.458	7.5530
 1.459	7.5518
 1.460	7.5509
 1.461	7.5493
 1.462	7.5478
 1.463	7.5531
 1.464	7.5624
 1.465	7.5678
 1.466	7.5753
 1.467	7.5850
 1.468	7.5930
 1.469	7.6052
 1.470	7.6181
 1.471	7.6301
 1.472	7.6431
 1.473	7.6555
 1.474	7.6707
 1.475	7.6841
 1.476	7.6964
 1.477	7.7108
 1.478	7.7272
 1.479	7.7487
 1.480	7.7719
 1.481	7.7969
 1.482	7.8221
 1.483	7.8408
 1.484	7.8579
 1.485	7.8778
 1.486	7.8996
 1.487	7.9250
 1.488	7.9516
 1.489	7.9773
 1.490	8.0035
 1.491	8.0277
 1.492	8.0525
 1.493	8.0776
 1.494	8.1049
 1.495	8.1324
 1.496	8.1634
 1.497	8.2004
 1.498	8.2323
 1.499	8.2624
 1.500	8.2923
 1.501	8.3176
 1.502	8.3488
 1.503	8.3845
 1.504	8.4192
 1.505	8.4575
 1.506	8.4937
 1.507	8.5278
 1.508	8.5623
 1.509	8.5977
 1.510	8.6279
 1.511	8.6603
 1.512	8.6967
 1.513	8.7331
 1.514	8.7743
 1.515	8.8173
 1.516	8.8581
 1.517	8.8961
 1.518	8.9359
 1.519	8.9776
 1.520	9.0171
 1.521	9.0605
 1.522	9.1041
 1.523	9.1452
 1.524	9.1878
 1.525	9.2265
 1.526	9.2662
 1.527	9.3101
 1.528	9.3558
 1.529	9.4021
 1.530	9.4498
 1.531	9.4969
 1.532	9.5379
 1.533	9.5788
 1.534	9.6232
 1.535	9.6693
 1.536	9.7197
 1.537	9.7745
 1.538	9.8274
 1.539	9.8755
 1.540	9.9203
 1.541	9.9642
 1.542	10.008
 1.543	10.056
 1.544	10.106
 1.545	10.158
 1.546	10.212
 1.547	10.260
 1.548	10.304
 1.549	10.349
 1.550	10.392
 1.551	10.441
 1.552	10.497
 1.553	10.552
 1.554	10.603
 1.555	10.651
 1.556	10.698
 1.557	10.743
 1.558	10.790
 1.559	10.837
 1.560	10.887
 1.561	10.935
 1.562	10.984
 1.563	11.042
 1.564	11.097
 1.565	11.150
 1.566	11.203
 1.567	11.246
 1.568	11.294
 1.569	11.343
 1.570	11.393
 1.571	11.449
 1.572	11.494
 1.573	11.538
 1.574	11.585
 1.575	11.629
 1.576	11.676
 1.577	11.725
 1.578	11.772
 1.579	11.818
 1.580	11.867
 1.581	11.916
 1.582	11.963
 1.583	12.012
 1.584	12.066
 1.585	12.115
 1.586	12.158
 1.587	12.201
 1.588	12.240
 1.589	12.280
 1.590	12.326
 1.591	12.371
 1.592	12.417
 1.593	12.462
 1.594	12.507
 1.595	12.554
 1.596	12.596
 1.597	12.637
 1.598	12.682
 1.599	12.721
 1.600	12.763
 1.601	12.805
 1.602	12.844
 1.603	12.884
 1.604	12.919
 1.605	12.956
 1.606	12.992
 1.607	13.027
 1.608	13.071
 1.609	13.111
 1.610	13.151
 1.611	13.197
 1.612	13.231
 1.613	13.261
 1.614	13.293
 1.615	13.322
 1.616	13.359
 1.617	13.398
 1.618	13.436
 1.619	13.475
 1.620	13.504
 1.621	13.533
 1.622	13.561
 1.623	13.588
 1.624	13.627
 1.625	13.662
 1.626	13.697
 1.627	13.734
 1.628	13.757
 1.629	13.783
 1.630	13.801
 1.631	13.828
 1.632	13.859
 1.633	13.889
 1.634	13.927
 1.635	13.956
 1.636	13.976
 1.637	14.004
 1.638	14.029
 1.639	14.059
 1.640	14.099
 1.641	14.128
 1.642	14.156
 1.643	14.180
 1.644	14.196
 1.645	14.220
 1.646	14.236
 1.647	14.256
 1.648	14.274
 1.649	14.291
 1.650	14.313
 1.651	14.332
 1.652	14.351
 1.653	14.367
 1.654	14.380
 1.655	14.398
 1.656	14.419
 1.657	14.439
 1.658	14.456
 1.659	14.468
 1.660	14.483
 1.661	14.495
 1.662	14.510
 1.663	14.532
 1.664	14.548
 1.665	14.564
 1.666	14.579
 1.667	14.578
 1.668	14.575
 1.669	14.573
 1.670	14.563
 1.671	14.566
 1.672	14.577
 1.673	14.579
 1.674	14.584
 1.675	14.584
 1.676	14.576
 1.677	14.571
 1.678	14.568
 1.679	14.566
 1.680	14.560
 1.681	14.555
 1.682	14.547
 1.683	14.534
 1.684	14.524
 1.685	14.510
 1.686	14.496
 1.687	14.485
 1.688	14.472
 1.689	14.462
 1.690	14.445
 1.691	14.418
 1.692	14.399
 1.693	14.380
 1.694	14.358
 1.695	14.343
 1.696	14.325
 1.697	14.299
 1.698	14.279
 1.699	14.263
 1.700	14.244
 1.701	14.225
 1.702	14.203
 1.703	14.181
 1.704	14.153
 1.705	14.122
 1.706	14.090
 1.707	14.056
 1.708	14.021
 1.709	13.984
 1.710	13.950
 1.711	13.913
 1.712	13.887
 1.713	13.861
 1.714	13.829
 1.715	13.797
 1.716	13.763
 1.717	13.725
 1.718	13.689
 1.719	13.656
 1.720	13.616
 1.721	13.575
 1.722	13.530
 1.723	13.479
 1.724	13.426
 1.725	13.368
 1.726	13.325
 1.727	13.278
 1.728	13.234
 1.729	13.203
 1.730	13.159
 1.731	13.123
 1.732	13.092
 1.733	13.059
 1.734	13.031
 1.735	13.002
 1.736	12.980
 1.737	12.946
 1.738	12.906
 1.739	12.867
 1.740	12.817
 1.741	12.777
 1.742	12.748
 1.743	12.710
 1.744	12.671
 1.745	12.625
 1.746	12.570
 1.747	12.519
 1.748	12.462
 1.749	12.414
 1.750	12.373
 1.751	12.324
 1.752	12.275
 1.753	12.227
 1.754	12.177
 1.755	12.129
 1.756	12.082
 1.757	12.030
 1.758	11.979
 1.759	11.930
 1.760	11.886
 1.761	11.837
 1.762	11.792
 1.763	11.743
 1.764	11.701
 1.765	11.668
 1.766	11.635
 1.767	11.611
 1.768	11.578
 1.769	11.541
 1.770	11.506
 1.771	11.465
 1.772	11.431
 1.773	11.402
 1.774	11.378
 1.775	11.359
 1.776	11.341
 1.777	11.332
 1.778	11.315
 1.779	11.293
 1.780	11.277
 1.781	11.257
 1.782	11.247
 1.783	11.248
 1.784	11.238
 1.785	11.228
 1.786	11.216
 1.787	11.198
 1.788	11.187
 1.789	11.183
 1.790	11.179
 1.791	11.173
 1.792	11.161
 1.793	11.158
 1.794	11.160
 1.795	11.161
 1.796	11.172
 1.797	11.176
 1.798	11.178
 1.799	11.175
 1.800	11.163
 1.801	11.160
 1.802	11.156
 1.803	11.158
 1.804	11.172
 1.805	11.180
 1.806	11.190
 1.807	11.195
 1.808	11.200
 1.809	11.196
 1.810	11.179
 1.811	11.181
 1.812	11.185
 1.813	11.195
 1.814	11.201
 1.815	11.195
 1.816	11.188
 1.817	11.181
 1.818	11.180
 1.819	11.191
 1.820	11.196
 1.821	11.212
 1.822	11.213
 1.823	11.200
 1.824	11.188
 1.825	11.168
 1.826	11.153
 1.827	11.144
 1.828	11.135
 1.829	11.130
 1.830	11.120
 1.831	11.128
 1.832	11.072
 1.833	11.056
 1.834	11.048
 1.835	11.021
 1.836	11.014
 1.837	11.000
 1.838	10.981
 1.839	10.963
 1.840	10.953
 1.841	10.915
 1.842	10.866
 1.843	10.816
 1.844	10.741
 1.845	10.668
 1.846	10.616
 1.847	10.557
 1.848	10.503
 1.849	10.446
 1.850	10.373
 1.851	10.283
 1.852	10.196
 1.853	10.091
 1.854	9.9846
 1.855	9.8915
 1.856	9.7932
 1.857	9.6952
 1.858	9.5999
 1.859	9.4958
 1.860	9.3842
 1.861	9.2614
 1.862	9.1470
 1.863	9.0214
 1.864	8.8866
 1.865	8.7709
 1.866	8.6493
 1.867	8.5182
 1.868	8.4008
 1.869	8.2812
 1.870	8.1592
 1.871	8.0369
 1.872	7.9196
 1.873	7.7906
 1.874	7.6544
 1.875	7.5218
 1.876	7.4041
 1.877	7.2859
 1.878	7.1834
 1.879	7.0857
 1.880	6.9867
 1.881	6.8823
 1.882	6.8090
 1.883	6.7301
 1.884	6.6492
 1.885	6.5854
 1.886	6.5100
 1.887	6.4416
 1.888	6.3818
 1.889	6.3287
 1.890	6.2818
 1.891	6.2352
 1.892	6.1923
 1.893	6.1492
 1.894	6.1025
 1.895	6.0670
 1.896	6.0423
 1.897	6.0105
 1.898	5.9802
 1.899	5.9555
 1.900	5.9256
 1.901	5.8812
 1.902	5.8596
 1.903	5.8534
 1.904	5.8351
 1.905	5.8199
 1.906	5.8056
 1.907	5.7711
 1.908	5.7465
 1.909	5.7432
 1.910	5.7357
 1.911	5.7336
 1.912	5.7534
 1.913	5.7533
 1.914	5.7393
 1.915	5.7357
 1.916	5.7450
 1.917	5.7274
 1.918	5.7068
 1.919	5.6976
 1.920	5.6832
 1.921	5.6775
 1.922	5.6734
 1.923	5.6871
 1.924	5.6831
 1.925	5.6702
 1.926	5.6578
 1.927	5.6404
 1.928	5.6388
 1.929	5.6325
 1.930	5.6210
 1.931	5.6162
 1.932	5.6096
 1.933	5.6124
 1.934	5.6232
 1.935	5.6339
 1.936	5.6598
 1.937	5.6691
 1.938	5.6721
 1.939	5.6704
 1.940	5.6629
 1.941	5.6560
 1.942	5.6570
 1.943	5.6657
 1.944	5.6692
 1.945	5.6734
 1.946	5.6767
 1.947	5.6754
 1.948	5.6781
 1.949	5.6830
 1.950	5.6925
 1.951	5.6931
 1.952	5.7005
 1.953	5.7076
 1.954	5.7107
 1.955	5.7167
 1.956	5.7292
 1.957	5.7319
 1.958	5.7273
 1.959	5.7262
 1.960	5.7255
 1.961	5.7251
 1.962	5.7251
 1.963	5.7247
 1.964	5.7296
 1.965	5.7141
 1.966	5.7124
 1.967	5.7223
 1.968	5.7297
 1.969	5.7515
 1.970	5.7580
 1.971	5.7528
 1.972	5.7553
 1.973	5.7615
 1.974	5.7467
 1.975	5.7536
 1.976	5.7777
 1.977	5.7786
 1.978	5.7980
 1.979	5.8028
 1.980	5.7897
 1.981	5.7891
 1.982	5.7866
 1.983	5.7932
 1.984	5.8209
 1.985	5.8304
 1.986	5.8308
 1.987	5.8376
 1.988	5.8490
 1.989	5.8535
 1.990	5.8697
 1.991	5.8904
 1.992	5.9003
 1.993	5.8972
 1.994	5.9019
 1.995	5.9089
 1.996	5.9122
 1.997	5.9129
 1.998	5.9134
 1.999	5.9088
 2.000	5.9082
 2.001	5.9199
 2.002	5.9289
 2.003	5.9487
 2.004	5.9684
 2.005	5.9834
 2.006	5.9994
 2.007	6.0083
 2.008	6.0114
 2.009	6.0133
 2.010	6.0035
 2.011	6.0067
 2.012	6.0095
 2.013	6.0234
 2.014	6.0557
 2.015	6.0607
 2.016	6.0627
 2.017	6.0783
 2.018	6.0861
 2.019	6.0904
 2.020	6.0911
 2.021	6.0882
 2.022	6.0881
 2.023	6.0802
 2.024	6.0820
 2.025	6.0887
 2.026	6.0982
 2.027	6.1067
 2.028	6.1305
 2.029	6.1419
 2.030	6.1786
 2.031	6.2009
 2.032	6.2245
 2.033	6.2342
 2.034	6.2359
 2.035	6.2358
 2.036	6.2189
 2.037	6.2170
 2.038	6.2206
 2.039	6.2276
 2.040	6.2418
 2.041	6.2560
 2.042	6.2767
 2.043	6.2932
 2.044	6.3041
 2.045	6.3124
 2.046	6.3221
 2.047	6.3229
 2.048	6.3330
 2.049	6.3532
 2.050	6.3617
 2.051	6.3635
 2.052	6.3730
 2.053	6.3865
 2.054	6.3918
 2.055	6.3956
 2.056	6.4046
 2.057	6.4007
 2.058	6.3883
 2.059	6.3921
 2.060	6.4071
 2.061	6.4120
 2.062	6.4183
 2.063	6.4276
 2.064	6.4270
 2.065	6.4406
 2.066	6.4664
 2.067	6.4910
 2.068	6.5360
 2.069	6.5558
 2.070	6.5552
 2.071	6.5667
 2.072	6.5680
 2.073	6.5734
 2.074	6.5844
 2.075	6.6148
 2.076	6.6266
 2.077	6.6298
 2.078	6.6359
 2.079	6.6331
 2.080	6.6440
 2.081	6.6682
 2.082	6.6751
 2.083	6.6722
 2.084	6.6839
 2.085	6.6968
 2.086	6.7040
 2.087	6.7132
 2.088	6.7397
 2.089	6.7507
 2.090	6.7467
 2.091	6.7534
 2.092	6.7692
 2.093	6.7733
 2.094	6.7653
 2.095	6.7707
 2.096	6.7795
 2.097	6.7866
 2.098	6.8034
 2.099	6.8111
 2.100	6.8035
 2.101	6.8123
 2.102	6.8293
 2.103	6.8440
 2.104	6.8663
 2.105	6.8896
 2.106	6.9101
 2.107	6.9290
 2.108	6.9421
 2.109	6.9498
 2.110	6.9672
 2.111	6.9793
 2.112	7.0037
 2.113	7.0498
 2.114	7.0748
 2.115	7.1015
 2.116	7.1105
 2.117	7.0895
 2.118	7.0921
 2.119	7.0897
 2.120	7.0978
 2.121	7.1268
 2.122	7.1555
 2.123	7.1728
 2.124	7.1868
 2.125	7.2030
 2.126	7.2123
 2.127	7.2275
 2.128	7.2494
 2.129	7.2634
 2.130	7.2736
 2.131	7.2860
 2.132	7.2948
 2.133	7.3082
 2.134	7.3318
 2.135	7.3412
 2.136	7.3395
 2.137	7.3458
 2.138	7.3416
 2.139	7.3492
 2.140	7.3780
 2.141	7.3967
 2.142	7.4049
 2.143	7.4124
 2.144	7.4117
 2.145	7.3876
 2.146	7.3915
 2.147	7.4029
 2.148	7.4177
 2.149	7.4582
 2.150	7.4702
 2.151	7.4737
 2.152	7.4705
 2.153	7.4408
 2.154	7.4304
 2.155	7.4178
 2.156	7.4206
 2.157	7.4507
 2.158	7.4619
 2.159	7.4825
 2.160	7.4799
 2.161	7.4779
 2.162	7.4624
 2.163	7.4610
 2.164	7.4650
 2.165	7.4701
 2.166	7.4856
 2.167	7.4833
 2.168	7.4708
 2.169	7.4663
 2.170	7.4425
 2.171	7.4486
 2.172	7.4772
 2.173	7.5016
 2.174	7.5595
 2.175	7.5779
 2.176	7.5748
 2.177	7.5742
 2.178	7.5367
 2.179	7.5251
 2.180	7.5330
 2.181	7.5371
 2.182	7.5452
 2.183	7.5690
 2.184	7.5720
 2.185	7.5651
 2.186	7.5663
 2.187	7.5629
 2.188	7.5609
 2.189	7.5617
 2.190	7.5651
 2.191	7.5631
 2.192	7.5720
 2.193	7.5974
 2.194	7.6077
 2.195	7.6166
 2.196	7.6229
 2.197	7.6183
 2.198	7.6207
 2.199	7.6255
 2.200	7.6288
 2.201	7.6376
 2.202	7.6370
 2.203	7.6306
 2.204	7.6237
 2.205	7.5965
 2.206	7.5944
 2.207	7.5933
 2.208	7.5982
 2.209	7.6054
 2.210	7.6279
 2.211	7.6293
 2.212	7.6180
 2.213	7.6212
 2.214	7.6191
 2.215	7.6248
 2.216	7.6537
 2.217	7.6566
 2.218	7.6418
 2.219	7.6391
 2.220	7.6209
 2.221	7.6234
 2.222	7.6648
 2.223	7.6639
 2.224	7.6407
 2.225	7.6318
 2.226	7.6057
 2.227	7.5838
 2.228	7.5676
 2.229	7.5658
 2.230	7.5793
 2.231	7.5679
 2.232	7.5644
 2.233	7.5733
 2.234	7.5836
 2.235	7.5913
 2.236	7.5780
 2.237	7.5753
 2.238	7.5507
 2.239	7.4788
 2.240	7.4520
 2.241	7.4377
 2.242	7.4367
 2.243	7.4713
 2.244	7.4598
 2.245	7.4329
 2.246	7.4203
 2.247	7.3772
 2.248	7.3665
 2.249	7.4053
 2.250	7.4030
 2.251	7.3699
 2.252	7.3683
 2.253	7.3725
 2.254	7.3711
 2.255	7.4069
 2.256	7.4032
 2.257	7.3556
 2.258	7.3302
 2.259	7.2945
 2.260	7.2661
 2.261	7.2529
 2.262	7.2288
 2.263	7.2232
 2.264	7.2434
 2.265	7.2661
 2.266	7.2865
 2.267	7.2831
 2.268	7.2677
 2.269	7.2294
 2.270	7.1538
 2.271	7.1236
 2.272	7.0967
 2.273	7.0645
 2.274	7.0550
 2.275	7.0369
 2.276	6.9848
 2.277	6.9804
 2.278	7.0202
 2.279	7.0309
 2.280	7.0515
 2.281	7.0600
 2.282	7.0728
 2.283	7.0461
 2.284	6.9696
 2.285	6.9408
 2.286	6.8986
 2.287	6.8738
 2.288	6.9032
 2.289	6.9120
 2.290	6.9114
 2.291	6.9033
 2.292	6.9014
 2.293	6.8808
 2.294	6.8188
 2.295	6.7896
 2.296	6.7711
 2.297	6.7623
 2.298	6.7876
 2.299	6.7904
 2.300	6.7880
 2.301	6.7445
 2.302	6.7068
 2.303	6.6984
 2.304	6.6705
 2.305	6.6410
 2.306	6.5974
 2.307	6.5471
 2.308	6.5270
 2.309	6.5524
 2.310	6.5857
 2.311	6.5807
 2.312	6.5928
 2.313	6.6089
 2.314	6.6037
 2.315	6.5935
 2.316	6.5893
 2.317	6.5591
 2.318	6.5517
 2.319	6.5674
 2.320	6.5710
 2.321	6.5733
 2.322	6.5757
 2.323	6.5789
 2.324	6.5853
 2.325	6.5923
 2.326	6.6025
 2.327	6.6277
 2.328	6.6167
 2.329	6.5783
 2.330	6.5643
 2.331	6.5280
 2.332	6.5255
 2.333	6.5664
 2.334	6.5799
 2.335	6.6159
 2.336	6.6016
 2.337	6.5389
 2.338	6.5063
 2.339	6.4485
 2.340	6.4068
 2.341	6.3857
 2.342	6.3795
 2.343	6.4048
 2.344	6.3906
 2.345	6.3466
 2.346	6.3352
 2.347	6.2928
 2.348	6.2938
 2.349	6.3770
 2.350	6.4228
 2.351	6.4802
 2.352	6.4973
 2.353	6.4697
 2.354	6.4674
 2.355	6.4622
 2.356	6.4265
 2.357	6.4134
 2.358	6.4091
 2.359	6.4000
 2.360	6.3607
 2.361	6.3186
 2.362	6.2898
 2.363	6.2421
 2.364	6.2239
 2.365	6.2066
 2.366	6.2007
 2.367	6.2392
 2.368	6.2404
 2.369	6.2860
 2.370	6.3372
 2.371	6.2935
 2.372	6.2773
 2.373	6.2341
 2.374	6.1458
 2.375	6.1109
 2.376	6.1078
 2.377	6.1036
 2.378	6.1407
 2.379	6.2042
 2.380	6.2156
 2.381	6.1990
 2.382	6.1826
 2.383	6.2084
 2.384	6.2219
 2.385	6.2280
 2.386	6.2639
 2.387	6.1686
 2.388	6.0436
 2.389	6.0184
 2.390	5.9996
 2.391	6.0589
 2.392	6.1604
 2.393	6.1458
 2.394	6.0974
 2.395	6.0656
 2.396	6.0155
 2.397	6.0084
 2.398	6.0163
 2.399	5.9948
 2.400	5.9698
 2.401	5.9399
 2.402	5.9375
 2.403	5.9340
 2.404	5.9177
 2.405	5.9108
 2.406	5.8701
 2.407	5.8467
 2.408	5.8792
 2.409	5.9084
 2.410	5.9554
 2.411	6.0196
 2.412	5.9838
 2.413	5.9585
 2.414	5.9884
 2.415	5.9608
 2.416	5.9623
 2.417	5.9537
 2.418	5.9047
 2.419	5.8837
 2.420	5.8746
 2.421	5.9652
 2.422	6.0228
 2.423	5.9886
 2.424	6.0443
 2.425	6.0613
 2.426	6.0727
 2.427	6.1459
 2.428	6.1085
 2.429	5.9763
 2.430	5.8516
 2.431	5.7621
 2.432	5.7662
 2.433	5.8337
 2.434	5.9318
 2.435	5.9933
 2.436	5.9902
 2.437	6.0494
 2.438	5.9739
 2.439	5.8240
 2.440	5.8338
 2.441	5.7602
 2.442	5.7641
 2.443	5.9022
 2.444	5.9756
 2.445	6.1011
 2.446	6.0891
 2.447	6.0919
 2.448	6.1539
 2.449	6.0389
 2.450	6.0088
 2.451	5.9324
 2.452	5.7815
 2.453	5.7623
 2.454	5.7783
 2.455	5.9252
 2.456	6.0152
 2.457	6.0139
 2.458	6.0003
 2.459	5.8417
 2.460	5.8233
 2.461	5.8022
 2.462	5.7831
 2.463	5.9991
 2.464	6.0422
 2.465	5.9680
 2.466	5.9264
 2.467	5.7054
 2.468	5.5496
 2.469	5.6477
 2.470	5.6330
 2.471	5.5694
 2.472	5.5542
 2.473	5.4981
 2.474	5.4934
 2.475	5.7100
 2.476	5.7876
 2.477	5.7835
 2.478	5.7777
 2.479	5.6189
 2.480	5.5338
 2.481	5.4271
 2.482	5.2702
 2.483	5.3391
 2.484	5.2779
 2.485	5.3458
 2.486	5.4770
 2.487	5.5971
 2.488	5.7625
 2.489	5.8933
 2.490	6.0271
 2.491	5.9851
 2.492	5.7497
 2.493	5.4109
 2.494	5.0343
 2.495	4.8601
 2.496	5.0637
 2.497	5.5570
 2.498	6.0329
 2.499	6.1498
 2.500	6.0143
 2.500	3.2772
 2.501	3.2755
 2.503	3.2831
 2.504	3.2985
 2.505	3.2504
 2.506	3.2549
 2.507	3.2081
 2.509	3.2341
 2.510	3.2391
 2.511	3.2632
 2.512	3.2311
 2.514	3.2039
 2.515	3.2087
 2.516	3.2279
 2.517	3.2111
 2.518	3.2808
 2.520	3.2784
 2.521	3.2565
 2.522	3.2594
 2.523	3.3313
 2.525	3.2957
 2.526	3.2863
 2.527	3.2496
 2.528	3.2678
 2.530	3.2310
 2.531	3.1647
 2.532	3.1213
 2.533	3.1964
 2.534	3.2594
 2.536	3.2743
 2.537	3.2567
 2.538	3.2642
 2.539	3.1734
 2.541	3.1780
 2.542	3.2393
 2.543	3.2708
 2.544	3.2102
 2.546	3.2412
 2.547	3.2289
 2.548	3.2543
 2.549	3.1993
 2.551	3.2124
 2.552	3.2510
 2.553	3.3215
 2.554	3.2862
 2.556	3.2392
 2.557	3.1785
 2.558	3.2325
 2.559	3.2590
 2.561	3.2790
 2.562	3.3000
 2.563	3.3235
 2.565	3.2312
 2.566	3.2509
 2.567	3.2688
 2.568	3.2670
 2.570	3.2220
 2.571	3.2006
 2.572	3.1916
 2.573	3.2822
 2.575	3.2952
 2.576	3.2982
 2.577	3.2537
 2.579	3.2112
 2.580	3.1694
 2.581	3.2729
 2.582	3.3201
 2.584	3.3144
 2.585	3.2290
 2.586	3.2377
 2.588	3.2140
 2.589	3.1998
 2.590	3.1366
 2.591	3.1902
 2.593	3.2188
 2.594	3.2156
 2.595	3.2180
 2.597	3.2592
 2.598	3.2475
 2.599	3.2192
 2.601	3.2356
 2.602	3.2509
 2.603	3.2102
 2.604	3.2694
 2.606	3.3006
 2.607	3.3035
 2.608	3.2324
 2.610	3.2055
 2.611	3.1984
 2.612	3.2517
 2.614	3.2135
 2.615	3.2199
 2.616	3.1989
 2.618	3.2748
 2.619	3.2732
 2.620	3.2513
 2.622	3.2316
 2.623	3.2268
 2.624	3.1987
 2.626	3.2052
 2.627	3.1862
 2.628	3.2268
 2.630	3.2705
 2.631	3.2375
 2.632	3.1712
 2.634	3.2030
 2.635	3.1835
 2.636	3.1812
 2.638	3.1245
 2.639	3.1421
 2.640	3.1661
 2.642	3.1770
 2.643	3.1592
 2.644	3.1897
 2.646	3.1743
 2.647	3.2148
 2.648	3.1893
 2.650	3.1772
 2.651	3.1509
 2.652	3.1369
 2.654	3.1222
 2.655	3.1370
 2.657	3.1242
 2.658	3.1715
 2.659	3.1479
 2.661	3.1630
 2.662	3.1647
 2.663	3.1906
 2.665	3.1950
 2.666	3.2075
 2.667	3.1821
 2.669	3.2170
 2.670	3.2151
 2.672	3.1684
 2.673	3.1579
 2.674	3.1644
 2.676	3.1144
 2.677	3.1377
 2.678	3.1324
 2.680	3.1588
 2.681	3.1381
 2.683	3.1622
 2.684	3.1249
 2.685	3.1223
 2.687	3.1615
 2.688	3.1723
 2.690	3.1081
 2.691	3.1116
 2.692	3.1295
 2.694	3.1431
 2.695	3.0789
 2.697	3.0813
 2.698	3.0587
 2.699	3.0530
 2.701	3.0660
 2.702	3.1245
 2.704	3.1144
 2.705	3.1518
 2.706	3.1543
 2.708	3.1118
 2.709	3.0626
 2.711	3.0842
 2.712	3.0648
 2.713	3.0808
 2.715	3.0602
 2.716	3.0319
 2.718	2.9841
 2.719	2.9852
 2.721	3.0029
 2.722	3.0375
 2.723	3.0168
 2.725	3.0607
 2.726	3.0283
 2.728	3.0349
 2.729	2.9999
 2.731	2.9831
 2.732	2.9922
 2.734	3.0533
 2.735	3.0277
 2.736	3.0176
 2.738	2.9835
 2.739	3.0754
 2.741	3.0442
 2.742	3.0076
 2.744	2.9585
 2.745	2.9652
 2.747	3.0003
 2.748	2.9961
 2.749	2.9649
 2.751	3.0195
 2.752	2.9890
 2.754	2.9892
 2.755	2.9265
 2.757	2.9152
 2.758	2.9156
 2.760	2.9501
 2.761	2.9728
 2.763	2.9895
 2.764	2.9489
 2.766	2.9444
 2.767	2.8972
 2.769	2.9004
 2.770	2.8670
 2.772	2.8745
 2.773	2.8375
 2.774	2.9065
 2.776	2.8810
 2.777	2.8391
 2.779	2.9129
 2.780	2.9935
 2.782	2.9016
 2.783	2.8438
 2.785	2.8839
 2.786	2.9979
 2.788	2.8978
 2.789	2.8331
 2.791	2.7908
 2.792	2.8741
 2.794	2.8922
 2.795	2.8380
 2.797	2.7995
 2.798	2.7797
 2.800	2.6993
 2.801	2.7889
 2.803	2.8581
 2.804	2.9119
 2.806	2.8761
 2.808	2.8463
 2.809	2.7809
 2.811	2.8002
 2.812	2.8134
 2.814	2.8367
 2.815	2.7575
 2.817	2.7574
 2.818	2.7946
 2.820	2.8151
 2.821	2.7855
 2.823	2.7686
 2.824	2.7206
 2.826	2.7622
 2.827	2.7882
 2.829	2.7783
 2.831	2.7576
 2.832	2.8047
 2.834	2.7610
 2.835	2.7569
 2.837	2.7440
 2.838	2.7624
 2.840	2.7355
 2.841	2.7418
 2.843	2.7416
 2.844	2.7683
 2.846	2.7540
 2.848	2.7921
 2.849	2.7579
 2.851	2.7443
 2.852	2.6885
 2.854	2.6843
 2.855	2.6432
 2.857	2.7005
 2.859	2.6663
 2.860	2.6774
 2.862	2.7259
 2.863	2.7395
 2.865	2.7156
 2.866	2.7241
 2.868	2.6546
 2.870	2.6591
 2.871	2.6636
 2.873	2.7023
 2.874	2.7161
 2.876	2.7599
 2.878	2.7411
 2.879	2.7242
 2.881	2.7139
 2.882	2.7369
 2.884	2.7085
 2.886	2.7220
 2.887	2.6401
 2.889	2.6123
 2.890	2.6536
 2.892	2.7192
 2.894	2.7086
 2.895	2.7036
 2.897	2.6860
 2.899	2.6638
 2.900	2.6602
 2.902	2.6540
 2.903	2.6271
 2.905	2.6042
 2.907	2.5870
 2.908	2.6100
 2.910	2.6030
 2.912	2.6518
 2.913	2.6670
 2.915	2.7272
 2.916	2.6559
 2.918	2.6704
 2.920	2.6821
 2.921	2.6517
 2.923	2.6371
 2.925	2.6896
 2.926	2.6778
 2.928	2.6819
 2.930	2.6508
 2.931	2.7074
 2.933	2.6961
 2.935	2.6671
 2.936	2.6143
 2.938	2.6374
 2.940	2.6142
 2.941	2.6867
 2.943	2.6975
 2.945	2.6781
 2.946	2.6650
 2.948	2.6657
 2.950	2.6186
 2.951	2.6566
 2.953	2.6606
 2.955	2.6426
 2.956	2.6212
 2.958	2.6472
 2.960	2.5876
 2.961	2.6068
 2.963	2.6629
 2.965	2.6791
 2.967	2.6370
 2.968	2.6462
 2.970	2.6333
 2.972	2.6224
 2.973	2.6130
 2.975	2.6488
 2.977	2.6013
 2.978	2.5792
 2.980	2.5865
 2.982	2.6339
 2.984	2.6122
 2.985	2.6469
 2.987	2.6311
 2.989	2.6574
 2.990	2.5957
 2.992	2.5477
 2.994	2.5754
 2.996	2.6602
 2.997	2.6552
 2.999	2.6901
 3.001	2.6918
 3.003	2.7179
 3.004	2.7031
 3.006	2.6095
 3.008	2.5510
 3.010	2.6056
 3.011	2.6100
 3.013	2.6698
 3.015	2.7035
 3.017	2.6613
 3.018	2.5433
 3.020	2.5413
 3.022	2.5288
 3.024	2.6037
 3.025	2.6837
 3.027	2.7138
 3.029	2.6241
 3.031	2.6052
 3.032	2.6004
 3.034	2.6434
 3.036	2.6458
 3.038	2.6237
 3.040	2.5908
 3.041	2.5932
 3.043	2.6405
 3.045	2.6629
 3.047	2.6075
 3.048	2.6609
 3.050	2.6545
 3.052	2.6276
 3.054	2.6043
 3.056	2.6122
 3.057	2.5780
 3.059	2.6145
 3.061	2.6068
 3.063	2.6100
 3.065	2.5564
 3.067	2.5641
 3.068	2.5587
 3.070	2.5823
 3.072	2.5400
 3.074	2.5454
 3.076	2.5635
 3.077	2.5600
 3.079	2.5555
 3.081	2.6327
 3.083	2.6242
 3.085	2.6379
 3.087	2.6289
 3.088	2.6052
 3.090	2.5459
 3.092	2.5905
 3.094	2.5588
 3.096	2.5770
 3.098	2.5743
 3.100	2.5680
 3.101	2.5925
 3.103	2.6055
 3.105	2.5785
 3.107	2.5970
 3.109	2.5392
 3.111	2.5518
 3.113	2.5671
 3.114	2.5769
 3.116	2.5244
 3.118	2.5469
 3.120	2.5705
 3.122	2.5719
 3.124	2.5671
 3.126	2.6059
 3.128	2.5756
 3.129	2.5801
 3.131	2.5822
 3.133	2.5509
 3.135	2.5140
 3.137	2.5446
 3.139	2.5040
 3.141	2.5503
 3.143	2.6024
 3.145	2.6144
 3.147	2.5807
 3.148	2.5971
 3.150	2.5966
 3.152	2.5473
 3.154	2.4919
 3.156	2.5579
 3.158	2.5506
 3.160	2.5839
 3.162	2.5777
 3.164	2.5275
 3.166	2.4668
 3.168	2.5322
 3.170	2.5677
 3.172	2.6064
 3.173	2.5841
 3.175	2.5363
 3.177	2.4733
 3.179	2.4993
 3.181	2.5001
 3.183	2.5128
 3.185	2.5273
 3.187	2.5504
 3.189	2.5458
 3.191	2.5536
 3.193	2.4579
 3.195	2.4157
 3.197	2.4646
 3.199	2.5273
 3.201	2.4950
 3.203	2.5288
 3.205	2.5102
 3.207	2.5220
 3.209	2.5300
 3.211	2.5164
 3.213	2.4728
 3.215	2.4742
 3.217	2.4913
 3.219	2.5200
 3.221	2.4698
 3.223	2.4738
 3.225	2.4853
 3.227	2.4966
 3.229	2.4749
 3.231	2.4863
 3.233	2.4484
 3.235	2.4457
 3.237	2.4287
 3.239	2.4919
 3.241	2.4656
 3.243	2.4658
 3.245	2.4409
 3.247	2.3962
 3.249	2.3608
 3.251	2.4070
 3.253	2.4176
 3.255	2.4217
 3.257	2.3649
 3.259	2.3631
 3.261	2.3666
 3.263	2.3886
 3.265	2.4279
 3.267	2.4538
 3.270	2.4225
 3.272	2.3756
 3.274	2.3535
 3.276	2.4184
 3.278	2.3800
 3.280	2.3961
 3.282	2.3945
 3.284	2.4092
 3.286	2.3671
 3.288	2.3444
 3.290	2.3455
 3.292	2.3496
 3.294	2.3374
 3.297	2.3641
 3.299	2.3696
 3.301	2.3600
 3.303	2.3433
 3.305	2.3420
 3.307	2.3089
 3.309	2.3310
 3.311	2.3115
 3.313	2.3045
 3.316	2.2825
 3.318	2.2943
 3.320	2.2730
 3.322	2.2889
 3.324	2.2717
 3.326	2.2391
 3.328	2.2494
 3.330	2.3030
 3.333	2.2432
 3.335	2.2041
 3.337	2.1416
 3.339	2.1562
 3.341	2.1847
 3.343	2.2155
 3.345	2.1793
 3.348	2.1116
 3.350	2.0957
 3.352	2.1230
 3.354	2.0889
 3.356	2.0644
 3.358	2.0611
 3.361	2.0198
 3.363	1.9353
 3.365	1.9266
 3.367	1.9243
 3.369	1.9137
 3.372	1.8748
 3.374	1.8582
 3.376	1.7891
 3.378	1.7405
 3.380	1.7442
 3.383	1.7406
 3.385	1.7063
 3.387	1.7582
 3.389	1.7712
 3.391	1.7219
 3.394	1.6362
 3.396	1.5902
 3.398	1.5404
 3.400	1.5306
 3.403	1.4630
 3.405	1.3876
 3.407	1.2852
 3.409	1.2154
 3.411	1.2031
 3.414	1.2506
 3.416	1.3118
 3.418	1.4230
 3.420	1.6011
 3.423	1.9189
 3.425	2.2737
 3.427	2.6561
 3.430	2.8941
 3.432	2.9915
 3.434	2.9843
 3.436	2.9594
 3.439	2.8877
 3.441	2.8539
 3.443	2.7995
 3.445	2.7474
 3.448	2.7015
 3.450	2.6883
 3.452	2.6434
 3.455	2.6363
 3.457	2.6174
 3.459	2.6636
 3.462	2.6508
 3.464	2.6669
 3.466	2.6478
 3.469	2.6218
 3.471	2.6322
 3.473	2.6375
 3.476	2.5691
 3.478	2.5310
 3.480	2.4670
 3.483	2.4370
 3.485	2.4314
 3.487	2.3892
 3.490	2.3058
 3.492	2.2151
 3.494	2.0758
 3.497	1.9403
 3.499	1.8022
 3.501	1.7502
 3.504	1.7120
 3.506	1.8783
 3.508	2.2749
 3.511	2.7623
 3.513	3.1317
 3.516	3.3539
 3.518	3.4214
 3.520	3.4220
 3.523	3.3668
 3.525	3.3179
 3.528	3.2616
 3.530	3.2263
 3.532	3.1999
 3.535	3.2046
 3.537	3.1772
 3.540	3.1712
 3.542	3.1043
 3.544	3.0647
 3.547	3.0454
 3.549	3.0717
 3.552	3.0519
 3.554	3.0254
 3.557	2.9902
 3.559	3.0186
 3.561	3.0073
 3.564	2.9785
 3.566	2.9396
 3.569	2.9013
 3.571	2.8509
 3.574	2.8714
 3.576	2.9161
 3.579	2.9215
 3.581	2.9137
 3.584	2.8737
 3.586	2.8584
 3.589	2.9095
 3.591	2.8775
 3.594	2.8422
 3.596	2.8242
 3.599	2.8655
 3.601	2.8953
 3.604	2.8837
 3.606	2.8272
 3.609	2.8105
 3.611	2.8257
 3.614	2.8578
 3.616	2.8403
 3.619	2.8386
 3.621	2.8236
 3.624	2.8212
 3.626	2.8111
 3.629	2.8278
 3.631	2.8391
 3.634	2.8480
 3.636	2.8278
 3.639	2.8095
 3.641	2.7902
 3.644	2.7941
 3.647	2.7670
 3.649	2.7784
 3.652	2.7989
 3.654	2.8088
 3.657	2.7628
 3.659	2.7595
 3.662	2.7659
 3.665	2.7848
 3.667	2.7833
 3.670	2.7838
 3.672	2.7693
 3.675	2.7439
 3.678	2.7174
 3.680	2.7635
 3.683	2.7639
 3.685	2.7664
 3.688	2.7455
 3.691	2.7249
 3.693	2.7049
 3.696	2.7363
 3.699	2.7137
 3.701	2.6964
 3.704	2.6983
 3.707	2.7222
 3.709	2.7397
 3.712	2.7444
 3.715	2.7304
 3.717	2.7004
 3.720	2.6989
 3.723	2.7023
 3.725	2.6644
 3.728	2.7010
 3.731	2.7316
 3.733	2.7305
 3.736	2.6920
 3.739	2.6676
 3.741	2.6617
 3.744	2.6991
 3.747	2.6844
 3.749	2.6569
 3.752	2.6933
 3.755	2.7262
 3.758	2.7228
 3.760	2.7194
 3.763	2.6695
 3.766	2.6602
 3.769	2.6508
 3.771	2.6918
 3.774	2.6962
 3.777	2.6905
 3.779	2.6895
 3.782	2.6728
 3.785	2.6178
 3.788	2.6093
 3.791	2.6514
 3.793	2.7148
 3.796	2.6861
 3.799	2.6568
 3.802	2.6975
 3.804	2.6984
 3.807	2.6761
 3.810	2.6737
 3.813	2.6778
 3.816	2.6901
 3.818	2.6813
 3.821	2.7319
 3.824	2.7432
 3.827	2.7050
 3.830	2.6777
 3.833	2.7033
 3.835	2.6933
 3.838	2.6550
 3.841	2.6279
 3.844	2.6448
 3.847	2.6606
 3.850	2.6727
 3.852	2.6655
 3.855	2.6853
 3.858	2.6936
 3.861	2.6886
 3.864	2.6631
 3.867	2.6529
 3.870	2.6779
 3.873	2.7195
 3.876	2.7010
 3.878	2.7123
 3.881	2.6632
 3.884	2.6285
 3.887	2.6377
 3.890	2.6402
 3.893	2.6449
 3.896	2.6745
 3.899	2.6821
 3.902	2.6857
 3.905	2.6774
 3.908	2.6707
 3.911	2.6754
 3.914	2.6622
 3.917	2.6384
 3.919	2.6626
 3.922	2.6564
 3.925	2.6603
 3.928	2.6638
 3.931	2.6571
 3.934	2.6462
 3.937	2.6596
 3.940	2.6599
 3.943	2.6558
 3.946	2.6318
 3.949	2.6513
 3.952	2.6681
 3.955	2.6842
 3.958	2.6610
 3.961	2.6266
 3.964	2.5840
 3.967	2.5976
 3.970	2.6609
 3.974	2.6636
 3.977	2.6166
 3.980	2.6012
 3.983	2.5955
 3.986	2.6143
 3.989	2.5958
 3.992	2.6165
 3.995	2.6445
 3.998	2.6102
 4.001	2.6039
 4.004	2.6246
 4.007	2.6010
 4.010	2.5882
 4.014	2.5974
 4.017	2.6236
 4.020	2.6284
 4.023	2.6061
 4.026	2.5789
 4.029	2.5988
 4.032	2.6072
 4.035	2.6181
 4.039	2.6199
 4.042	2.6299
 4.045	2.6438
 4.048	2.6443
 4.051	2.6185
 4.054	2.6196
 4.057	2.6048
 4.061	2.5964
 4.064	2.6166
 4.067	2.6177
 4.070	2.6094
 4.073	2.6275
 4.077	2.6255
 4.080	2.6262
 4.083	2.6222
 4.086	2.5890
 4.089	2.5931
 4.093	2.6161
 4.096	2.5908
 4.099	2.5737
 4.102	2.5721
 4.106	2.5754
 4.109	2.5830
 4.112	2.5901
 4.115	2.6005
 4.119	2.6079
 4.122	2.6172
 4.125	2.6242
 4.129	2.6100
 4.132	2.6219
 4.135	2.6108
 4.138	2.5968
 4.142	2.5850
 4.145	2.5639
 4.148	2.5622
 4.152	2.5738
 4.155	2.5660
 4.158	2.5603
 4.162	2.5380
 4.165	2.5295
 4.168	2.5182
 4.172	2.5239
 4.175	2.5139
 4.178	2.5142
 4.182	2.5645
 4.185	2.6014
 4.189	2.5886
 4.192	2.5712
 4.195	2.5647
 4.199	2.5441
 4.202	2.5695
 4.206	2.6129
 4.209	2.5617
 4.212	2.5153
 4.216	2.4931
 4.219	2.5492
 4.223	2.6438
 4.226	2.7161
 4.230	2.6509
 4.233	2.5364
 4.236	2.4857
 4.240	2.4348
 4.243	2.4113
 4.247	2.5107
 4.250	2.5904
 4.254	2.5825
 4.257	2.5750
 4.261	2.5681
 4.264	2.5220
 4.268	2.4753
 4.271	2.4691
 4.275	2.5245
 4.278	2.5431
 4.282	2.5282
 4.285	2.4525
 4.289	2.4787
 4.293	2.5393
 4.296	2.5306
 4.300	2.5139
 4.303	2.5657
 4.307	2.5656
 4.310	2.5175
 4.314	2.5199
 4.318	2.5451
 4.321	2.5288
 4.325	2.5055
 4.328	2.4922
 4.332	2.4643
 4.336	2.4440
 4.339	2.4492
 4.343	2.4673
 4.347	2.4899
 4.350	2.5041
 4.354	2.5011
 4.358	2.4866
 4.361	2.4875
 4.365	2.4902
 4.369	2.4778
 4.372	2.4755
 4.376	2.4850
 4.380	2.4726
 4.383	2.4688
 4.387	2.4621
 4.391	2.4606
 4.394	2.4566
 4.398	2.4530
 4.402	2.4664
 4.406	2.4743
 4.409	2.4807
 4.413	2.4810
 4.417	2.4681
 4.421	2.4632
 4.424	2.4648
 4.428	2.4678
 4.432	2.4445
 4.436	2.4349
 4.440	2.4541
 4.443	2.4853
 4.447	2.4677
 4.451	2.4396
 4.455	2.4413
 4.459	2.4414
 4.463	2.4337
 4.466	2.4427
 4.470	2.4377
 4.474	2.4518
 4.478	2.4784
 4.482	2.4930
 4.486	2.4671
 4.490	2.4088
 4.493	2.3912
 4.497	2.3989
 4.501	2.4114
 4.505	2.4196
 4.509	2.4348
 4.513	2.4618
 4.517	2.4690
 4.521	2.4589
 4.525	2.4768
 4.529	2.4476
 4.533	2.4351
 4.537	2.4044
 4.541	2.3828
 4.545	2.3925
 4.549	2.4350
 4.553	2.4488
 4.557	2.4399
 4.561	2.4506
 4.565	2.4770
 4.569	2.4726
 4.573	2.4611
 4.577	2.4377
 4.581	2.4487
 4.585	2.4257
 4.589	2.4020
 4.593	2.4273
 4.597	2.4751
 4.601	2.4409
 4.605	2.4224
 4.609	2.4317
 4.613	2.4122
 4.617	2.3896
 4.622	2.3938
 4.626	2.3771
 4.630	2.3885
 4.634	2.4025
 4.638	2.3998
 4.642	2.4137
 4.646	2.4362
 4.651	2.4270
 4.655	2.4197
 4.659	2.4344
 4.663	2.4481
 4.667	2.4182
 4.672	2.4163
 4.676	2.4075
 4.680	2.3883
 4.684	2.3933
 4.688	2.3914
 4.693	2.3880
 4.697	2.4020
 4.701	2.3909
 4.705	2.3805
 4.710	2.3912
 4.714	2.4215
 4.718	2.3878
 4.723	2.3491
 4.727	2.3393
 4.731	2.3768
 4.736	2.3997
 4.740	2.4041
 4.744	2.3877
 4.749	2.3700
 4.753	2.3732
 4.757	2.3933
 4.762	2.4055
 4.766	2.4135
 4.770	2.3790
 4.775	2.3677
 4.779	2.3997
 4.784	2.4107
 4.788	2.3797
 4.792	2.3441
 4.797	2.3253
 4.801	2.3457
 4.806	2.3595
 4.810	2.3678
 4.815	2.3358
 4.819	2.3476
 4.824	2.3589
 4.828	2.3609
 4.833	2.3856
 4.837	2.4050
 4.842	2.3783
 4.846	2.3757
 4.851	2.3772
 4.855	2.3786
 4.860	2.3304
 4.864	2.3424
 4.869	2.3982
 4.874	2.3848
 4.878	2.3164
 4.883	2.3158
 4.887	2.3159
 4.892	2.3332
 4.897	2.3552
 4.901	2.3804
 4.906	2.3457
 4.910	2.3166
 4.915	2.3522
 4.920	2.3663
 4.924	2.3426
 4.929	2.3403
 4.934	2.3430
 4.939	2.3550
 4.943	2.3697
 4.948	2.3861
 4.953	2.3511
 4.957	2.3567
 4.962	2.3470
 4.967	2.3286
 4.972	2.3467
 4.976	2.3872
 4.981	2.3503
 4.986	2.3236
 4.991	2.3732
 4.996	2.4008
 5.000	2.3478
 5.005	2.3264
 5.010	2.2882
 5.015	2.3047
 5.020	2.3561
 5.025	2.4200
 5.030	2.4143
 5.034	2.3574
 5.039	2.2963
 5.044	2.3129
 5.049	2.3399
 5.054	2.3436
 5.059	2.3181
 5.064	2.3300
 5.069	2.3302
 5.074	2.3363
 5.079	2.3173
 5.084	2.3215
 5.089	2.3243
 5.094	2.3452
 5.099	2.3560
 5.104	2.3573
 5.109	2.3573
 5.114	2.4044
 5.119	2.3753
 5.124	2.3194
 5.129	2.2828
 5.134	2.3017
 5.139	2.3164
 5.144	2.3338
 5.149	2.2885
 5.155	2.2931
 5.160	2.3100
 5.165	2.3075
 5.170	2.2626
 5.175	2.2732
 5.180	2.3125
 5.185	2.3419
 5.191	2.3287
 5.196	2.3375
 5.201	2.3171
 5.206	2.3295
 5.211	2.3428
 5.217	2.3309
 5.222	2.3286
 5.227	2.3235
 5.233	2.2928
 5.238	2.2910
 5.243	2.2781
 5.248	2.3084
 5.254	2.3149
 5.259	2.3339
 5.264	2.3287
 5.270	2.3465
 5.275	2.3446
 5.280	2.3259
 5.286	2.3052
 5.291	2.3127
 5.297	2.2671
 5.302	2.2833
 5.308	2.3204
 5.313	2.3251
 5.318	2.3003
 5.324	2.3244
 5.329	2.2948
 5.335	2.2709
 5.340	2.2612
 5.346	2.3173
 5.351	2.3256
 5.357	2.3043
 5.362	2.2955
 5.368	2.3030
 5.374	2.2831
 5.379	2.2851
 5.385	2.2966
 5.390	2.3105
 5.396	2.2996
 5.401	2.3120
 5.407	2.2829
 5.413	2.2844
 5.418	2.2534
 5.424	2.2391
 5.430	2.2500
 5.435	2.2730
 5.441	2.2583
 5.447	2.2795
 5.453	2.2687
 5.458	2.2733
 5.464	2.2661
 5.470	2.2865
 5.476	2.2593
 5.481	2.2616
 5.487	2.2493
 5.493	2.2599
 5.499	2.2377
 5.505	2.2657
 5.511	2.2556
 5.516	2.2694
 5.522	2.2530
 5.528	2.2584
 5.534	2.2348
 5.540	2.2204
 5.546	2.2003
 5.552	2.1989
 5.558	2.1835
 5.564	2.2258
 5.570	2.2222
 5.576	2.2450
 5.582	2.2169
 5.588	2.2571
 5.594	2.2340
 5.600	2.1990
 5.606	2.1723
 5.612	2.1830
 5.618	2.1761
 5.624	2.1686
 5.630	2.1428
 5.636	2.1449
 5.642	2.1431
 5.649	2.1861
 5.655	2.1639
 5.661	2.1730
 5.667	2.1271
 5.673	2.0994
 5.680	2.0885
 5.686	2.1051
 5.692	2.0997
 5.698	2.0955
 5.705	2.0598
 5.711	2.0371
 5.717	1.9752
 5.723	1.9446
 5.730	1.9324
 5.736	1.9491
 5.742	1.9410
 5.749	1.9777
 5.755	2.0054
 5.762	2.0508
 5.768	2.0628
 5.774	2.0547
 5.781	2.0134
 5.787	2.0535
 5.794	2.0523
 5.800	2.0966
 5.807	2.0981
 5.813	2.1504
 5.820	2.1571
 5.826	2.1638
 5.833	2.1296
 5.839	2.1340
 5.846	2.1112
 5.853	2.1743
 5.859	2.2122
 5.866	2.2364
 5.873	2.2266
 5.879	2.2673
 5.886	2.2603
 5.893	2.3130
 5.899	2.3334
 5.906	2.3321
 5.913	2.3070
 5.919	2.3292
 5.926	2.3157
 5.933	2.3315
 5.940	2.3238
 5.947	2.3608
 5.953	2.3395
 5.960	2.3488
 5.967	2.3384
 5.974	2.3589
 5.981	2.2994
 5.988	2.2933
 5.995	2.3036
 6.002	2.3068
 6.009	2.2344
 6.016	2.2234
 6.023	2.2252
 6.030	2.2456
 6.037	2.2422
 6.044	2.2571
 6.051	2.2001
 6.058	2.2012
 6.065	2.1445
 6.072	2.1096
 6.079	2.0848
 6.086	2.1332
 6.093	2.1650
 6.101	2.1848
 6.108	2.1276
 6.115	2.2009
 6.122	2.1901
 6.129	2.2080
 6.137	2.1712
 6.144	2.1472
 6.151	2.1581
 6.158	2.2380
 6.166	2.2043
 6.173	2.2374
 6.180	2.2753
 6.188	2.2679
 6.195	2.2362
 6.203	2.2549
 6.210	2.2319
 6.218	2.2203
 6.225	2.1450
 6.232	2.1892
 6.240	2.2078
 6.248	2.2483
 6.255	2.2104
 6.263	2.2397
 6.270	2.2713
 6.278	2.2666
 6.285	2.2014
 6.293	2.2227
 6.301	2.1989
 6.308	2.2319
 6.316	2.2291
 6.324	2.2565
 6.331	2.2357
 6.339	2.2502
 6.347	2.1867
 6.355	2.2036
 6.362	2.2484
 6.370	2.2825
 6.378	2.2642
 6.386	2.2856
 6.394	2.2546
 6.402	2.3032
 6.410	2.2806
 6.418	2.2676
 6.426	2.2076
 6.434	2.2172
 6.442	2.1743
 6.450	2.1936
 6.458	2.1961
 6.466	2.2201
 6.474	2.1768
 6.482	2.1639
 6.490	2.1407
 6.498	2.2127
 6.506	2.2056
 6.514	2.2165
 6.523	2.2057
 6.531	2.2206
 6.539	2.1670
 6.547	2.1609
 6.556	2.1400
 6.564	2.1808
 6.572	2.1383
 6.580	2.1149
 6.589	2.1113
 6.597	2.1297
 6.606	2.1000
 6.614	2.1464
 6.623	2.1229
 6.631	2.1566
 6.639	2.0920
 6.648	2.0860
 6.657	2.0593
 6.665	2.0649
 6.674	2.0506
 6.682	2.1147
 6.691	2.1152
 6.700	2.1019
 6.708	2.0427
 6.717	2.0770
 6.726	2.0134
 6.734	2.0048
 6.743	1.9349
 6.752	1.9122
 6.761	1.8436
 6.769	1.8317
 6.778	1.7903
 6.787	1.9853
 6.796	2.1491
 6.805	2.1224
 6.814	1.9755
 6.823	1.9975
 6.832	2.1236
 6.841	2.3858
 6.850	2.3922
 6.859	2.3095
 6.868	2.2048
 6.877	2.2322
 6.886	2.2034
 6.896	2.2030
 6.905	2.1830
 6.914	2.2189
 6.923	2.1865
 6.932	2.2033
 6.942	2.1642
 6.951	2.1999
 6.960	2.1893
 6.970	2.2144
 6.979	2.1392
 6.988	2.1360
 6.998	2.1127
 7.007	2.1667
 7.017	2.1387
 7.026	2.1862
 7.036	2.2138
 7.045	2.2211
 7.055	2.1233
 7.065	2.1314
 7.074	2.1308
 7.084	2.1770
 7.094	2.1565
 7.103	2.1749
 7.113	2.1309
 7.123	2.1303
 7.133	2.0637
 7.142	2.1120
 7.152	2.0874
 7.162	2.1664
 7.172	2.1269
 7.182	2.1453
 7.192	2.0953
 7.202	2.1608
 7.212	2.1429
 7.222	2.1006
 7.232	2.0125
 7.242	2.0872
 7.252	2.1467
 7.262	2.1890
 7.273	2.0846
 7.283	2.0696
 7.293	2.0352
 7.303	2.0875
 7.314	2.0791
 7.324	2.1181
 7.334	2.0711
 7.345	2.0967
 7.355	2.0587
 7.366	2.0888
 7.376	2.0511
 7.387	2.1009
 7.397	2.0574
 7.408	2.0575
 7.418	2.0237
 7.429	2.0262
 7.440	2.0007
 7.450	2.0341
 7.461	2.0231
 7.472	2.0518
 7.483	1.9907
 7.493	2.0243
 7.504	2.0344
 7.515	2.0823
 7.526	2.0599
 7.537	2.0700
 7.548	2.0131
 7.559	2.0240
 7.570	1.9955
 7.581	2.0817
 7.592	2.0433
 7.603	2.0402
 7.614	2.0082
 7.626	2.0235
 7.637	1.9668
 7.648	2.0065
 7.659	1.9689
 7.671	1.9941
 7.682	2.0024
 7.694	2.0514
 7.705	1.9768
 7.716	1.9854
 7.728	1.9808
 7.739	2.0312
 7.751	1.9601
 7.763	1.9780
 7.774	1.9088
 7.786	1.9265
 7.798	1.9057
 7.809	1.9554
 7.821	1.9224
 7.833	1.9520
 7.845	1.8773
 7.857	1.9339
 7.869	1.9470
 7.881	2.0110
 7.893	1.9838
 7.905	2.0439
 7.917	1.9727
 7.929	1.9917
 7.941	1.9094
 7.953	1.8999
 7.965	1.8649
 7.978	1.9316
 7.990	1.8736
 8.002	1.9418
 8.015	1.9239
 8.027	1.9320
 8.039	1.8727
 8.052	1.9318
 8.064	1.9164
 8.077	2.0169
 8.090	1.9718
 8.102	2.0028
 8.115	1.9284
 8.128	1.9376
 8.140	1.8602
 8.153	1.9406
 8.166	1.9249
 8.179	2.0093
 8.192	1.9005
 8.205	1.9234
 8.218	1.8560
 8.231	1.9554
 8.244	1.9589
 8.257	1.9777
 8.270	1.9117
 8.283	1.9520
 8.297	1.8912
 8.310	2.0174
 8.323	1.9638
 8.337	1.9381
 8.350	1.8650
 8.364	1.9614
 8.377	1.9098
 8.391	1.9573
 8.404	1.8919
 8.418	1.9786
 8.432	1.9658
 8.445	2.0205
 8.459	1.8951
 8.473	1.9836
 8.487	1.9030
 8.501	1.9845
 8.515	1.9786
 8.529	2.0113
 8.543	1.9555
 8.557	2.0595
 8.571	2.0316
 8.585	2.1120
 8.599	2.0175
 8.614	2.0943
 8.628	2.0998
 8.642	2.1146
 8.657	2.0208
 8.671	2.1561
 8.686	2.1307
 8.700	2.1598
 8.715	2.0810
 8.730	2.1445
 8.744	2.0680
 8.759	2.1716
 8.774	2.1779
 8.789	2.2272
 8.804	2.1080
 8.819	2.1724
 8.834	2.1510
 8.849	2.2517
 8.864	2.1791
 8.879	2.2766
 8.894	2.1820
 8.910	2.2614
 8.925	2.2155
 8.940	2.2789
 8.956	2.2469
 8.971	2.2737
 8.987	2.1760
 9.002	2.3175
 9.018	2.2918
 9.034	2.2871
 9.050	2.1031
 9.065	2.1830
 9.081	2.1948
 9.097	2.2964
 9.113	2.1814
 9.129	2.2060
 9.145	2.1219
 9.162	2.1781
 9.178	2.0736
 9.194	2.2393
 9.210	2.2013
 9.227	2.2404
 9.243	2.1508
 9.260	2.2285
 9.276	2.0990
 9.293	2.1443
 9.310	2.1151
 9.326	2.2029
 9.343	2.1533
 9.360	2.2218
 9.377	2.1176
 9.394	2.1909
 9.411	2.1145
 9.428	2.1675
 9.445	2.1319
 9.462	2.2646
 9.480	2.2451
 9.497	2.2928
 9.515	2.1057
 9.532	2.1618
 9.550	2.2083
 9.567	2.3070
 9.585	2.1621
 9.603	2.2488
 9.620	2.2078
 9.638	2.2294
 9.656	2.1277
 9.674	2.2886
 9.692	2.2529
 9.711	2.2978
 9.729	2.1771
 9.747	2.2335
 9.765	2.1601
 9.784	2.1771
 9.802	2.0141
 9.821	2.0426
 9.839	2.0010
 9.858	2.1445
 9.877	2.0331
 9.896	2.1295
 9.915	2.0628
 9.934	2.1572
 9.953	2.0723
 9.972	2.1213
 9.991	2.0770
10.010	2.1634
10.030	2.0112
10.049	2.0486
10.069	2.0246
10.088	2.1445
10.108	2.1028
10.128	2.2016
10.148	2.1488
10.167	2.1993
10.187	2.1259
10.207	2.2558
10.228	2.1951
10.248	2.2844
10.268	2.2162
10.289	2.2538
10.309	2.2259
10.330	2.3326
10.350	2.2436
10.371	2.2943
10.392	2.1492
10.412	2.2306
10.433	2.1676
10.454	2.2686
10.476	2.2171
10.497	2.3651
10.518	2.3053
10.539	2.3779
10.561	2.2813
10.582	2.3645
10.604	2.2766
10.626	2.3406
10.648	2.3083
10.670	2.4360
10.692	2.3937
10.714	2.5282
10.736	2.4479
10.758	2.4806
10.780	2.3712
10.803	2.4686
10.825	2.4142
10.848	2.5007
10.871	2.4624
10.894	2.5421
10.917	2.4488
10.940	2.5598
10.963	2.5001
10.986	2.5966
11.009	2.5501
11.033	2.6399
11.056	2.5416
11.080	2.6532
11.104	2.5419
11.127	2.5892
11.151	2.4531
11.175	2.5317
11.200	2.4309
11.224	2.5628
11.248	2.4862
11.273	2.5981
11.297	2.5249
11.322	2.6202
11.347	2.4903
11.372	2.6468
11.397	2.5617
11.422	2.6889
11.447	2.6112
11.472	2.6202
11.498	2.5254
11.523	2.7028
11.549	2.6154
11.575	2.6946
11.600	2.5327
11.626	2.6488
11.653	2.6143
11.679	2.6755
11.705	2.5372
11.732	2.6823
11.758	2.5139
11.785	2.5950
11.812	2.5396
11.839	2.6188
11.866	2.4738
11.893	2.6087
11.920	2.5041
11.948	2.5255
11.976	2.2578
12.003	2.3906
12.031	2.3522
12.059	2.5041
12.087	2.4178
12.115	2.5729
12.144	2.4996
12.172	2.6055
12.201	2.4452
12.230	2.5310
12.259	2.3113
12.288	2.4210
12.317	2.3721
12.346	2.5450
12.376	2.4012
12.405	2.4252
12.435	2.2724
12.465	2.4124
12.495	2.3783
12.525	2.5559
12.555	2.2942
12.586	2.3446
12.617	2.1897
12.647	2.3644
12.678	2.2589
12.709	2.3622
12.741	2.1677
12.772	2.3393
12.803	2.2572
12.835	2.3066
12.867	2.0482
12.899	2.1012
12.931	2.0285
12.964	2.2202
12.996	2.1104
13.029	2.2743
13.061	2.1425
13.094	2.1492
13.128	1.9165
13.161	2.1261
13.194	2.0304
13.228	2.1088
13.262	1.8728
13.296	1.9402
13.330	1.8056
13.364	1.9198
13.399	1.7609
13.434	1.9254
13.469	1.7693
13.504	1.8030
13.539	1.5222
13.574	1.6675
13.610	1.5621
13.646	1.6769
13.682	1.6211
13.718	1.9326
13.754	1.7454
13.791	1.8838
13.828	1.7862
13.865	2.1190
13.902	2.1259
13.939	2.1973
13.977	1.8819
14.015	2.0404
14.053	1.7154
14.091	1.7205
14.129	1.6681
14.168	2.0492
14.207	1.8645
14.246	2.0983
14.285	1.8038
14.324	1.8190
14.364	1.5693
14.404	1.9147
14.444	1.7053
14.484	1.9085
14.525	1.6641
14.566	1.8916
14.607	1.5926
14.648	1.8725
14.690	1.5133
14.731	1.7193
14.773	1.4904
14.815	1.8482
14.858	1.6083
14.901	1.9213
14.944	1.6607
14.987	1.9236
15.030	1.4534
15.074	1.8392
15.118	1.6499
15.162	1.9792
15.206	1.5740
15.251	1.9272
15.296	1.5968
15.341	2.0197
15.387	0

