Name: Portulacaria afra 'Variegata'
Type: vegetation
Class: Shrub
Genus: Portulacaria
Species: afra 'Variegata'
Sample No.: JPL066
Owner: JPL
Wavelength Range: All
Origin: 34.12675; - 118.10997; WGS84
Collection Date: 2/2/2016
Description: Samples were collected at the Huntington Garden in San Marino California as part of a JPL Subcontract studying HyTES imagery. Samples were taken to JPL and processed within 48 hours of collection. The same leaves were processed in the Nicolet and then measured using the ASD.
Measurement: Bidirectional and directional hemispherical reflectance
First Column: X
Second Column: Y
X Units: Wavelength (micrometer)
Y Units: Reflectance (percentage)
First X Value: 0.35
Last X Value: 15.3869
Number of X Values: 3889
Additional Information: 

 0.350	1.7087
 0.351	2.1211
 0.352	2.0565
 0.353	2.6136
 0.354	4.1064
 0.355	3.0368
 0.356	2.7684
 0.357	3.4593
 0.358	3.6284
 0.359	2.9812
 0.360	2.6233
 0.361	2.8301
 0.362	2.5178
 0.363	2.3762
 0.364	2.7516
 0.365	3.5722
 0.366	3.8124
 0.367	3.6289
 0.368	3.2170
 0.369	2.8231
 0.370	2.7945
 0.371	2.7075
 0.372	2.4959
 0.373	2.9589
 0.374	3.1656
 0.375	2.9615
 0.376	2.6014
 0.377	2.8915
 0.378	2.6523
 0.379	2.0690
 0.380	2.4649
 0.381	3.1727
 0.382	3.2673
 0.383	2.7047
 0.384	3.3355
 0.385	3.7717
 0.386	3.6906
 0.387	3.2993
 0.388	3.3303
 0.389	3.1664
 0.390	2.7971
 0.391	2.9089
 0.392	3.3675
 0.393	3.5216
 0.394	3.0836
 0.395	2.9366
 0.396	3.0319
 0.397	3.1280
 0.398	2.9528
 0.399	2.8455
 0.400	3.0343
 0.401	3.3963
 0.402	3.3906
 0.403	3.2336
 0.404	3.2182
 0.405	3.4607
 0.406	3.4322
 0.407	3.3377
 0.408	3.3050
 0.409	3.3842
 0.410	3.4577
 0.411	3.6628
 0.412	3.9658
 0.413	3.9415
 0.414	4.1391
 0.415	4.3868
 0.416	4.3924
 0.417	4.4028
 0.418	4.6128
 0.419	4.8939
 0.420	4.8621
 0.421	5.0294
 0.422	5.3790
 0.423	5.7566
 0.424	5.9365
 0.425	6.0918
 0.426	6.3196
 0.427	6.6601
 0.428	7.0620
 0.429	7.3404
 0.430	7.4895
 0.431	7.7470
 0.432	7.9896
 0.433	8.2355
 0.434	8.5349
 0.435	8.9392
 0.436	9.3191
 0.437	9.5925
 0.438	9.7289
 0.439	9.9056
 0.440	10.101
 0.441	10.279
 0.442	10.448
 0.443	10.614
 0.444	10.771
 0.445	10.910
 0.446	11.052
 0.447	11.159
 0.448	11.255
 0.449	11.440
 0.450	11.636
 0.451	11.753
 0.452	11.788
 0.453	12.027
 0.454	12.118
 0.455	12.120
 0.456	12.326
 0.457	12.470
 0.458	12.632
 0.459	12.847
 0.460	12.986
 0.461	13.095
 0.462	13.201
 0.463	13.321
 0.464	13.403
 0.465	13.566
 0.466	13.750
 0.467	13.723
 0.468	13.803
 0.469	13.905
 0.470	13.928
 0.471	13.970
 0.472	13.952
 0.473	13.899
 0.474	13.891
 0.475	13.960
 0.476	13.947
 0.477	13.829
 0.478	13.826
 0.479	13.772
 0.480	13.713
 0.481	13.737
 0.482	13.828
 0.483	13.931
 0.484	14.042
 0.485	14.201
 0.486	14.274
 0.487	14.386
 0.488	14.607
 0.489	14.761
 0.490	14.927
 0.491	15.104
 0.492	15.263
 0.493	15.412
 0.494	15.634
 0.495	15.936
 0.496	16.213
 0.497	16.398
 0.498	16.565
 0.499	16.807
 0.500	17.110
 0.501	17.384
 0.502	17.616
 0.503	17.855
 0.504	18.097
 0.505	18.372
 0.506	18.677
 0.507	18.923
 0.508	19.153
 0.509	19.396
 0.510	19.669
 0.511	19.944
 0.512	20.198
 0.513	20.432
 0.514	20.671
 0.515	20.956
 0.516	21.241
 0.517	21.470
 0.518	21.647
 0.519	21.889
 0.520	22.171
 0.521	22.371
 0.522	22.571
 0.523	22.774
 0.524	22.972
 0.525	23.170
 0.526	23.371
 0.527	23.556
 0.528	23.702
 0.529	23.853
 0.530	23.992
 0.531	24.120
 0.532	24.260
 0.533	24.410
 0.534	24.546
 0.535	24.654
 0.536	24.778
 0.537	24.888
 0.538	24.991
 0.539	25.120
 0.540	25.276
 0.541	25.450
 0.542	25.625
 0.543	25.781
 0.544	25.876
 0.545	25.912
 0.546	25.907
 0.547	25.854
 0.548	25.793
 0.549	25.758
 0.550	25.777
 0.551	25.802
 0.552	25.816
 0.553	25.811
 0.554	25.795
 0.555	25.744
 0.556	25.677
 0.557	25.643
 0.558	25.644
 0.559	25.637
 0.560	25.596
 0.561	25.562
 0.562	25.544
 0.563	25.525
 0.564	25.488
 0.565	25.509
 0.566	25.538
 0.567	25.543
 0.568	25.525
 0.569	25.513
 0.570	25.508
 0.571	25.494
 0.572	25.436
 0.573	25.370
 0.574	25.322
 0.575	25.302
 0.576	25.274
 0.577	25.239
 0.578	25.202
 0.579	25.165
 0.580	25.149
 0.581	25.133
 0.582	25.093
 0.583	25.097
 0.584	25.109
 0.585	25.104
 0.586	25.072
 0.587	25.061
 0.588	25.052
 0.589	25.024
 0.590	25.011
 0.591	25.004
 0.592	24.995
 0.593	24.976
 0.594	24.961
 0.595	24.962
 0.596	24.974
 0.597	24.965
 0.598	24.978
 0.599	25.010
 0.600	25.036
 0.601	24.997
 0.602	24.945
 0.603	24.911
 0.604	24.900
 0.605	24.887
 0.606	24.858
 0.607	24.810
 0.608	24.770
 0.609	24.766
 0.610	24.806
 0.611	24.867
 0.612	24.798
 0.613	24.662
 0.614	24.526
 0.615	24.429
 0.616	24.341
 0.617	24.261
 0.618	24.193
 0.619	24.130
 0.620	24.093
 0.621	24.075
 0.622	24.053
 0.623	24.027
 0.624	23.991
 0.625	23.949
 0.626	23.929
 0.627	23.934
 0.628	23.950
 0.629	23.962
 0.630	23.967
 0.631	23.975
 0.632	23.983
 0.633	23.974
 0.634	23.974
 0.635	23.964
 0.636	23.930
 0.637	23.892
 0.638	23.842
 0.639	23.793
 0.640	23.764
 0.641	23.716
 0.642	23.653
 0.643	23.582
 0.644	23.499
 0.645	23.410
 0.646	23.329
 0.647	23.262
 0.648	23.186
 0.649	23.116
 0.650	23.048
 0.651	22.971
 0.652	22.909
 0.653	22.852
 0.654	22.788
 0.655	22.713
 0.656	22.621
 0.657	22.509
 0.658	22.381
 0.659	22.251
 0.660	22.111
 0.661	21.955
 0.662	21.777
 0.663	21.604
 0.664	21.446
 0.665	21.296
 0.666	21.117
 0.667	20.947
 0.668	20.801
 0.669	20.680
 0.670	20.558
 0.671	20.464
 0.672	20.402
 0.673	20.338
 0.674	20.291
 0.675	20.256
 0.676	20.227
 0.677	20.214
 0.678	20.231
 0.679	20.276
 0.680	20.338
 0.681	20.432
 0.682	20.571
 0.683	20.764
 0.684	21.006
 0.685	21.305
 0.686	21.655
 0.687	22.044
 0.688	22.440
 0.689	22.848
 0.690	23.274
 0.691	23.728
 0.692	24.219
 0.693	24.716
 0.694	25.199
 0.695	25.688
 0.696	26.191
 0.697	26.690
 0.698	27.169
 0.699	27.681
 0.700	28.193
 0.701	28.677
 0.702	29.117
 0.703	29.570
 0.704	30.020
 0.705	30.453
 0.706	30.874
 0.707	31.290
 0.708	31.682
 0.709	32.033
 0.710	32.397
 0.711	32.764
 0.712	33.115
 0.713	33.434
 0.714	33.731
 0.715	34.031
 0.716	34.341
 0.717	34.626
 0.718	34.912
 0.719	35.191
 0.720	35.450
 0.721	35.692
 0.722	35.927
 0.723	36.158
 0.724	36.378
 0.725	36.584
 0.726	36.769
 0.727	36.934
 0.728	37.108
 0.729	37.262
 0.730	37.401
 0.731	37.538
 0.732	37.635
 0.733	37.745
 0.734	37.870
 0.735	37.954
 0.736	38.054
 0.737	38.147
 0.738	38.212
 0.739	38.285
 0.740	38.362
 0.741	38.436
 0.742	38.499
 0.743	38.551
 0.744	38.607
 0.745	38.664
 0.746	38.701
 0.747	38.750
 0.748	38.797
 0.749	38.832
 0.750	38.863
 0.751	38.895
 0.752	38.925
 0.753	38.953
 0.754	38.988
 0.755	39.010
 0.756	39.020
 0.757	39.034
 0.758	39.048
 0.759	39.070
 0.760	39.096
 0.761	39.102
 0.762	39.114
 0.763	39.132
 0.764	39.146
 0.765	39.167
 0.766	39.184
 0.767	39.199
 0.768	39.216
 0.769	39.207
 0.770	39.205
 0.771	39.220
 0.772	39.226
 0.773	39.238
 0.774	39.255
 0.775	39.268
 0.776	39.256
 0.777	39.252
 0.778	39.266
 0.779	39.286
 0.780	39.280
 0.781	39.282
 0.782	39.305
 0.783	39.328
 0.784	39.323
 0.785	39.310
 0.786	39.310
 0.787	39.317
 0.788	39.326
 0.789	39.334
 0.790	39.335
 0.791	39.333
 0.792	39.333
 0.793	39.337
 0.794	39.345
 0.795	39.347
 0.796	39.337
 0.797	39.319
 0.798	39.319
 0.799	39.322
 0.800	39.318
 0.801	39.303
 0.802	39.290
 0.803	39.290
 0.804	39.294
 0.805	39.287
 0.806	39.293
 0.807	39.281
 0.808	39.254
 0.809	39.251
 0.810	39.249
 0.811	39.245
 0.812	39.237
 0.813	39.221
 0.814	39.193
 0.815	39.175
 0.816	39.177
 0.817	39.159
 0.818	39.140
 0.819	39.123
 0.820	39.108
 0.821	39.093
 0.822	39.087
 0.823	39.079
 0.824	39.040
 0.825	39.005
 0.826	38.977
 0.827	38.958
 0.828	38.960
 0.829	38.911
 0.830	38.860
 0.831	38.853
 0.832	38.818
 0.833	38.779
 0.834	38.751
 0.835	38.737
 0.836	38.740
 0.837	38.716
 0.838	38.677
 0.839	38.675
 0.840	38.695
 0.841	38.693
 0.842	38.661
 0.843	38.644
 0.844	38.639
 0.845	38.650
 0.846	38.667
 0.847	38.645
 0.848	38.618
 0.849	38.607
 0.850	38.619
 0.851	38.632
 0.852	38.630
 0.853	38.624
 0.854	38.634
 0.855	38.641
 0.856	38.635
 0.857	38.620
 0.858	38.610
 0.859	38.627
 0.860	38.640
 0.861	38.631
 0.862	38.610
 0.863	38.603
 0.864	38.623
 0.865	38.662
 0.866	38.690
 0.867	38.689
 0.868	38.669
 0.869	38.656
 0.870	38.683
 0.871	38.702
 0.872	38.698
 0.873	38.678
 0.874	38.649
 0.875	38.650
 0.876	38.674
 0.877	38.676
 0.878	38.684
 0.879	38.679
 0.880	38.664
 0.881	38.675
 0.882	38.667
 0.883	38.668
 0.884	38.687
 0.885	38.651
 0.886	38.636
 0.887	38.641
 0.888	38.653
 0.889	38.696
 0.890	38.702
 0.891	38.682
 0.892	38.672
 0.893	38.641
 0.894	38.616
 0.895	38.630
 0.896	38.694
 0.897	38.677
 0.898	38.642
 0.899	38.626
 0.900	38.626
 0.901	38.620
 0.902	38.614
 0.903	38.602
 0.904	38.566
 0.905	38.568
 0.906	38.591
 0.907	38.601
 0.908	38.573
 0.909	38.553
 0.910	38.528
 0.911	38.490
 0.912	38.486
 0.913	38.489
 0.914	38.472
 0.915	38.426
 0.916	38.404
 0.917	38.381
 0.918	38.343
 0.919	38.290
 0.920	38.249
 0.921	38.201
 0.922	38.135
 0.923	38.057
 0.924	38.027
 0.925	37.983
 0.926	37.904
 0.927	37.810
 0.928	37.750
 0.929	37.695
 0.930	37.607
 0.931	37.459
 0.932	37.349
 0.933	37.289
 0.934	37.228
 0.935	37.078
 0.936	36.924
 0.937	36.817
 0.938	36.747
 0.939	36.638
 0.940	36.458
 0.941	36.290
 0.942	36.179
 0.943	36.063
 0.944	35.890
 0.945	35.716
 0.946	35.574
 0.947	35.391
 0.948	35.215
 0.949	35.014
 0.950	34.778
 0.951	34.616
 0.952	34.409
 0.953	34.171
 0.954	33.937
 0.955	33.666
 0.956	33.442
 0.957	33.240
 0.958	33.035
 0.959	32.935
 0.960	32.813
 0.961	32.683
 0.962	32.593
 0.963	32.536
 0.964	32.434
 0.965	32.322
 0.966	32.268
 0.967	32.242
 0.968	32.207
 0.969	32.183
 0.970	32.187
 0.971	32.092
 0.972	32.052
 0.973	32.072
 0.974	32.087
 0.975	32.092
 0.976	32.067
 0.977	32.040
 0.978	32.061
 0.979	32.154
 0.980	32.145
 0.981	32.084
 0.982	32.104
 0.983	32.125
 0.984	32.131
 0.985	32.157
 0.986	32.232
 0.987	32.238
 0.988	32.314
 0.989	32.375
 0.990	32.302
 0.991	32.385
 0.992	32.491
 0.993	32.543
 0.994	32.526
 0.995	32.476
 0.996	32.590
 0.997	32.777
 0.998	32.851
 0.999	32.879
 1.000	32.845
 1.001	33.252
 1.002	33.355
 1.003	33.440
 1.004	33.511
 1.005	33.576
 1.006	33.639
 1.007	33.734
 1.008	33.818
 1.009	33.921
 1.010	33.989
 1.011	34.022
 1.012	34.091
 1.013	34.159
 1.014	34.234
 1.015	34.337
 1.016	34.433
 1.017	34.505
 1.018	34.569
 1.019	34.628
 1.020	34.695
 1.021	34.780
 1.022	34.869
 1.023	34.964
 1.024	35.085
 1.025	35.178
 1.026	35.267
 1.027	35.342
 1.028	35.390
 1.029	35.461
 1.030	35.542
 1.031	35.610
 1.032	35.673
 1.033	35.750
 1.034	35.815
 1.035	35.867
 1.036	35.930
 1.037	35.992
 1.038	36.059
 1.039	36.121
 1.040	36.188
 1.041	36.272
 1.042	36.335
 1.043	36.388
 1.044	36.440
 1.045	36.477
 1.046	36.520
 1.047	36.566
 1.048	36.612
 1.049	36.668
 1.050	36.711
 1.051	36.743
 1.052	36.780
 1.053	36.809
 1.054	36.822
 1.055	36.853
 1.056	36.892
 1.057	36.922
 1.058	36.964
 1.059	36.983
 1.060	36.979
 1.061	36.990
 1.062	36.999
 1.063	37.008
 1.064	37.022
 1.065	37.038
 1.066	37.062
 1.067	37.073
 1.068	37.080
 1.069	37.090
 1.070	37.089
 1.071	37.067
 1.072	37.065
 1.073	37.077
 1.074	37.068
 1.075	37.055
 1.076	37.039
 1.077	37.008
 1.078	36.983
 1.079	36.956
 1.080	36.936
 1.081	36.920
 1.082	36.900
 1.083	36.895
 1.084	36.876
 1.085	36.841
 1.086	36.807
 1.087	36.780
 1.088	36.751
 1.089	36.724
 1.090	36.713
 1.091	36.680
 1.092	36.635
 1.093	36.594
 1.094	36.540
 1.095	36.498
 1.096	36.460
 1.097	36.423
 1.098	36.402
 1.099	36.360
 1.100	36.300
 1.101	36.253
 1.102	36.203
 1.103	36.149
 1.104	36.112
 1.105	36.062
 1.106	36.010
 1.107	35.948
 1.108	35.888
 1.109	35.831
 1.110	35.769
 1.111	35.699
 1.112	35.639
 1.113	35.586
 1.114	35.525
 1.115	35.470
 1.116	35.402
 1.117	35.328
 1.118	35.246
 1.119	35.161
 1.120	35.062
 1.121	34.957
 1.122	34.845
 1.123	34.729
 1.124	34.604
 1.125	34.465
 1.126	34.328
 1.127	34.149
 1.128	33.944
 1.129	33.727
 1.130	33.478
 1.131	33.224
 1.132	32.969
 1.133	32.683
 1.134	32.376
 1.135	32.050
 1.136	31.695
 1.137	31.335
 1.138	30.959
 1.139	30.596
 1.140	30.238
 1.141	29.879
 1.142	29.528
 1.143	29.176
 1.144	28.832
 1.145	28.480
 1.146	28.156
 1.147	27.839
 1.148	27.547
 1.149	27.273
 1.150	27.024
 1.151	26.791
 1.152	26.583
 1.153	26.402
 1.154	26.236
 1.155	26.090
 1.156	25.961
 1.157	25.851
 1.158	25.752
 1.159	25.659
 1.160	25.577
 1.161	25.501
 1.162	25.434
 1.163	25.378
 1.164	25.329
 1.165	25.283
 1.166	25.241
 1.167	25.205
 1.168	25.179
 1.169	25.152
 1.170	25.132
 1.171	25.111
 1.172	25.085
 1.173	25.067
 1.174	25.057
 1.175	25.041
 1.176	25.021
 1.177	25.003
 1.178	24.973
 1.179	24.952
 1.180	24.936
 1.181	24.919
 1.182	24.908
 1.183	24.888
 1.184	24.861
 1.185	24.842
 1.186	24.826
 1.187	24.806
 1.188	24.784
 1.189	24.764
 1.190	24.742
 1.191	24.710
 1.192	24.697
 1.193	24.695
 1.194	24.693
 1.195	24.707
 1.196	24.710
 1.197	24.703
 1.198	24.707
 1.199	24.713
 1.200	24.722
 1.201	24.735
 1.202	24.753
 1.203	24.770
 1.204	24.790
 1.205	24.818
 1.206	24.835
 1.207	24.843
 1.208	24.848
 1.209	24.857
 1.210	24.878
 1.211	24.901
 1.212	24.938
 1.213	24.966
 1.214	24.985
 1.215	25.012
 1.216	25.043
 1.217	25.069
 1.218	25.097
 1.219	25.130
 1.220	25.154
 1.221	25.175
 1.222	25.206
 1.223	25.240
 1.224	25.272
 1.225	25.298
 1.226	25.324
 1.227	25.355
 1.228	25.378
 1.229	25.409
 1.230	25.444
 1.231	25.472
 1.232	25.505
 1.233	25.535
 1.234	25.562
 1.235	25.583
 1.236	25.606
 1.237	25.625
 1.238	25.652
 1.239	25.681
 1.240	25.713
 1.241	25.744
 1.242	25.774
 1.243	25.803
 1.244	25.820
 1.245	25.841
 1.246	25.864
 1.247	25.878
 1.248	25.913
 1.249	25.955
 1.250	25.983
 1.251	26.011
 1.252	26.023
 1.253	26.024
 1.254	26.036
 1.255	26.054
 1.256	26.074
 1.257	26.091
 1.258	26.100
 1.259	26.111
 1.260	26.122
 1.261	26.128
 1.262	26.131
 1.263	26.138
 1.264	26.144
 1.265	26.135
 1.266	26.138
 1.267	26.143
 1.268	26.135
 1.269	26.133
 1.270	26.124
 1.271	26.102
 1.272	26.077
 1.273	26.049
 1.274	26.018
 1.275	25.987
 1.276	25.958
 1.277	25.921
 1.278	25.883
 1.279	25.846
 1.280	25.803
 1.281	25.762
 1.282	25.721
 1.283	25.667
 1.284	25.608
 1.285	25.546
 1.286	25.476
 1.287	25.409
 1.288	25.344
 1.289	25.277
 1.290	25.208
 1.291	25.144
 1.292	25.071
 1.293	24.987
 1.294	24.890
 1.295	24.786
 1.296	24.681
 1.297	24.578
 1.298	24.486
 1.299	24.385
 1.300	24.270
 1.301	24.155
 1.302	24.038
 1.303	23.915
 1.304	23.798
 1.305	23.674
 1.306	23.545
 1.307	23.418
 1.308	23.279
 1.309	23.140
 1.310	22.996
 1.311	22.839
 1.312	22.685
 1.313	22.526
 1.314	22.366
 1.315	22.202
 1.316	22.040
 1.317	21.881
 1.318	21.720
 1.319	21.548
 1.320	21.375
 1.321	21.195
 1.322	21.012
 1.323	20.842
 1.324	20.672
 1.325	20.501
 1.326	20.332
 1.327	20.156
 1.328	19.973
 1.329	19.792
 1.330	19.618
 1.331	19.442
 1.332	19.270
 1.333	19.106
 1.334	18.942
 1.335	18.780
 1.336	18.618
 1.337	18.452
 1.338	18.284
 1.339	18.125
 1.340	17.977
 1.341	17.837
 1.342	17.701
 1.343	17.562
 1.344	17.424
 1.345	17.290
 1.346	17.152
 1.347	17.026
 1.348	16.908
 1.349	16.792
 1.350	16.681
 1.351	16.576
 1.352	16.465
 1.353	16.352
 1.354	16.241
 1.355	16.126
 1.356	16.011
 1.357	15.903
 1.358	15.792
 1.359	15.681
 1.360	15.568
 1.361	15.449
 1.362	15.328
 1.363	15.201
 1.364	15.072
 1.365	14.939
 1.366	14.798
 1.367	14.657
 1.368	14.503
 1.369	14.340
 1.370	14.172
 1.371	13.990
 1.372	13.799
 1.373	13.602
 1.374	13.395
 1.375	13.174
 1.376	12.947
 1.377	12.714
 1.378	12.467
 1.379	12.215
 1.380	11.955
 1.381	11.689
 1.382	11.423
 1.383	11.153
 1.384	10.882
 1.385	10.608
 1.386	10.336
 1.387	10.059
 1.388	9.7926
 1.389	9.5284
 1.390	9.2718
 1.391	9.0274
 1.392	8.7877
 1.393	8.5574
 1.394	8.3398
 1.395	8.1311
 1.396	7.9316
 1.397	7.7436
 1.398	7.5657
 1.399	7.3997
 1.400	7.2419
 1.401	7.0918
 1.402	6.9517
 1.403	6.8201
 1.404	6.6974
 1.405	6.5834
 1.406	6.4797
 1.407	6.3902
 1.408	6.3061
 1.409	6.2256
 1.410	6.1478
 1.411	6.0701
 1.412	6.0002
 1.413	5.9402
 1.414	5.8907
 1.415	5.8454
 1.416	5.8007
 1.417	5.7586
 1.418	5.7136
 1.419	5.6730
 1.420	5.6359
 1.421	5.5980
 1.422	5.5719
 1.423	5.5469
 1.424	5.5195
 1.425	5.4945
 1.426	5.4694
 1.427	5.4474
 1.428	5.4282
 1.429	5.4107
 1.430	5.3990
 1.431	5.3855
 1.432	5.3707
 1.433	5.3577
 1.434	5.3446
 1.435	5.3322
 1.436	5.3218
 1.437	5.3094
 1.438	5.2960
 1.439	5.2869
 1.440	5.2772
 1.441	5.2725
 1.442	5.2694
 1.443	5.2651
 1.444	5.2620
 1.445	5.2571
 1.446	5.2568
 1.447	5.2605
 1.448	5.2637
 1.449	5.2665
 1.450	5.2658
 1.451	5.2623
 1.452	5.2579
 1.453	5.2548
 1.454	5.2539
 1.455	5.2550
 1.456	5.2614
 1.457	5.2676
 1.458	5.2717
 1.459	5.2806
 1.460	5.2912
 1.461	5.3011
 1.462	5.3194
 1.463	5.3351
 1.464	5.3421
 1.465	5.3545
 1.466	5.3627
 1.467	5.3718
 1.468	5.3886
 1.469	5.4003
 1.470	5.4161
 1.471	5.4367
 1.472	5.4548
 1.473	5.4747
 1.474	5.4967
 1.475	5.5171
 1.476	5.5375
 1.477	5.5625
 1.478	5.5863
 1.479	5.6089
 1.480	5.6351
 1.481	5.6640
 1.482	5.6945
 1.483	5.7204
 1.484	5.7461
 1.485	5.7705
 1.486	5.7944
 1.487	5.8246
 1.488	5.8540
 1.489	5.8870
 1.490	5.9190
 1.491	5.9493
 1.492	5.9819
 1.493	6.0166
 1.494	6.0492
 1.495	6.0832
 1.496	6.1171
 1.497	6.1492
 1.498	6.1835
 1.499	6.2190
 1.500	6.2543
 1.501	6.2912
 1.502	6.3260
 1.503	6.3599
 1.504	6.3971
 1.505	6.4358
 1.506	6.4714
 1.507	6.5044
 1.508	6.5404
 1.509	6.5753
 1.510	6.6130
 1.511	6.6518
 1.512	6.6960
 1.513	6.7380
 1.514	6.7805
 1.515	6.8289
 1.516	6.8730
 1.517	6.9102
 1.518	6.9478
 1.519	6.9858
 1.520	7.0242
 1.521	7.0664
 1.522	7.1070
 1.523	7.1451
 1.524	7.1845
 1.525	7.2264
 1.526	7.2710
 1.527	7.3146
 1.528	7.3599
 1.529	7.4049
 1.530	7.4454
 1.531	7.4883
 1.532	7.5326
 1.533	7.5743
 1.534	7.6189
 1.535	7.6656
 1.536	7.7107
 1.537	7.7559
 1.538	7.7986
 1.539	7.8392
 1.540	7.8783
 1.541	7.9169
 1.542	7.9594
 1.543	8.0008
 1.544	8.0432
 1.545	8.0878
 1.546	8.1296
 1.547	8.1724
 1.548	8.2127
 1.549	8.2563
 1.550	8.2962
 1.551	8.3344
 1.552	8.3851
 1.553	8.4278
 1.554	8.4730
 1.555	8.5266
 1.556	8.5699
 1.557	8.6124
 1.558	8.6540
 1.559	8.6935
 1.560	8.7349
 1.561	8.7785
 1.562	8.8222
 1.563	8.8630
 1.564	8.9030
 1.565	8.9445
 1.566	8.9850
 1.567	9.0230
 1.568	9.0659
 1.569	9.1070
 1.570	9.1476
 1.571	9.1947
 1.572	9.2330
 1.573	9.2660
 1.574	9.3037
 1.575	9.3422
 1.576	9.3852
 1.577	9.4295
 1.578	9.4715
 1.579	9.5069
 1.580	9.5386
 1.581	9.5735
 1.582	9.6086
 1.583	9.6472
 1.584	9.6873
 1.585	9.7267
 1.586	9.7614
 1.587	9.7942
 1.588	9.8284
 1.589	9.8616
 1.590	9.8962
 1.591	9.9336
 1.592	9.9729
 1.593	10.010
 1.594	10.050
 1.595	10.091
 1.596	10.129
 1.597	10.162
 1.598	10.194
 1.599	10.220
 1.600	10.247
 1.601	10.277
 1.602	10.309
 1.603	10.341
 1.604	10.367
 1.605	10.397
 1.606	10.426
 1.607	10.454
 1.608	10.489
 1.609	10.519
 1.610	10.549
 1.611	10.581
 1.612	10.609
 1.613	10.637
 1.614	10.661
 1.615	10.682
 1.616	10.709
 1.617	10.736
 1.618	10.765
 1.619	10.796
 1.620	10.819
 1.621	10.846
 1.622	10.871
 1.623	10.891
 1.624	10.917
 1.625	10.940
 1.626	10.962
 1.627	10.990
 1.628	11.016
 1.629	11.040
 1.630	11.061
 1.631	11.084
 1.632	11.107
 1.633	11.127
 1.634	11.150
 1.635	11.171
 1.636	11.190
 1.637	11.209
 1.638	11.225
 1.639	11.242
 1.640	11.259
 1.641	11.272
 1.642	11.286
 1.643	11.300
 1.644	11.311
 1.645	11.325
 1.646	11.341
 1.647	11.360
 1.648	11.377
 1.649	11.400
 1.650	11.417
 1.651	11.425
 1.652	11.439
 1.653	11.451
 1.654	11.466
 1.655	11.487
 1.656	11.500
 1.657	11.512
 1.658	11.523
 1.659	11.523
 1.660	11.526
 1.661	11.530
 1.662	11.530
 1.663	11.538
 1.664	11.550
 1.665	11.557
 1.666	11.564
 1.667	11.568
 1.668	11.570
 1.669	11.573
 1.670	11.576
 1.671	11.585
 1.672	11.597
 1.673	11.610
 1.674	11.625
 1.675	11.625
 1.676	11.619
 1.677	11.619
 1.678	11.613
 1.679	11.610
 1.680	11.614
 1.681	11.607
 1.682	11.599
 1.683	11.597
 1.684	11.591
 1.685	11.586
 1.686	11.582
 1.687	11.574
 1.688	11.561
 1.689	11.543
 1.690	11.533
 1.691	11.527
 1.692	11.519
 1.693	11.516
 1.694	11.505
 1.695	11.488
 1.696	11.475
 1.697	11.465
 1.698	11.450
 1.699	11.432
 1.700	11.417
 1.701	11.399
 1.702	11.383
 1.703	11.375
 1.704	11.358
 1.705	11.336
 1.706	11.313
 1.707	11.281
 1.708	11.257
 1.709	11.238
 1.710	11.215
 1.711	11.198
 1.712	11.177
 1.713	11.151
 1.714	11.118
 1.715	11.091
 1.716	11.059
 1.717	11.023
 1.718	11.000
 1.719	10.979
 1.720	10.953
 1.721	10.922
 1.722	10.889
 1.723	10.858
 1.724	10.823
 1.725	10.797
 1.726	10.769
 1.727	10.729
 1.728	10.696
 1.729	10.663
 1.730	10.640
 1.731	10.612
 1.732	10.579
 1.733	10.552
 1.734	10.527
 1.735	10.496
 1.736	10.469
 1.737	10.435
 1.738	10.387
 1.739	10.349
 1.740	10.316
 1.741	10.283
 1.742	10.259
 1.743	10.227
 1.744	10.190
 1.745	10.155
 1.746	10.118
 1.747	10.079
 1.748	10.041
 1.749	10.000
 1.750	9.9495
 1.751	9.9072
 1.752	9.8681
 1.753	9.8274
 1.754	9.7893
 1.755	9.7520
 1.756	9.7068
 1.757	9.6667
 1.758	9.6269
 1.759	9.5955
 1.760	9.5650
 1.761	9.5162
 1.762	9.4773
 1.763	9.4307
 1.764	9.3918
 1.765	9.3672
 1.766	9.3410
 1.767	9.3189
 1.768	9.2896
 1.769	9.2592
 1.770	9.2287
 1.771	9.1871
 1.772	9.1576
 1.773	9.1342
 1.774	9.1153
 1.775	9.1093
 1.776	9.0897
 1.777	9.0671
 1.778	9.0453
 1.779	9.0121
 1.780	8.9928
 1.781	8.9839
 1.782	8.9697
 1.783	8.9583
 1.784	8.9436
 1.785	8.9232
 1.786	8.9156
 1.787	8.9134
 1.788	8.9145
 1.789	8.9099
 1.790	8.9035
 1.791	8.8971
 1.792	8.8917
 1.793	8.8874
 1.794	8.8786
 1.795	8.8763
 1.796	8.8810
 1.797	8.8835
 1.798	8.8968
 1.799	8.8931
 1.800	8.8701
 1.801	8.8657
 1.802	8.8600
 1.803	8.8593
 1.804	8.8781
 1.805	8.8817
 1.806	8.8727
 1.807	8.8730
 1.808	8.8763
 1.809	8.8767
 1.810	8.8774
 1.811	8.8890
 1.812	8.8930
 1.813	8.8946
 1.814	8.8926
 1.815	8.8770
 1.816	8.8583
 1.817	8.8458
 1.818	8.8444
 1.819	8.8549
 1.820	8.8597
 1.821	8.8759
 1.822	8.8783
 1.823	8.8694
 1.824	8.8589
 1.825	8.8350
 1.826	8.8225
 1.827	8.8127
 1.828	8.8023
 1.829	8.8016
 1.830	8.7827
 1.831	8.8447
 1.832	8.8232
 1.833	8.7973
 1.834	8.7880
 1.835	8.7731
 1.836	8.7417
 1.837	8.7192
 1.838	8.6946
 1.839	8.6664
 1.840	8.6373
 1.841	8.5992
 1.842	8.5560
 1.843	8.5114
 1.844	8.4592
 1.845	8.4098
 1.846	8.3735
 1.847	8.3192
 1.848	8.2714
 1.849	8.2241
 1.850	8.1602
 1.851	8.0811
 1.852	8.0201
 1.853	7.9437
 1.854	7.8551
 1.855	7.7858
 1.856	7.7053
 1.857	7.6071
 1.858	7.5131
 1.859	7.4160
 1.860	7.3145
 1.861	7.2026
 1.862	7.0971
 1.863	6.9803
 1.864	6.8607
 1.865	6.7468
 1.866	6.6244
 1.867	6.5221
 1.868	6.4241
 1.869	6.3169
 1.870	6.2135
 1.871	6.1239
 1.872	6.0104
 1.873	5.8780
 1.874	5.7542
 1.875	5.6183
 1.876	5.4930
 1.877	5.3810
 1.878	5.2648
 1.879	5.1582
 1.880	5.0461
 1.881	4.9311
 1.882	4.8114
 1.883	4.7054
 1.884	4.5919
 1.885	4.4792
 1.886	4.3916
 1.887	4.3037
 1.888	4.2196
 1.889	4.1451
 1.890	4.0688
 1.891	3.9931
 1.892	3.9185
 1.893	3.8355
 1.894	3.7659
 1.895	3.7047
 1.896	3.6349
 1.897	3.5922
 1.898	3.5495
 1.899	3.5013
 1.900	3.4612
 1.901	3.4288
 1.902	3.3958
 1.903	3.3653
 1.904	3.3360
 1.905	3.3191
 1.906	3.2987
 1.907	3.2775
 1.908	3.2676
 1.909	3.2559
 1.910	3.2396
 1.911	3.2229
 1.912	3.2074
 1.913	3.1916
 1.914	3.1665
 1.915	3.1578
 1.916	3.1543
 1.917	3.1409
 1.918	3.1453
 1.919	3.1580
 1.920	3.1663
 1.921	3.1644
 1.922	3.1546
 1.923	3.1255
 1.924	3.1081
 1.925	3.0786
 1.926	3.0735
 1.927	3.0931
 1.928	3.1015
 1.929	3.1071
 1.930	3.1183
 1.931	3.1104
 1.932	3.0920
 1.933	3.0895
 1.934	3.0963
 1.935	3.0998
 1.936	3.1136
 1.937	3.1199
 1.938	3.1217
 1.939	3.1219
 1.940	3.1226
 1.941	3.1185
 1.942	3.1214
 1.943	3.1295
 1.944	3.1320
 1.945	3.1358
 1.946	3.1357
 1.947	3.1216
 1.948	3.1212
 1.949	3.1201
 1.950	3.1369
 1.951	3.1603
 1.952	3.1836
 1.953	3.1909
 1.954	3.1954
 1.955	3.2111
 1.956	3.2284
 1.957	3.2418
 1.958	3.2718
 1.959	3.2827
 1.960	3.2726
 1.961	3.2702
 1.962	3.2668
 1.963	3.2616
 1.964	3.2587
 1.965	3.2536
 1.966	3.2522
 1.967	3.2602
 1.968	3.2705
 1.969	3.2888
 1.970	3.3035
 1.971	3.3235
 1.972	3.3382
 1.973	3.3434
 1.974	3.3610
 1.975	3.3832
 1.976	3.4016
 1.977	3.4126
 1.978	3.4152
 1.979	3.4297
 1.980	3.4408
 1.981	3.4548
 1.982	3.4882
 1.983	3.5030
 1.984	3.5070
 1.985	3.5115
 1.986	3.5076
 1.987	3.5032
 1.988	3.5137
 1.989	3.5187
 1.990	3.5467
 1.991	3.5842
 1.992	3.6073
 1.993	3.6341
 1.994	3.6502
 1.995	3.6559
 1.996	3.6579
 1.997	3.6385
 1.998	3.6426
 1.999	3.6563
 2.000	3.6670
 2.001	3.6721
 2.002	3.7069
 2.003	3.7285
 2.004	3.7390
 2.005	3.7579
 2.006	3.7909
 2.007	3.8096
 2.008	3.8189
 2.009	3.8340
 2.010	3.8542
 2.011	3.8619
 2.012	3.8639
 2.013	3.8631
 2.014	3.8557
 2.015	3.8603
 2.016	3.8742
 2.017	3.8853
 2.018	3.9033
 2.019	3.9282
 2.020	3.9478
 2.021	3.9756
 2.022	3.9918
 2.023	3.9887
 2.024	4.0045
 2.025	4.0283
 2.026	4.0476
 2.027	4.0763
 2.028	4.1085
 2.029	4.1125
 2.030	4.1114
 2.031	4.1147
 2.032	4.1053
 2.033	4.1117
 2.034	4.1264
 2.035	4.1453
 2.036	4.1778
 2.037	4.1969
 2.038	4.2170
 2.039	4.2321
 2.040	4.2361
 2.041	4.2441
 2.042	4.2505
 2.043	4.2579
 2.044	4.2746
 2.045	4.3009
 2.046	4.3122
 2.047	4.3225
 2.048	4.3359
 2.049	4.3349
 2.050	4.3451
 2.051	4.3731
 2.052	4.3885
 2.053	4.3946
 2.054	4.4101
 2.055	4.4292
 2.056	4.4439
 2.057	4.4754
 2.058	4.4860
 2.059	4.5014
 2.060	4.5167
 2.061	4.5266
 2.062	4.5304
 2.063	4.5395
 2.064	4.5470
 2.065	4.5525
 2.066	4.5520
 2.067	4.5634
 2.068	4.5757
 2.069	4.5944
 2.070	4.6296
 2.071	4.6605
 2.072	4.6939
 2.073	4.7247
 2.074	4.7479
 2.075	4.7715
 2.076	4.7830
 2.077	4.7815
 2.078	4.7828
 2.079	4.7748
 2.080	4.7743
 2.081	4.7670
 2.082	4.7777
 2.083	4.8121
 2.084	4.8261
 2.085	4.8407
 2.086	4.8522
 2.087	4.8479
 2.088	4.8388
 2.089	4.8556
 2.090	4.8932
 2.091	4.9097
 2.092	4.9298
 2.093	4.9485
 2.094	4.9552
 2.095	4.9682
 2.096	4.9870
 2.097	5.0089
 2.098	5.0304
 2.099	5.0528
 2.100	5.0885
 2.101	5.1111
 2.102	5.1271
 2.103	5.1355
 2.104	5.1260
 2.105	5.1298
 2.106	5.1386
 2.107	5.1505
 2.108	5.1564
 2.109	5.1666
 2.110	5.1787
 2.111	5.1875
 2.112	5.1930
 2.113	5.2024
 2.114	5.2129
 2.115	5.2126
 2.116	5.2192
 2.117	5.2334
 2.118	5.2525
 2.119	5.2738
 2.120	5.2949
 2.121	5.3240
 2.122	5.3540
 2.123	5.3755
 2.124	5.3904
 2.125	5.4091
 2.126	5.4291
 2.127	5.4391
 2.128	5.4445
 2.129	5.4485
 2.130	5.4402
 2.131	5.4440
 2.132	5.4562
 2.133	5.4632
 2.134	5.4693
 2.135	5.4785
 2.136	5.4801
 2.137	5.4942
 2.138	5.5275
 2.139	5.5469
 2.140	5.5669
 2.141	5.5859
 2.142	5.5916
 2.143	5.5839
 2.144	5.5758
 2.145	5.5539
 2.146	5.5501
 2.147	5.5461
 2.148	5.5498
 2.149	5.5702
 2.150	5.5842
 2.151	5.5978
 2.152	5.6103
 2.153	5.6262
 2.154	5.6352
 2.155	5.6356
 2.156	5.6438
 2.157	5.6434
 2.158	5.6609
 2.159	5.7047
 2.160	5.7296
 2.161	5.7555
 2.162	5.7792
 2.163	5.8005
 2.164	5.8111
 2.165	5.8225
 2.166	5.8458
 2.167	5.8427
 2.168	5.8102
 2.169	5.8025
 2.170	5.7898
 2.171	5.7881
 2.172	5.8101
 2.173	5.8149
 2.174	5.8167
 2.175	5.8143
 2.176	5.8031
 2.177	5.7941
 2.178	5.7681
 2.179	5.7651
 2.180	5.7794
 2.181	5.7900
 2.182	5.8109
 2.183	5.8457
 2.184	5.8531
 2.185	5.8467
 2.186	5.8408
 2.187	5.8106
 2.188	5.8167
 2.189	5.8415
 2.190	5.8508
 2.191	5.8784
 2.192	5.8874
 2.193	5.8742
 2.194	5.8700
 2.195	5.8572
 2.196	5.8659
 2.197	5.8902
 2.198	5.9025
 2.199	5.9403
 2.200	5.9468
 2.201	5.9202
 2.202	5.9036
 2.203	5.8678
 2.204	5.8485
 2.205	5.8473
 2.206	5.8346
 2.207	5.8279
 2.208	5.8296
 2.209	5.8313
 2.210	5.8348
 2.211	5.8306
 2.212	5.8231
 2.213	5.8225
 2.214	5.8200
 2.215	5.8165
 2.216	5.8209
 2.217	5.8230
 2.218	5.8067
 2.219	5.8165
 2.220	5.8590
 2.221	5.8687
 2.222	5.8762
 2.223	5.8758
 2.224	5.8403
 2.225	5.8325
 2.226	5.8484
 2.227	5.8465
 2.228	5.8399
 2.229	5.8388
 2.230	5.8271
 2.231	5.8270
 2.232	5.8287
 2.233	5.8381
 2.234	5.8207
 2.235	5.7837
 2.236	5.7591
 2.237	5.7237
 2.238	5.6985
 2.239	5.6780
 2.240	5.6658
 2.241	5.6490
 2.242	5.6558
 2.243	5.6862
 2.244	5.7075
 2.245	5.7529
 2.246	5.7651
 2.247	5.7631
 2.248	5.7532
 2.249	5.7182
 2.250	5.6929
 2.251	5.6487
 2.252	5.6375
 2.253	5.6548
 2.254	5.6544
 2.255	5.6799
 2.256	5.6766
 2.257	5.6277
 2.258	5.6079
 2.259	5.6007
 2.260	5.5822
 2.261	5.5771
 2.262	5.5596
 2.263	5.5155
 2.264	5.4904
 2.265	5.4720
 2.266	5.4895
 2.267	5.4912
 2.268	5.5127
 2.269	5.5002
 2.270	5.4632
 2.271	5.4402
 2.272	5.4049
 2.273	5.3889
 2.274	5.3977
 2.275	5.3793
 2.276	5.3512
 2.277	5.3330
 2.278	5.2960
 2.279	5.2833
 2.280	5.2927
 2.281	5.2932
 2.282	5.3059
 2.283	5.3066
 2.284	5.3036
 2.285	5.2929
 2.286	5.2762
 2.287	5.2518
 2.288	5.2171
 2.289	5.1856
 2.290	5.1298
 2.291	5.1057
 2.292	5.1024
 2.293	5.0982
 2.294	5.1172
 2.295	5.1278
 2.296	5.1392
 2.297	5.1402
 2.298	5.1518
 2.299	5.1377
 2.300	5.0790
 2.301	5.0308
 2.302	4.9847
 2.303	4.9671
 2.304	5.0062
 2.305	5.0204
 2.306	4.9970
 2.307	4.9649
 2.308	4.8929
 2.309	4.8525
 2.310	4.8628
 2.311	4.8556
 2.312	4.8463
 2.313	4.8523
 2.314	4.8475
 2.315	4.8136
 2.316	4.8212
 2.317	4.8567
 2.318	4.8596
 2.319	4.8716
 2.320	4.8676
 2.321	4.8296
 2.322	4.8289
 2.323	4.8580
 2.324	4.8465
 2.325	4.8293
 2.326	4.8052
 2.327	4.7324
 2.328	4.7129
 2.329	4.7216
 2.330	4.7257
 2.331	4.7601
 2.332	4.7694
 2.333	4.7822
 2.334	4.7716
 2.335	4.7226
 2.336	4.7012
 2.337	4.6791
 2.338	4.6569
 2.339	4.6545
 2.340	4.6480
 2.341	4.6268
 2.342	4.6114
 2.343	4.6040
 2.344	4.5937
 2.345	4.5744
 2.346	4.5780
 2.347	4.6075
 2.348	4.6178
 2.349	4.6379
 2.350	4.6327
 2.351	4.5919
 2.352	4.5723
 2.353	4.5594
 2.354	4.5360
 2.355	4.5032
 2.356	4.5013
 2.357	4.4548
 2.358	4.4028
 2.359	4.4142
 2.360	4.4024
 2.361	4.4306
 2.362	4.4751
 2.363	4.4592
 2.364	4.4359
 2.365	4.3912
 2.366	4.3379
 2.367	4.2998
 2.368	4.2465
 2.369	4.2140
 2.370	4.1870
 2.371	4.1841
 2.372	4.2170
 2.373	4.2008
 2.374	4.1707
 2.375	4.1444
 2.376	4.1056
 2.377	4.1199
 2.378	4.1790
 2.379	4.2254
 2.380	4.2552
 2.381	4.2548
 2.382	4.2542
 2.383	4.2387
 2.384	4.1801
 2.385	4.1454
 2.386	4.1330
 2.387	4.1305
 2.388	4.1709
 2.389	4.2157
 2.390	4.2147
 2.391	4.1800
 2.392	4.1415
 2.393	4.1214
 2.394	4.1102
 2.395	4.0862
 2.396	4.1043
 2.397	4.1279
 2.398	4.1560
 2.399	4.2738
 2.400	4.3072
 2.401	4.2739
 2.402	4.2338
 2.403	4.1198
 2.404	4.0837
 2.405	4.0841
 2.406	4.0612
 2.407	4.0286
 2.408	3.9745
 2.409	3.9120
 2.410	3.8475
 2.411	3.8403
 2.412	3.8510
 2.413	3.8841
 2.414	3.9061
 2.415	3.9364
 2.416	3.9978
 2.417	3.9847
 2.418	3.9702
 2.419	3.9581
 2.420	3.9227
 2.421	3.9367
 2.422	4.0220
 2.423	4.0824
 2.424	4.0404
 2.425	4.0309
 2.426	3.9658
 2.427	3.8385
 2.428	3.8232
 2.429	3.7601
 2.430	3.7002
 2.431	3.7250
 2.432	3.7287
 2.433	3.7776
 2.434	3.8730
 2.435	3.9567
 2.436	3.9270
 2.437	3.8541
 2.438	3.7741
 2.439	3.5534
 2.440	3.5792
 2.441	3.6696
 2.442	3.6629
 2.443	3.8622
 2.444	3.8301
 2.445	3.7567
 2.446	3.7338
 2.447	3.5550
 2.448	3.4690
 2.449	3.3487
 2.450	3.2501
 2.451	3.3653
 2.452	3.5148
 2.453	3.6649
 2.454	3.8034
 2.455	3.7497
 2.456	3.7042
 2.457	3.7245
 2.458	3.7792
 2.459	3.8615
 2.460	3.8516
 2.461	3.7605
 2.462	3.6262
 2.463	3.5218
 2.464	3.5116
 2.465	3.5363
 2.466	3.5579
 2.467	3.6397
 2.468	3.6216
 2.469	3.5225
 2.470	3.4845
 2.471	3.2995
 2.472	3.3088
 2.473	3.6560
 2.474	3.6491
 2.475	3.5107
 2.476	3.4793
 2.477	3.1739
 2.478	3.0715
 2.479	3.1470
 2.480	3.1755
 2.481	3.2926
 2.482	3.4295
 2.483	3.6641
 2.484	3.8780
 2.485	3.8691
 2.486	3.7957
 2.487	3.7637
 2.488	3.6891
 2.489	3.6167
 2.490	3.6157
 2.491	3.8026
 2.492	3.9977
 2.493	4.0232
 2.494	4.1282
 2.495	4.1357
 2.496	4.1425
 2.497	4.2487
 2.498	4.2782
 2.499	4.2201
 2.500	3.8068
 2.500	7.3017
 2.501	7.3247
 2.503	7.2217
 2.504	7.1596
 2.505	7.1510
 2.506	7.1871
 2.507	7.1564
 2.509	7.1818
 2.510	7.1639
 2.511	7.1261
 2.512	7.0874
 2.514	7.1432
 2.515	7.0923
 2.516	7.0832
 2.517	7.0457
 2.518	7.1424
 2.520	7.1768
 2.521	7.1706
 2.522	7.1470
 2.523	7.1724
 2.525	7.0838
 2.526	7.0171
 2.527	7.0426
 2.528	7.0933
 2.530	7.0988
 2.531	7.0977
 2.532	7.0586
 2.533	7.0437
 2.534	7.0579
 2.536	7.1833
 2.537	7.2023
 2.538	7.1543
 2.539	7.1356
 2.541	7.1090
 2.542	7.1008
 2.543	7.1433
 2.544	7.0566
 2.546	7.0237
 2.547	7.0109
 2.548	7.0291
 2.549	7.0329
 2.551	7.0956
 2.552	7.0926
 2.553	7.0719
 2.554	7.0529
 2.556	7.0606
 2.557	7.0872
 2.558	7.1340
 2.559	7.0799
 2.561	7.0297
 2.562	7.0192
 2.563	7.0629
 2.565	7.0370
 2.566	7.0246
 2.567	7.0296
 2.568	7.0394
 2.570	6.9676
 2.571	6.9703
 2.572	6.9915
 2.573	7.0187
 2.575	7.0441
 2.576	7.0739
 2.577	6.9929
 2.579	7.0061
 2.580	7.0447
 2.581	7.0580
 2.582	7.0169
 2.584	7.0600
 2.585	7.0432
 2.586	7.0342
 2.588	7.0323
 2.589	7.0403
 2.590	7.0848
 2.591	7.1063
 2.593	7.0201
 2.594	6.9691
 2.595	6.9432
 2.597	6.9517
 2.598	6.9593
 2.599	7.0258
 2.601	7.0256
 2.602	6.9751
 2.603	6.8955
 2.604	6.9144
 2.606	6.9290
 2.607	6.9468
 2.608	6.8866
 2.610	6.9414
 2.611	6.9283
 2.612	6.9103
 2.614	6.9293
 2.615	6.9981
 2.616	6.9329
 2.618	6.8824
 2.619	6.8430
 2.620	6.8472
 2.622	6.8405
 2.623	6.8837
 2.624	6.8559
 2.626	6.8232
 2.627	6.8167
 2.628	6.8489
 2.630	6.8641
 2.631	6.8736
 2.632	6.8401
 2.634	6.8600
 2.635	6.8274
 2.636	6.8400
 2.638	6.7726
 2.639	6.7418
 2.640	6.7353
 2.642	6.7499
 2.643	6.7332
 2.644	6.7669
 2.646	6.7102
 2.647	6.6383
 2.648	6.6285
 2.650	6.6963
 2.651	6.6285
 2.652	6.6207
 2.654	6.6514
 2.655	6.6532
 2.657	6.5908
 2.658	6.5927
 2.659	6.6012
 2.661	6.6482
 2.662	6.6366
 2.663	6.6442
 2.665	6.5726
 2.666	6.5184
 2.667	6.5037
 2.669	6.4858
 2.670	6.4557
 2.672	6.5110
 2.673	6.5026
 2.674	6.5451
 2.676	6.5106
 2.677	6.4813
 2.678	6.4373
 2.680	6.4935
 2.681	6.4876
 2.683	6.4579
 2.684	6.4718
 2.685	6.5156
 2.687	6.4776
 2.688	6.4389
 2.690	6.3981
 2.691	6.4146
 2.692	6.3963
 2.694	6.3820
 2.695	6.3685
 2.697	6.4155
 2.698	6.3647
 2.699	6.3912
 2.701	6.4095
 2.702	6.3962
 2.704	6.3866
 2.705	6.3677
 2.706	6.2968
 2.708	6.3333
 2.709	6.3206
 2.711	6.3221
 2.712	6.3668
 2.713	6.4031
 2.715	6.3209
 2.716	6.2830
 2.718	6.2652
 2.719	6.3135
 2.721	6.3100
 2.722	6.2864
 2.723	6.2836
 2.725	6.3361
 2.726	6.3202
 2.728	6.3502
 2.729	6.3728
 2.731	6.4135
 2.732	6.3797
 2.734	6.3511
 2.735	6.3450
 2.736	6.3721
 2.738	6.3115
 2.739	6.3598
 2.741	6.3027
 2.742	6.2790
 2.744	6.2824
 2.745	6.3066
 2.747	6.2995
 2.748	6.3139
 2.749	6.3302
 2.751	6.3462
 2.752	6.3272
 2.754	6.3257
 2.755	6.2720
 2.757	6.3522
 2.758	6.3638
 2.760	6.3486
 2.761	6.3425
 2.763	6.3614
 2.764	6.3395
 2.766	6.3608
 2.767	6.3468
 2.769	6.3971
 2.770	6.4384
 2.772	6.4639
 2.773	6.3978
 2.774	6.3924
 2.776	6.3680
 2.777	6.4138
 2.779	6.4470
 2.780	6.4541
 2.782	6.3868
 2.783	6.2984
 2.785	6.3005
 2.786	6.3759
 2.788	6.3621
 2.789	6.3778
 2.791	6.3443
 2.792	6.3410
 2.794	6.3967
 2.795	6.4575
 2.797	6.3592
 2.798	6.2961
 2.800	6.3247
 2.801	6.4800
 2.803	6.4881
 2.804	6.3786
 2.806	6.2798
 2.808	6.3042
 2.809	6.3668
 2.811	6.4326
 2.812	6.4512
 2.814	6.4556
 2.815	6.4111
 2.817	6.4167
 2.818	6.4119
 2.820	6.4261
 2.821	6.3826
 2.823	6.3952
 2.824	6.4068
 2.826	6.4547
 2.827	6.4612
 2.829	6.4423
 2.831	6.3368
 2.832	6.3659
 2.834	6.4006
 2.835	6.3851
 2.837	6.3200
 2.838	6.4264
 2.840	6.4676
 2.841	6.4046
 2.843	6.2822
 2.844	6.2415
 2.846	6.3058
 2.848	6.3459
 2.849	6.3445
 2.851	6.4129
 2.852	6.3576
 2.854	6.4516
 2.855	6.5048
 2.857	6.4757
 2.859	6.4356
 2.860	6.4413
 2.862	6.3850
 2.863	6.3962
 2.865	6.4248
 2.866	6.3830
 2.868	6.3691
 2.870	6.3833
 2.871	6.3641
 2.873	6.4529
 2.874	6.4187
 2.876	6.4330
 2.878	6.4492
 2.879	6.4481
 2.881	6.4793
 2.882	6.5492
 2.884	6.4777
 2.886	6.4867
 2.887	6.4363
 2.889	6.4441
 2.890	6.4149
 2.892	6.4457
 2.894	6.4540
 2.895	6.4352
 2.897	6.4008
 2.899	6.4742
 2.900	6.4850
 2.902	6.4784
 2.903	6.4253
 2.905	6.4789
 2.907	6.5180
 2.908	6.5345
 2.910	6.4730
 2.912	6.4567
 2.913	6.4134
 2.915	6.4318
 2.916	6.4369
 2.918	6.4360
 2.920	6.4767
 2.921	6.5756
 2.923	6.5320
 2.925	6.4591
 2.926	6.4400
 2.928	6.5172
 2.930	6.4688
 2.931	6.4313
 2.933	6.3981
 2.935	6.4857
 2.936	6.5134
 2.938	6.4932
 2.940	6.4673
 2.941	6.4224
 2.943	6.4132
 2.945	6.4907
 2.946	6.4266
 2.948	6.4672
 2.950	6.5081
 2.951	6.5136
 2.953	6.5132
 2.955	6.5563
 2.956	6.5185
 2.958	6.4643
 2.960	6.3975
 2.961	6.5162
 2.963	6.5501
 2.965	6.5365
 2.967	6.4286
 2.968	6.4586
 2.970	6.5495
 2.972	6.5406
 2.973	6.4911
 2.975	6.5321
 2.977	6.5008
 2.978	6.4862
 2.980	6.4519
 2.982	6.4797
 2.984	6.4233
 2.985	6.4551
 2.987	6.4673
 2.989	6.4768
 2.990	6.4164
 2.992	6.4169
 2.994	6.4361
 2.996	6.5029
 2.997	6.5293
 2.999	6.5031
 3.001	6.4776
 3.003	6.4909
 3.004	6.4473
 3.006	6.4890
 3.008	6.4700
 3.010	6.4629
 3.011	6.4459
 3.013	6.4380
 3.015	6.4145
 3.017	6.4678
 3.018	6.4689
 3.020	6.4426
 3.022	6.3888
 3.024	6.4154
 3.025	6.4565
 3.027	6.5091
 3.029	6.4496
 3.031	6.4157
 3.032	6.3857
 3.034	6.4106
 3.036	6.4521
 3.038	6.4843
 3.040	6.4628
 3.041	6.4971
 3.043	6.4521
 3.045	6.4814
 3.047	6.4818
 3.048	6.4677
 3.050	6.4191
 3.052	6.4207
 3.054	6.4086
 3.056	6.4249
 3.057	6.4317
 3.059	6.4193
 3.061	6.3942
 3.063	6.3997
 3.065	6.3478
 3.067	6.3899
 3.068	6.4341
 3.070	6.4244
 3.072	6.3950
 3.074	6.4366
 3.076	6.4051
 3.077	6.4079
 3.079	6.4178
 3.081	6.4714
 3.083	6.4522
 3.085	6.3626
 3.087	6.3216
 3.088	6.3698
 3.090	6.3767
 3.092	6.4155
 3.094	6.4086
 3.096	6.3962
 3.098	6.4098
 3.100	6.4136
 3.101	6.3547
 3.103	6.3458
 3.105	6.3287
 3.107	6.3762
 3.109	6.3718
 3.111	6.4135
 3.113	6.3899
 3.114	6.4324
 3.116	6.4016
 3.118	6.3294
 3.120	6.2914
 3.122	6.3517
 3.124	6.3539
 3.126	6.3632
 3.128	6.3219
 3.129	6.3418
 3.131	6.3247
 3.133	6.2664
 3.135	6.2221
 3.137	6.2413
 3.139	6.2552
 3.141	6.3037
 3.143	6.3243
 3.145	6.3081
 3.147	6.2866
 3.148	6.2944
 3.150	6.2177
 3.152	6.2263
 3.154	6.2525
 3.156	6.2925
 3.158	6.3248
 3.160	6.3590
 3.162	6.3277
 3.164	6.3054
 3.166	6.2708
 3.168	6.3062
 3.170	6.2741
 3.172	6.3156
 3.173	6.3061
 3.175	6.2506
 3.177	6.2079
 3.179	6.2466
 3.181	6.2640
 3.183	6.2493
 3.185	6.2031
 3.187	6.2483
 3.189	6.2598
 3.191	6.2402
 3.193	6.2053
 3.195	6.2221
 3.197	6.1929
 3.199	6.1972
 3.201	6.1832
 3.203	6.2200
 3.205	6.2212
 3.207	6.2096
 3.209	6.2201
 3.211	6.2365
 3.213	6.1690
 3.215	6.1745
 3.217	6.1973
 3.219	6.2265
 3.221	6.2055
 3.223	6.1652
 3.225	6.0948
 3.227	6.1618
 3.229	6.2151
 3.231	6.2016
 3.233	6.0965
 3.235	6.0954
 3.237	6.1524
 3.239	6.2165
 3.241	6.2242
 3.243	6.1781
 3.245	6.1313
 3.247	6.1580
 3.249	6.1803
 3.251	6.1994
 3.253	6.1422
 3.255	6.1375
 3.257	6.1346
 3.259	6.1297
 3.261	6.0877
 3.263	6.1062
 3.265	6.0866
 3.267	6.1041
 3.270	6.0846
 3.272	6.0974
 3.274	6.1101
 3.276	6.1742
 3.278	6.1697
 3.280	6.1423
 3.282	6.1151
 3.284	6.1310
 3.286	6.0959
 3.288	6.0844
 3.290	6.0450
 3.292	6.0100
 3.294	5.9978
 3.297	6.0149
 3.299	5.9826
 3.301	5.9808
 3.303	5.9989
 3.305	6.0275
 3.307	6.0555
 3.309	6.0929
 3.311	6.0463
 3.313	6.0242
 3.316	6.0083
 3.318	5.9792
 3.320	5.9000
 3.322	5.9216
 3.324	5.9301
 3.326	5.9231
 3.328	5.8999
 3.330	5.9084
 3.333	5.8781
 3.335	5.8654
 3.337	5.8607
 3.339	5.8262
 3.341	5.7654
 3.343	5.7918
 3.345	5.8295
 3.348	5.8519
 3.350	5.8177
 3.352	5.7579
 3.354	5.7677
 3.356	5.7971
 3.358	5.7198
 3.361	5.6695
 3.363	5.6859
 3.365	5.7197
 3.367	5.6812
 3.369	5.6109
 3.372	5.5594
 3.374	5.5842
 3.376	5.5894
 3.378	5.5896
 3.380	5.5318
 3.383	5.5470
 3.385	5.5669
 3.387	5.5432
 3.389	5.5052
 3.391	5.5150
 3.394	5.4735
 3.396	5.4713
 3.398	5.3954
 3.400	5.3123
 3.403	5.2256
 3.405	5.2327
 3.407	5.2594
 3.409	5.2727
 3.411	5.2852
 3.414	5.4019
 3.416	5.5865
 3.418	5.9198
 3.420	6.4162
 3.423	7.1158
 3.425	7.9110
 3.427	8.7038
 3.430	9.2019
 3.432	9.1320
 3.434	8.6709
 3.436	8.2396
 3.439	7.8147
 3.441	7.5652
 3.443	7.4068
 3.445	7.2945
 3.448	7.1976
 3.450	7.1382
 3.452	7.0483
 3.455	7.0267
 3.457	7.0169
 3.459	7.0250
 3.462	6.9651
 3.464	6.9319
 3.466	6.9010
 3.469	6.8436
 3.471	6.7652
 3.473	6.7359
 3.476	6.6691
 3.478	6.6226
 3.480	6.5586
 3.483	6.5038
 3.485	6.4042
 3.487	6.3148
 3.490	6.2300
 3.492	6.1662
 3.494	6.0661
 3.497	5.9475
 3.499	5.8218
 3.501	5.8354
 3.504	5.9449
 3.506	6.4447
 3.508	7.5159
 3.511	8.6027
 3.513	8.8948
 3.516	8.6233
 3.518	8.2315
 3.520	7.9581
 3.523	7.7459
 3.525	7.6360
 3.528	7.5376
 3.530	7.4686
 3.532	7.3528
 3.535	7.2536
 3.537	7.2155
 3.540	7.1794
 3.542	7.1652
 3.544	7.1238
 3.547	7.0450
 3.549	7.0406
 3.552	7.0155
 3.554	6.9986
 3.557	7.0022
 3.559	6.9971
 3.561	6.9455
 3.564	6.9499
 3.566	6.9632
 3.569	6.9726
 3.571	6.9408
 3.574	6.9157
 3.576	6.8850
 3.579	6.8820
 3.581	6.8711
 3.584	6.8648
 3.586	6.8647
 3.589	6.8468
 3.591	6.8258
 3.594	6.8366
 3.596	6.8220
 3.599	6.8666
 3.601	6.9195
 3.604	6.8977
 3.606	6.8324
 3.609	6.8276
 3.611	6.7897
 3.614	6.7820
 3.616	6.8211
 3.619	6.8277
 3.621	6.8037
 3.624	6.7900
 3.626	6.7380
 3.629	6.7280
 3.631	6.7541
 3.634	6.7725
 3.636	6.7554
 3.639	6.7822
 3.641	6.8035
 3.644	6.8017
 3.647	6.7406
 3.649	6.7545
 3.652	6.7614
 3.654	6.7816
 3.657	6.7825
 3.659	6.7755
 3.662	6.7544
 3.665	6.7757
 3.667	6.7714
 3.670	6.7821
 3.672	6.7634
 3.675	6.7773
 3.678	6.7754
 3.680	6.7729
 3.683	6.8208
 3.685	6.8330
 3.688	6.7841
 3.691	6.7842
 3.693	6.7814
 3.696	6.8000
 3.699	6.7954
 3.701	6.7609
 3.704	6.7495
 3.707	6.7897
 3.709	6.7943
 3.712	6.8091
 3.715	6.8225
 3.717	6.8144
 3.720	6.8050
 3.723	6.8168
 3.725	6.8035
 3.728	6.8198
 3.731	6.8149
 3.733	6.8221
 3.736	6.7946
 3.739	6.8240
 3.741	6.8235
 3.744	6.8031
 3.747	6.7644
 3.749	6.7651
 3.752	6.7884
 3.755	6.8370
 3.758	6.8304
 3.760	6.8247
 3.763	6.7905
 3.766	6.8018
 3.769	6.8035
 3.771	6.8136
 3.774	6.8044
 3.777	6.8607
 3.779	6.8601
 3.782	6.8205
 3.785	6.7953
 3.788	6.8178
 3.791	6.8271
 3.793	6.8286
 3.796	6.8274
 3.799	6.8689
 3.802	6.8336
 3.804	6.7883
 3.807	6.7910
 3.810	6.7832
 3.813	6.7721
 3.816	6.7814
 3.818	6.8007
 3.821	6.8074
 3.824	6.8206
 3.827	6.8648
 3.830	6.8486
 3.833	6.8175
 3.835	6.7987
 3.838	6.8343
 3.841	6.8556
 3.844	6.8284
 3.847	6.8068
 3.850	6.8082
 3.852	6.8086
 3.855	6.8296
 3.858	6.8072
 3.861	6.7983
 3.864	6.8122
 3.867	6.8326
 3.870	6.8283
 3.873	6.8131
 3.876	6.8011
 3.878	6.8082
 3.881	6.8105
 3.884	6.8415
 3.887	6.8170
 3.890	6.8179
 3.893	6.8300
 3.896	6.8327
 3.899	6.8288
 3.902	6.8100
 3.905	6.7941
 3.908	6.8249
 3.911	6.8213
 3.914	6.8054
 3.917	6.7783
 3.919	6.7716
 3.922	6.7604
 3.925	6.7719
 3.928	6.7830
 3.931	6.7913
 3.934	6.8063
 3.937	6.7998
 3.940	6.7869
 3.943	6.8348
 3.946	6.8167
 3.949	6.7972
 3.952	6.7647
 3.955	6.7219
 3.958	6.7158
 3.961	6.7508
 3.964	6.7932
 3.967	6.7907
 3.970	6.7840
 3.974	6.7785
 3.977	6.7524
 3.980	6.7318
 3.983	6.6886
 3.986	6.6633
 3.989	6.6692
 3.992	6.6966
 3.995	6.7244
 3.998	6.7117
 4.001	6.6881
 4.004	6.6899
 4.007	6.6939
 4.010	6.7106
 4.014	6.7126
 4.017	6.7074
 4.020	6.6939
 4.023	6.7083
 4.026	6.7468
 4.029	6.7326
 4.032	6.6673
 4.035	6.6771
 4.039	6.6759
 4.042	6.6544
 4.045	6.6456
 4.048	6.6348
 4.051	6.6233
 4.054	6.6276
 4.057	6.6388
 4.061	6.6508
 4.064	6.6483
 4.067	6.6679
 4.070	6.6687
 4.073	6.6799
 4.077	6.6802
 4.080	6.6736
 4.083	6.6528
 4.086	6.6194
 4.089	6.6248
 4.093	6.6504
 4.096	6.6494
 4.099	6.6492
 4.102	6.6274
 4.106	6.6309
 4.109	6.6198
 4.112	6.6085
 4.115	6.5644
 4.119	6.5549
 4.122	6.6000
 4.125	6.6254
 4.129	6.5976
 4.132	6.5951
 4.135	6.6110
 4.138	6.6000
 4.142	6.5745
 4.145	6.5867
 4.148	6.5842
 4.152	6.5781
 4.155	6.5930
 4.158	6.5951
 4.162	6.5911
 4.165	6.5967
 4.168	6.5550
 4.172	6.5282
 4.175	6.5483
 4.178	6.5611
 4.182	6.5431
 4.185	6.5507
 4.189	6.5465
 4.192	6.5357
 4.195	6.5244
 4.199	6.5592
 4.202	6.6326
 4.206	6.6233
 4.209	6.5936
 4.212	6.5539
 4.216	6.5089
 4.219	6.6005
 4.223	6.7030
 4.226	6.7114
 4.230	6.6324
 4.233	6.6419
 4.236	6.5906
 4.240	6.5814
 4.243	6.6436
 4.247	6.6694
 4.250	6.6683
 4.254	6.6076
 4.257	6.5536
 4.261	6.6274
 4.264	6.6607
 4.268	6.5693
 4.271	6.5050
 4.275	6.5957
 4.278	6.6987
 4.282	6.6248
 4.285	6.5156
 4.289	6.4855
 4.293	6.5164
 4.296	6.5432
 4.300	6.5321
 4.303	6.5539
 4.307	6.5374
 4.310	6.5224
 4.314	6.4755
 4.318	6.4395
 4.321	6.4277
 4.325	6.4622
 4.328	6.4733
 4.332	6.4275
 4.336	6.4390
 4.339	6.4547
 4.343	6.4452
 4.347	6.4440
 4.350	6.4206
 4.354	6.3754
 4.358	6.3600
 4.361	6.3577
 4.365	6.3853
 4.369	6.3802
 4.372	6.3524
 4.376	6.3499
 4.380	6.3453
 4.383	6.3597
 4.387	6.3603
 4.391	6.3421
 4.394	6.3426
 4.398	6.3323
 4.402	6.3186
 4.406	6.3155
 4.409	6.3321
 4.413	6.3505
 4.417	6.3433
 4.421	6.3136
 4.424	6.2926
 4.428	6.2864
 4.432	6.3178
 4.436	6.3388
 4.440	6.3137
 4.443	6.3271
 4.447	6.3519
 4.451	6.3217
 4.455	6.2942
 4.459	6.3086
 4.463	6.3167
 4.466	6.3218
 4.470	6.2848
 4.474	6.2781
 4.478	6.2952
 4.482	6.3052
 4.486	6.2929
 4.490	6.3180
 4.493	6.3357
 4.497	6.3132
 4.501	6.2899
 4.505	6.2928
 4.509	6.2855
 4.513	6.2555
 4.517	6.2486
 4.521	6.2816
 4.525	6.2848
 4.529	6.2619
 4.533	6.2670
 4.537	6.2523
 4.541	6.2291
 4.545	6.2365
 4.549	6.2517
 4.553	6.2407
 4.557	6.2381
 4.561	6.2073
 4.565	6.2211
 4.569	6.2282
 4.573	6.2185
 4.577	6.2182
 4.581	6.2221
 4.585	6.2099
 4.589	6.2327
 4.593	6.2359
 4.597	6.2102
 4.601	6.2366
 4.605	6.2599
 4.609	6.2390
 4.613	6.2191
 4.617	6.2096
 4.622	6.1997
 4.626	6.2055
 4.630	6.2037
 4.634	6.1878
 4.638	6.2035
 4.642	6.2220
 4.646	6.2185
 4.651	6.2024
 4.655	6.2217
 4.659	6.2399
 4.663	6.2143
 4.667	6.1827
 4.672	6.2086
 4.676	6.2350
 4.680	6.2412
 4.684	6.2325
 4.688	6.2494
 4.693	6.2597
 4.697	6.2490
 4.701	6.2308
 4.705	6.2234
 4.710	6.1803
 4.714	6.1791
 4.718	6.2056
 4.723	6.2124
 4.727	6.2037
 4.731	6.2141
 4.736	6.1601
 4.740	6.1420
 4.744	6.1626
 4.749	6.1624
 4.753	6.1971
 4.757	6.2151
 4.762	6.1933
 4.766	6.2036
 4.770	6.1946
 4.775	6.1830
 4.779	6.1881
 4.784	6.1698
 4.788	6.1407
 4.792	6.1833
 4.797	6.2241
 4.801	6.2432
 4.806	6.2110
 4.810	6.2128
 4.815	6.2164
 4.819	6.2250
 4.824	6.2339
 4.828	6.2310
 4.833	6.2384
 4.837	6.2342
 4.842	6.1928
 4.846	6.2110
 4.851	6.2343
 4.855	6.2234
 4.860	6.1856
 4.864	6.2095
 4.869	6.2020
 4.874	6.1787
 4.878	6.1875
 4.883	6.2043
 4.887	6.1919
 4.892	6.2126
 4.897	6.2041
 4.901	6.1940
 4.906	6.2083
 4.910	6.2473
 4.915	6.2455
 4.920	6.2409
 4.924	6.2189
 4.929	6.2035
 4.934	6.2029
 4.939	6.2270
 4.943	6.2303
 4.948	6.2319
 4.953	6.2245
 4.957	6.2460
 4.962	6.2370
 4.967	6.2429
 4.972	6.2431
 4.976	6.2422
 4.981	6.2431
 4.986	6.2797
 4.991	6.2737
 4.996	6.2732
 5.000	6.2254
 5.005	6.2227
 5.010	6.2463
 5.015	6.2983
 5.020	6.2661
 5.025	6.2265
 5.030	6.2296
 5.034	6.2837
 5.039	6.2730
 5.044	6.2520
 5.049	6.2345
 5.054	6.2538
 5.059	6.2892
 5.064	6.3178
 5.069	6.3009
 5.074	6.2816
 5.079	6.2456
 5.084	6.2636
 5.089	6.2777
 5.094	6.2986
 5.099	6.2649
 5.104	6.2594
 5.109	6.2457
 5.114	6.2507
 5.119	6.2572
 5.124	6.2903
 5.129	6.2634
 5.134	6.2513
 5.139	6.2469
 5.144	6.2692
 5.149	6.2609
 5.155	6.2758
 5.160	6.2888
 5.165	6.3082
 5.170	6.2968
 5.175	6.3386
 5.180	6.3205
 5.185	6.3251
 5.191	6.3003
 5.196	6.3077
 5.201	6.2895
 5.206	6.2874
 5.211	6.2926
 5.217	6.2962
 5.222	6.2440
 5.227	6.2484
 5.233	6.2664
 5.238	6.2863
 5.243	6.2513
 5.248	6.2673
 5.254	6.2729
 5.259	6.3040
 5.264	6.3067
 5.270	6.2998
 5.275	6.3046
 5.280	6.3457
 5.286	6.3227
 5.291	6.2646
 5.297	6.2450
 5.302	6.3092
 5.308	6.3127
 5.313	6.3167
 5.318	6.3141
 5.324	6.3190
 5.329	6.2817
 5.335	6.2760
 5.340	6.2658
 5.346	6.2656
 5.351	6.2784
 5.357	6.3028
 5.362	6.2485
 5.368	6.2079
 5.374	6.2156
 5.379	6.2786
 5.385	6.2702
 5.390	6.2468
 5.396	6.2513
 5.401	6.2573
 5.407	6.2348
 5.413	6.2443
 5.418	6.2318
 5.424	6.2474
 5.430	6.2708
 5.435	6.2801
 5.441	6.2280
 5.447	6.2423
 5.453	6.2228
 5.458	6.1987
 5.464	6.2011
 5.470	6.2044
 5.476	6.1584
 5.481	6.1913
 5.487	6.1849
 5.493	6.1389
 5.499	6.1310
 5.505	6.1639
 5.511	6.1560
 5.516	6.1718
 5.522	6.1689
 5.528	6.1411
 5.534	6.1170
 5.540	6.1673
 5.546	6.1918
 5.552	6.1839
 5.558	6.1186
 5.564	6.1371
 5.570	6.1118
 5.576	6.0608
 5.582	6.0633
 5.588	6.1150
 5.594	6.0991
 5.600	6.0884
 5.606	6.0700
 5.612	6.0721
 5.618	6.0483
 5.624	6.0569
 5.630	6.0298
 5.636	6.0386
 5.642	6.0513
 5.649	6.0465
 5.655	6.0042
 5.661	5.9837
 5.667	5.9449
 5.673	5.9328
 5.680	5.9075
 5.686	5.9063
 5.692	5.8584
 5.698	5.8402
 5.705	5.8219
 5.711	5.8101
 5.717	5.7363
 5.723	5.6602
 5.730	5.5605
 5.736	5.5059
 5.742	5.4473
 5.749	5.5339
 5.755	5.6913
 5.762	5.8766
 5.768	5.9664
 5.774	6.0437
 5.781	6.0694
 5.787	6.1189
 5.794	6.1150
 5.800	6.1234
 5.807	6.1413
 5.813	6.1959
 5.820	6.1647
 5.826	6.1759
 5.833	6.2162
 5.839	6.3155
 5.846	6.3354
 5.853	6.3428
 5.859	6.3582
 5.866	6.4199
 5.873	6.4399
 5.879	6.4720
 5.886	6.4423
 5.893	6.4797
 5.899	6.5142
 5.906	6.5651
 5.913	6.5472
 5.919	6.5497
 5.926	6.5264
 5.933	6.5262
 5.940	6.4872
 5.947	6.5697
 5.953	6.5829
 5.960	6.5855
 5.967	6.5550
 5.974	6.5683
 5.981	6.5582
 5.988	6.5875
 5.995	6.5592
 6.002	6.5810
 6.009	6.5829
 6.016	6.6189
 6.023	6.6151
 6.030	6.6572
 6.037	6.6325
 6.044	6.6263
 6.051	6.6024
 6.058	6.6725
 6.065	6.6475
 6.072	6.6706
 6.079	6.6375
 6.086	6.6802
 6.093	6.6569
 6.101	6.7008
 6.108	6.6806
 6.115	6.6733
 6.122	6.6188
 6.129	6.6395
 6.137	6.6227
 6.144	6.6620
 6.151	6.6492
 6.158	6.7039
 6.166	6.6828
 6.173	6.6855
 6.180	6.6565
 6.188	6.6816
 6.195	6.6828
 6.203	6.7189
 6.210	6.6904
 6.218	6.6953
 6.225	6.6660
 6.232	6.6987
 6.240	6.6491
 6.248	6.6420
 6.255	6.6470
 6.263	6.6573
 6.270	6.6506
 6.278	6.6977
 6.285	6.6780
 6.293	6.6570
 6.301	6.6256
 6.308	6.6762
 6.316	6.6234
 6.324	6.6295
 6.331	6.6067
 6.339	6.6202
 6.347	6.5942
 6.355	6.6307
 6.362	6.5846
 6.370	6.5914
 6.378	6.5497
 6.386	6.6201
 6.394	6.5944
 6.402	6.5226
 6.410	6.4465
 6.418	6.4493
 6.426	6.4663
 6.434	6.5108
 6.442	6.5129
 6.450	6.5741
 6.458	6.5113
 6.466	6.4844
 6.474	6.4468
 6.482	6.4874
 6.490	6.4059
 6.498	6.3903
 6.506	6.3455
 6.514	6.3440
 6.523	6.3422
 6.531	6.4074
 6.539	6.3768
 6.547	6.3803
 6.556	6.3093
 6.564	6.2945
 6.572	6.2397
 6.580	6.2539
 6.589	6.2507
 6.597	6.2817
 6.606	6.2479
 6.614	6.2725
 6.623	6.2618
 6.631	6.3085
 6.639	6.2717
 6.648	6.3224
 6.657	6.3171
 6.665	6.3185
 6.674	6.2562
 6.682	6.2732
 6.691	6.2714
 6.700	6.2871
 6.708	6.2113
 6.717	6.2059
 6.726	6.1921
 6.734	6.2205
 6.743	6.1298
 6.752	6.0885
 6.761	5.9808
 6.769	5.9597
 6.778	6.0620
 6.787	6.4751
 6.796	6.6864
 6.805	6.5484
 6.814	6.3219
 6.823	6.3353
 6.832	6.6238
 6.841	6.9938
 6.850	6.9331
 6.859	6.8211
 6.868	6.7223
 6.877	6.6529
 6.886	6.6222
 6.896	6.6731
 6.905	6.5971
 6.914	6.6230
 6.923	6.6275
 6.932	6.6416
 6.942	6.6332
 6.951	6.7078
 6.960	6.6246
 6.970	6.6058
 6.979	6.6093
 6.988	6.6541
 6.998	6.5777
 7.007	6.5943
 7.017	6.5619
 7.026	6.5876
 7.036	6.5598
 7.045	6.6122
 7.055	6.5828
 7.065	6.6378
 7.074	6.6150
 7.084	6.6513
 7.094	6.6278
 7.103	6.6567
 7.113	6.6500
 7.123	6.6933
 7.133	6.6130
 7.142	6.6363
 7.152	6.6119
 7.162	6.5745
 7.172	6.5148
 7.182	6.5863
 7.192	6.5529
 7.202	6.5437
 7.212	6.4591
 7.222	6.4918
 7.232	6.4642
 7.242	6.4988
 7.252	6.4716
 7.262	6.5111
 7.273	6.4764
 7.283	6.4977
 7.293	6.4367
 7.303	6.4692
 7.314	6.4268
 7.324	6.4540
 7.334	6.4461
 7.345	6.5154
 7.355	6.4742
 7.366	6.4939
 7.376	6.4690
 7.387	6.4949
 7.397	6.4133
 7.408	6.4287
 7.418	6.4325
 7.429	6.4852
 7.440	6.4189
 7.450	6.4198
 7.461	6.3970
 7.472	6.4396
 7.483	6.3813
 7.493	6.3942
 7.504	6.3299
 7.515	6.3415
 7.526	6.3327
 7.537	6.3774
 7.548	6.3221
 7.559	6.3640
 7.570	6.3689
 7.581	6.3820
 7.592	6.3414
 7.603	6.3916
 7.614	6.3134
 7.626	6.3386
 7.637	6.3636
 7.648	6.5069
 7.659	6.4528
 7.671	6.4311
 7.682	6.3324
 7.694	6.3076
 7.705	6.2722
 7.716	6.3211
 7.728	6.2619
 7.739	6.3334
 7.751	6.3206
 7.763	6.3275
 7.774	6.3029
 7.786	6.3088
 7.798	6.2395
 7.809	6.2899
 7.821	6.2632
 7.833	6.2775
 7.845	6.2255
 7.857	6.2990
 7.869	6.2802
 7.881	6.3037
 7.893	6.2263
 7.905	6.2526
 7.917	6.1757
 7.929	6.1924
 7.941	6.1538
 7.953	6.2445
 7.965	6.2415
 7.978	6.2859
 7.990	6.2048
 8.002	6.2403
 8.015	6.2319
 8.027	6.2595
 8.039	6.2023
 8.052	6.2159
 8.064	6.1682
 8.077	6.2866
 8.090	6.2248
 8.102	6.3050
 8.115	6.2897
 8.128	6.2901
 8.140	6.2480
 8.153	6.3738
 8.166	6.3598
 8.179	6.4412
 8.192	6.3868
 8.205	6.4207
 8.218	6.3524
 8.231	6.4289
 8.244	6.3584
 8.257	6.4554
 8.270	6.4330
 8.283	6.4746
 8.297	6.3601
 8.310	6.3906
 8.323	6.3390
 8.337	6.4002
 8.350	6.3361
 8.364	6.4056
 8.377	6.3738
 8.391	6.4912
 8.404	6.4604
 8.418	6.5336
 8.432	6.4433
 8.445	6.4133
 8.459	6.3506
 8.473	6.4639
 8.487	6.4772
 8.501	6.5756
 8.515	6.4759
 8.529	6.5799
 8.543	6.5605
 8.557	6.6145
 8.571	6.5390
 8.585	6.5711
 8.599	6.5247
 8.614	6.6746
 8.628	6.6248
 8.642	6.7651
 8.657	6.7494
 8.671	6.8027
 8.686	6.7608
 8.700	6.8291
 8.715	6.7484
 8.730	6.8204
 8.744	6.7441
 8.759	6.8086
 8.774	6.7576
 8.789	6.9020
 8.804	6.9302
 8.819	6.9267
 8.834	6.7895
 8.849	6.8929
 8.864	6.8222
 8.879	6.8577
 8.894	6.8067
 8.910	6.9251
 8.925	6.8621
 8.940	6.8685
 8.956	6.7129
 8.971	6.7074
 8.987	6.6081
 9.002	6.6790
 9.018	6.6013
 9.034	6.7126
 9.050	6.6775
 9.065	6.7880
 9.081	6.7044
 9.097	6.7668
 9.113	6.7451
 9.129	6.9301
 9.145	6.8899
 9.162	7.0023
 9.178	7.0164
 9.194	7.0177
 9.210	6.8235
 9.227	6.9178
 9.243	6.8913
 9.260	6.9701
 9.276	6.7595
 9.293	6.7076
 9.310	6.6878
 9.326	6.8614
 9.343	6.7571
 9.360	6.7476
 9.377	6.5696
 9.394	6.6048
 9.411	6.5732
 9.428	6.7857
 9.445	6.7315
 9.462	6.7111
 9.480	6.5499
 9.497	6.5987
 9.515	6.5839
 9.532	6.7595
 9.550	6.7192
 9.567	6.8157
 9.585	6.7018
 9.603	6.7491
 9.620	6.7134
 9.638	6.7790
 9.656	6.6234
 9.674	6.6900
 9.692	6.6454
 9.711	6.7198
 9.729	6.6373
 9.747	6.7007
 9.765	6.6111
 9.784	6.6991
 9.802	6.6302
 9.821	6.4652
 9.839	6.3464
 9.858	6.7351
 9.877	6.6978
 9.896	6.7286
 9.915	6.6879
 9.934	6.8532
 9.953	6.7892
 9.972	6.8373
 9.991	6.7440
10.010	6.8547
10.030	6.7824
10.049	6.8975
10.069	6.8645
10.088	6.9442
10.108	6.8491
10.128	6.9400
10.148	6.8907
10.167	7.0097
10.187	6.9672
10.207	7.0238
10.228	6.9278
10.248	7.0159
10.268	6.9662
10.289	6.9972
10.309	6.9240
10.330	7.0132
10.350	6.9322
10.371	7.0384
10.392	6.9924
10.412	7.0472
10.433	6.9766
10.454	7.1113
10.476	7.0398
10.497	7.1272
10.518	7.0856
10.539	7.1411
10.561	7.0395
10.582	7.1728
10.604	7.1505
10.626	7.2519
10.648	7.1743
10.670	7.3322
10.692	7.2414
10.714	7.2823
10.736	7.2423
10.758	7.2834
10.780	7.1236
10.803	7.1864
10.825	7.1064
10.848	7.2363
10.871	7.1674
10.894	7.2365
10.917	7.1248
10.940	7.2073
10.963	7.1374
10.986	7.2315
11.009	7.1420
11.033	7.2322
11.056	7.0898
11.080	7.2475
11.104	7.2278
11.127	7.3701
11.151	7.2366
11.175	7.2778
11.200	7.1586
11.224	7.2315
11.248	7.1418
11.273	7.3254
11.297	7.2525
11.322	7.3504
11.347	7.2201
11.372	7.2554
11.397	7.1693
11.422	7.3140
11.447	7.2357
11.472	7.3209
11.498	7.1746
11.523	7.3391
11.549	7.3037
11.575	7.2808
11.600	7.1451
11.626	7.2933
11.653	7.1428
11.679	7.2485
11.705	7.1285
11.732	7.1960
11.758	7.1487
11.785	7.3592
11.812	7.2305
11.839	7.2426
11.866	7.0339
11.893	7.1743
11.920	7.1023
11.948	7.2112
11.976	7.0910
12.003	7.1665
12.031	7.0276
12.059	7.1545
12.087	7.0540
12.115	7.2060
12.144	7.0629
12.172	7.1990
12.201	7.0660
12.230	7.1404
12.259	7.0835
12.288	7.2574
12.317	7.0925
12.346	7.1434
12.376	7.0160
12.405	7.1488
12.435	6.9860
12.465	7.0747
12.495	6.8754
12.525	7.0261
12.555	6.9783
12.586	7.1673
12.617	6.9069
12.647	6.9952
12.678	6.9211
12.709	7.0271
12.741	6.8900
12.772	6.9033
12.803	6.7172
12.835	6.8574
12.867	6.7098
12.899	6.8169
12.931	6.6999
12.964	6.8329
12.996	6.6371
13.029	6.6336
13.061	6.4327
13.094	6.6073
13.128	6.5124
13.161	6.6598
13.194	6.4750
13.228	6.4916
13.262	6.2128
13.296	6.3251
13.330	6.1960
13.364	6.4033
13.399	6.2619
13.434	6.4375
13.469	6.2698
13.504	6.3589
13.539	6.1831
13.574	6.3091
13.610	6.1380
13.646	6.2401
13.682	6.1707
13.718	6.5498
13.754	6.4510
13.791	6.5367
13.828	6.2274
13.865	6.5008
13.902	6.6579
13.939	6.8940
13.977	6.6674
14.015	6.7653
14.053	6.4687
14.091	6.6193
14.129	6.3007
14.168	6.3707
14.207	6.0859
14.246	6.3540
14.285	6.1867
14.324	6.3836
14.364	6.1192
14.404	6.2667
14.444	5.9438
14.484	6.1180
14.525	5.8687
14.566	6.1550
14.607	6.0066
14.648	6.2759
14.690	5.9143
14.731	6.1550
14.773	5.8607
14.815	6.0091
14.858	5.7762
14.901	6.1419
14.944	5.8188
14.987	6.0341
15.030	5.4736
15.074	5.7949
15.118	5.5590
15.162	6.0350
15.206	5.6197
15.251	5.8096
15.296	5.5529
15.341	6.0463
15.387	0

