Name: Beaucarnea recurvata
Type: vegetation
Class: Tree
Genus: Beaucarnea
Species: recurvata
Sample No.: JPL070
Owner: JPL
Wavelength Range: All
Origin: 34.12603; - 118.11015; WGS84
Collection Date: 2/2/2016
Description: Samples were collected at the Huntington Garden in San
Marino California as part of a JPL Subcontract studying HyTES imagery.
Samples were taken to JPL and processed within 48 hours of collection.
The same leaves were processed in the Nicolet and then measured using
the ASD.
 
Measurement: Bidirectional and directional hemispherical reflectance
First Column: X
Second Column: Y
X Units: Wavelength (micrometer)
Y Units: Reflectance (percentage)
First X Value: 0.35
Last X Value: 15.3869
Number of X Values: 3889
Additional Information: 

0.35   6.28135
0.351   6.10324
0.352   4.55818
0.353   3.90975
0.354   5.30036
0.355   5.39927
0.356   5.78694
0.357   6.19906
0.358   5.65924
0.359   5.49286
0.36   5.80197
0.361   6.28290
0.362   6.37111
0.363   6.05416
0.364   5.55065
0.365   5.16710
0.366   5.38231
0.367   5.66847
0.368   5.68059
0.369   5.27511
0.37   4.72023
0.371   4.74346
0.372   5.44357
0.373   5.72898
0.374   5.87011
0.375   5.83328
0.376   5.65454
0.377   5.97823
0.378   6.10069
0.379   5.72539
0.38   5.03785
0.381   5.29393
0.382   5.61208
0.383   5.39063
0.384   5.38514
0.385   5.81362
0.386   6.20743
0.387   5.99658
0.388   5.69631
0.389   5.49782
0.39   5.54737
0.391   5.96215
0.392   6.11117
0.393   6.15919
0.394   6.27489
0.395   6.19147
0.396   5.85526
0.397   5.65140
0.398   6.00614
0.399   5.96724
0.4   6.17280
0.401   6.62376
0.402   6.33926
0.403   6.03350
0.404   6.03097
0.405   6.37831
0.406   6.65441
0.407   6.57259
0.408   6.37396
0.409   6.55955
0.41   6.37763
0.411   6.35619
0.412   6.69249
0.413   6.72656
0.414   6.59627
0.415   6.49923
0.416   6.56770
0.417   6.39830
0.418   6.41595
0.419   6.68422
0.42   6.89688
0.421   6.82811
0.422   6.59593
0.423   6.40105
0.424   6.46166
0.425   6.62743
0.426   6.76662
0.427   6.78297
0.428   6.81171
0.429   6.79839
0.43   6.73652
0.431   6.70444
0.432   6.75744
0.433   6.80165
0.434   6.76039
0.435   6.76723
0.436   6.76863
0.437   6.75871
0.438   6.77067
0.439   6.84662
0.44   6.88347
0.441   6.84786
0.442   6.91961
0.443   6.93678
0.444   6.87820
0.445   6.80413
0.446   6.90111
0.447   7.03166
0.448   7.05896
0.449   6.88141
0.45   6.80763
0.451   6.87887
0.452   7.02330
0.453   7.06329
0.454   7.03805
0.455   7.01182
0.456   7.05272
0.457   7.07725
0.458   7.10821
0.459   7.13882
0.46   7.07282
0.461   7.10430
0.462   7.11352
0.463   6.97051
0.464   7.09898
0.465   7.15707
0.466   7.08516
0.467   7.13907
0.468   7.16095
0.469   7.14476
0.47   7.12187
0.471   7.14414
0.472   7.14172
0.473   7.13981
0.474   7.19605
0.475   7.17263
0.476   7.12876
0.477   7.12405
0.478   7.18709
0.479   7.20602
0.48   7.19915
0.481   7.20992
0.482   7.18881
0.483   7.19862
0.484   7.23243
0.485   7.22472
0.486   7.26131
0.487   7.28075
0.488   7.25017
0.489   7.27752
0.49   7.26906
0.491   7.26025
0.492   7.32319
0.493   7.30446
0.494   7.30418
0.495   7.37814
0.496   7.48604
0.497   7.56623
0.498   7.62407
0.499   7.67965
0.5   7.71454
0.501   7.76909
0.502   7.83560
0.503   7.87389
0.504   8.00106
0.505   8.11029
0.506   8.14891
0.507   8.27381
0.508   8.41829
0.509   8.55707
0.51   8.68912
0.511   8.86540
0.512   9.02591
0.513   9.16935
0.514   9.38479
0.515   9.59415
0.516   9.78869
0.517   9.98665
0.518   10.2355
0.519   10.4874
0.52   10.7132
0.521   10.9077
0.522   11.1675
0.523   11.4121
0.524   11.6002
0.525   11.8338
0.526   12.0857
0.527   12.3223
0.528   12.5113
0.529   12.6771
0.53   12.8326
0.531   12.9876
0.532   13.1503
0.533   13.2763
0.534   13.3829
0.535   13.4953
0.536   13.6041
0.537   13.7015
0.538   13.7751
0.539   13.8151
0.54   13.8670
0.541   13.9448
0.542   14.0357
0.543   14.0901
0.544   14.1363
0.545   14.1689
0.546   14.1791
0.547   14.2202
0.548   14.2459
0.549   14.2487
0.55   14.2808
0.551   14.2955
0.552   14.2890
0.553   14.2704
0.554   14.2503
0.555   14.2364
0.556   14.2197
0.557   14.1789
0.558   14.1105
0.559   14.0276
0.56   13.9418
0.561   13.8576
0.562   13.7686
0.563   13.6609
0.564   13.5270
0.565   13.4150
0.566   13.2950
0.567   13.1522
0.568   12.9959
0.569   12.8506
0.57   12.7093
0.571   12.5620
0.572   12.4189
0.573   12.2814
0.574   12.1501
0.575   12.0254
0.576   11.9182
0.577   11.8326
0.578   11.7601
0.579   11.6719
0.58   11.5947
0.581   11.5191
0.582   11.4281
0.583   11.3362
0.584   11.2786
0.585   11.2448
0.586   11.1771
0.587   11.1116
0.588   11.0594
0.589   11.0162
0.59   10.9485
0.591   10.8885
0.592   10.8448
0.593   10.8098
0.594   10.7714
0.595   10.7292
0.596   10.6880
0.597   10.6584
0.598   10.6464
0.599   10.6342
0.6   10.6035
0.601   10.5739
0.602   10.5338
0.603   10.4850
0.604   10.4419
0.605   10.3980
0.606   10.3596
0.607   10.3190
0.608   10.2213
0.609   10.1469
0.61   10.0962
0.611   10.0344
0.612   9.98043
0.613   9.92332
0.614   9.85507
0.615   9.77430
0.616   9.69307
0.617   9.62219
0.618   9.57184
0.619   9.55756
0.62   9.50951
0.621   9.43756
0.622   9.41059
0.623   9.39470
0.624   9.37121
0.625   9.34065
0.626   9.34258
0.627   9.33390
0.628   9.31947
0.629   9.31809
0.63   9.31345
0.631   9.30356
0.632   9.29285
0.633   9.29111
0.634   9.26734
0.635   9.22045
0.636   9.15994
0.637   9.10106
0.638   9.04445
0.639   8.97828
0.64   8.88662
0.641   8.78626
0.642   8.69288
0.643   8.61125
0.644   8.52977
0.645   8.45101
0.646   8.37383
0.647   8.29961
0.648   8.24193
0.649   8.19659
0.65   8.15803
0.651   8.12020
0.652   8.08080
0.653   8.06262
0.654   8.07005
0.655   8.06354
0.656   8.01791
0.657   7.95241
0.658   7.90529
0.659   7.89609
0.66   7.87375
0.661   7.82232
0.662   7.76919
0.663   7.72479
0.664   7.69124
0.665   7.66677
0.666   7.64944
0.667   7.62813
0.668   7.60834
0.669   7.60304
0.67   7.60681
0.671   7.61821
0.672   7.63222
0.673   7.63860
0.674   7.66293
0.675   7.69451
0.676   7.72102
0.677   7.75961
0.678   7.80620
0.679   7.86556
0.68   7.94518
0.681   8.02202
0.682   8.10090
0.683   8.18688
0.684   8.27733
0.685   8.38818
0.686   8.52260
0.687   8.68065
0.688   8.86879
0.689   9.10767
0.69   9.39638
0.691   9.71955
0.692   10.1032
0.693   10.5711
0.694   11.1256
0.695   11.7304
0.696   12.3889
0.697   13.1151
0.698   13.9145
0.699   14.7437
0.7   15.6051
0.701   16.4957
0.702   17.4073
0.703   18.3332
0.704   19.2580
0.705   20.1747
0.706   21.0960
0.707   22.0109
0.708   22.9257
0.709   23.8476
0.71   24.7370
0.711   25.6445
0.712   26.5734
0.713   27.4783
0.714   28.3787
0.715   29.2731
0.716   30.1624
0.717   31.0702
0.718   31.9575
0.719   32.8305
0.72   33.7100
0.721   34.5783
0.722   35.4033
0.723   36.2051
0.724   37.0513
0.725   37.8436
0.726   38.5923
0.727   39.3213
0.728   40.0274
0.729   40.7089
0.73   41.3615
0.731   41.9799
0.732   42.5707
0.733   43.1449
0.734   43.6915
0.735   44.1803
0.736   44.6434
0.737   45.0847
0.738   45.5020
0.739   45.8985
0.74   46.2629
0.741   46.5953
0.742   46.9008
0.743   47.1857
0.744   47.4392
0.745   47.6633
0.746   47.8713
0.747   48.0557
0.748   48.2238
0.749   48.3842
0.75   48.5485
0.751   48.6741
0.752   48.7620
0.753   48.8317
0.754   48.8994
0.755   48.9796
0.756   49.0609
0.757   49.1145
0.758   49.1696
0.759   49.2107
0.76   49.2374
0.761   49.2868
0.762   49.3161
0.763   49.3375
0.764   49.3705
0.765   49.3978
0.766   49.3912
0.767   49.3812
0.768   49.4239
0.769   49.4481
0.77   49.4502
0.771   49.4370
0.772   49.4174
0.773   49.4022
0.774   49.3987
0.775   49.4085
0.776   49.4235
0.777   49.4350
0.778   49.4299
0.779   49.4033
0.78   49.4057
0.781   49.4017
0.782   49.3949
0.783   49.4290
0.784   49.4193
0.785   49.4020
0.786   49.4070
0.787   49.4043
0.788   49.3719
0.789   49.3518
0.79   49.3816
0.791   49.3758
0.792   49.3875
0.793   49.3974
0.794   49.3486
0.795   49.3399
0.796   49.3574
0.797   49.3691
0.798   49.3400
0.799   49.3353
0.8   49.3114
0.801   49.2505
0.802   49.2803
0.803   49.3013
0.804   49.2880
0.805   49.2521
0.806   49.2141
0.807   49.2182
0.808   49.2387
0.809   49.2004
0.81   49.1907
0.811   49.1802
0.812   49.1529
0.813   49.1410
0.814   49.1212
0.815   49.1033
0.816   49.0973
0.817   49.0862
0.818   49.0874
0.819   49.0775
0.82   49.0293
0.821   49.0029
0.822   48.9994
0.823   49.0019
0.824   48.9850
0.825   48.9845
0.826   48.9684
0.827   48.9262
0.828   48.8976
0.829   48.8898
0.83   48.8726
0.831   48.8367
0.832   48.8732
0.833   48.8604
0.834   48.8305
0.835   48.8564
0.836   48.8315
0.837   48.8223
0.838   48.8445
0.839   48.8632
0.84   48.8415
0.841   48.8208
0.842   48.8110
0.843   48.7671
0.844   48.7980
0.845   48.8411
0.846   48.8384
0.847   48.8429
0.848   48.8226
0.849   48.8265
0.85   48.8931
0.851   48.9054
0.852   48.9094
0.853   48.9118
0.854   48.9013
0.855   48.9298
0.856   48.9104
0.857   48.8629
0.858   48.9104
0.859   48.9374
0.86   48.9701
0.861   49.0049
0.862   48.9569
0.863   48.9812
0.864   49.0226
0.865   49.0153
0.866   49.0096
0.867   49.0669
0.868   49.1193
0.869   49.0864
0.87   49.0647
0.871   49.0471
0.872   49.0462
0.873   49.0769
0.874   49.0935
0.875   49.1185
0.876   49.1463
0.877   49.1442
0.878   49.1438
0.879   49.1617
0.88   49.1904
0.881   49.1932
0.882   49.2029
0.883   49.1996
0.884   49.1837
0.885   49.2254
0.886   49.2136
0.887   49.1942
0.888   49.2292
0.889   49.2681
0.89   49.2662
0.891   49.2486
0.892   49.2638
0.893   49.3053
0.894   49.2989
0.895   49.2507
0.896   49.2219
0.897   49.2291
0.898   49.2705
0.899   49.3280
0.9   49.3703
0.901   49.3601
0.902   49.3282
0.903   49.3029
0.904   49.2934
0.905   49.2979
0.906   49.3052
0.907   49.3078
0.908   49.3104
0.909   49.3041
0.91   49.2915
0.911   49.2769
0.912   49.2585
0.913   49.2534
0.914   49.2557
0.915   49.2492
0.916   49.2142
0.917   49.1815
0.918   49.1718
0.919   49.1839
0.92   49.1565
0.921   49.0917
0.922   49.0479
0.923   49.0798
0.924   49.0486
0.925   48.9938
0.926   48.9519
0.927   48.9399
0.928   48.9306
0.929   48.8670
0.93   48.7686
0.931   48.7216
0.932   48.6998
0.933   48.6725
0.934   48.6298
0.935   48.5878
0.936   48.5177
0.937   48.4499
0.938   48.3867
0.939   48.2827
0.94   48.2338
0.941   48.1762
0.942   48.0723
0.943   47.9862
0.944   47.9620
0.945   47.9282
0.946   47.8281
0.947   47.6989
0.948   47.5756
0.949   47.4867
0.95   47.4206
0.951   47.2828
0.952   47.1362
0.953   47.0141
0.954   46.9155
0.955   46.7739
0.956   46.6046
0.957   46.4562
0.958   46.3704
0.959   46.3314
0.96   46.2545
0.961   46.1441
0.962   46.0485
0.963   46.0312
0.964   45.9705
0.965   45.8883
0.966   45.8453
0.967   45.7849
0.968   45.7700
0.969   45.7445
0.97   45.6411
0.971   45.5676
0.972   45.6027
0.973   45.6899
0.974   45.7092
0.975   45.5855
0.976   45.5560
0.977   45.5931
0.978   45.5695
0.979   45.6146
0.98   45.5626
0.981   45.4948
0.982   45.5658
0.983   45.6320
0.984   45.5958
0.985   45.5514
0.986   45.6386
0.987   45.7182
0.988   45.8093
0.989   45.8185
0.99   45.6785
0.991   45.6726
0.992   45.7119
0.993   45.7514
0.994   45.7841
0.995   45.8425
0.996   45.8999
0.997   45.9526
0.998   46.0095
0.999   46.0869
1   46.0656
1.001   46.2851
1.002   46.3401
1.003   46.3487
1.004   46.3894
1.005   46.4426
1.006   46.4813
1.007   46.5481
1.008   46.5859
1.009   46.5923
1.01   46.6326
1.011   46.6897
1.012   46.7202
1.013   46.7651
1.014   46.7938
1.015   46.7853
1.016   46.7844
1.017   46.8300
1.018   46.8940
1.019   46.9884
1.02   47.0891
1.021   47.1689
1.022   47.2360
1.023   47.2685
1.024   47.2452
1.025   47.2690
1.026   47.2904
1.027   47.3128
1.028   47.3414
1.029   47.3968
1.03   47.4677
1.031   47.5241
1.032   47.6097
1.033   47.6729
1.034   47.7058
1.035   47.7344
1.036   47.7756
1.037   47.8003
1.038   47.8229
1.039   47.8322
1.04   47.8578
1.041   47.8892
1.042   47.9176
1.043   47.9619
1.044   47.9809
1.045   47.9581
1.046   47.9801
1.047   48.0191
1.048   48.0542
1.049   48.1416
1.05   48.1828
1.051   48.1886
1.052   48.1835
1.053   48.1997
1.054   48.1991
1.055   48.2257
1.056   48.2834
1.057   48.3196
1.058   48.3577
1.059   48.3868
1.06   48.4191
1.061   48.4321
1.062   48.4219
1.063   48.4242
1.064   48.4109
1.065   48.4131
1.066   48.4519
1.067   48.4560
1.068   48.4479
1.069   48.4297
1.07   48.4160
1.071   48.3671
1.072   48.3748
1.073   48.4163
1.074   48.4425
1.075   48.5026
1.076   48.5193
1.077   48.5075
1.078   48.5064
1.079   48.4910
1.08   48.4816
1.081   48.4739
1.082   48.4718
1.083   48.4833
1.084   48.4743
1.085   48.4432
1.086   48.4424
1.087   48.4281
1.088   48.3938
1.089   48.3869
1.09   48.4027
1.091   48.3990
1.092   48.4019
1.093   48.3867
1.094   48.3503
1.095   48.3312
1.096   48.3094
1.097   48.2919
1.098   48.2887
1.099   48.2771
1.1   48.2613
1.101   48.2430
1.102   48.2269
1.103   48.2030
1.104   48.1584
1.105   48.1348
1.106   48.1078
1.107   48.0792
1.108   48.0498
1.109   48.0275
1.11   47.9978
1.111   47.9641
1.112   47.9263
1.113   47.8798
1.114   47.8451
1.115   47.8191
1.116   47.7795
1.117   47.7388
1.118   47.6992
1.119   47.6549
1.12   47.6026
1.121   47.5508
1.122   47.4921
1.123   47.4104
1.124   47.3080
1.125   47.2101
1.126   47.1058
1.127   46.9999
1.128   46.8950
1.129   46.7741
1.13   46.6539
1.131   46.5069
1.132   46.3468
1.133   46.1676
1.134   45.9579
1.135   45.7540
1.136   45.5443
1.137   45.3214
1.138   45.0930
1.139   44.8545
1.14   44.5948
1.141   44.3346
1.142   44.0902
1.143   43.8379
1.144   43.5919
1.145   43.3517
1.146   43.1131
1.147   42.8643
1.148   42.6433
1.149   42.4345
1.15   42.2345
1.151   42.0505
1.152   41.8767
1.153   41.7035
1.154   41.5501
1.155   41.4126
1.156   41.2866
1.157   41.1817
1.158   41.0990
1.159   41.0192
1.16   40.9529
1.161   40.8815
1.162   40.8009
1.163   40.7228
1.164   40.6445
1.165   40.5858
1.166   40.5365
1.167   40.4938
1.168   40.4747
1.169   40.4401
1.17   40.3955
1.171   40.3636
1.172   40.3335
1.173   40.3081
1.174   40.2954
1.175   40.2738
1.176   40.2427
1.177   40.2233
1.178   40.1971
1.179   40.1614
1.18   40.1296
1.181   40.0927
1.182   40.0586
1.183   40.0378
1.184   40.0041
1.185   39.9692
1.186   39.9440
1.187   39.9089
1.188   39.8797
1.189   39.8652
1.19   39.8414
1.191   39.8060
1.192   39.7798
1.193   39.7605
1.194   39.7373
1.195   39.7084
1.196   39.6946
1.197   39.6829
1.198   39.6702
1.199   39.6756
1.2   39.6779
1.201   39.6827
1.202   39.6881
1.203   39.6855
1.204   39.6980
1.205   39.7070
1.206   39.7130
1.207   39.7356
1.208   39.7459
1.209   39.7552
1.21   39.7850
1.211   39.8056
1.212   39.8205
1.213   39.8400
1.214   39.8550
1.215   39.8780
1.216   39.9016
1.217   39.9423
1.218   39.9902
1.219   40.0402
1.22   40.0811
1.221   40.1197
1.222   40.1594
1.223   40.2029
1.224   40.2628
1.225   40.3201
1.226   40.3732
1.227   40.4234
1.228   40.4593
1.229   40.5003
1.23   40.5466
1.231   40.5894
1.232   40.6427
1.233   40.6980
1.234   40.7380
1.235   40.7685
1.236   40.7971
1.237   40.8137
1.238   40.8315
1.239   40.8673
1.24   40.9049
1.241   40.9410
1.242   40.9739
1.243   41.0012
1.244   41.0288
1.245   41.0568
1.246   41.0839
1.247   41.1121
1.248   41.1319
1.249   41.1520
1.25   41.1861
1.251   41.2037
1.252   41.2216
1.253   41.2539
1.254   41.2702
1.255   41.2921
1.256   41.3101
1.257   41.3172
1.258   41.3291
1.259   41.3400
1.26   41.3502
1.261   41.3628
1.262   41.3775
1.263   41.3895
1.264   41.3951
1.265   41.4007
1.266   41.4057
1.267   41.4039
1.268   41.4073
1.269   41.4113
1.27   41.4075
1.271   41.3995
1.272   41.3892
1.273   41.3743
1.274   41.3519
1.275   41.3299
1.276   41.3135
1.277   41.2987
1.278   41.2884
1.279   41.2641
1.28   41.2291
1.281   41.1966
1.282   41.1625
1.283   41.1390
1.284   41.1169
1.285   41.0885
1.286   41.0567
1.287   41.0194
1.288   40.9777
1.289   40.9321
1.29   40.8811
1.291   40.8204
1.292   40.7463
1.293   40.6750
1.294   40.6011
1.295   40.5246
1.296   40.4668
1.297   40.3972
1.298   40.3189
1.299   40.2518
1.3   40.1703
1.301   40.0868
1.302   39.9988
1.303   39.8976
1.304   39.7883
1.305   39.6775
1.306   39.5698
1.307   39.4561
1.308   39.3472
1.309   39.2323
1.31   39.1175
1.311   39.0043
1.312   38.8745
1.313   38.7339
1.314   38.5934
1.315   38.4412
1.316   38.3028
1.317   38.1728
1.318   38.0341
1.319   37.8820
1.32   37.7159
1.321   37.5314
1.322   37.3572
1.323   37.2046
1.324   37.0540
1.325   36.8987
1.326   36.7367
1.327   36.5618
1.328   36.3692
1.329   36.1771
1.33   35.9819
1.331   35.7823
1.332   35.5975
1.333   35.4119
1.334   35.2259
1.335   35.0503
1.336   34.8687
1.337   34.6814
1.338   34.5058
1.339   34.3298
1.34   34.1520
1.341   33.9874
1.342   33.8124
1.343   33.6396
1.344   33.4787
1.345   33.3138
1.346   33.1468
1.347   32.9893
1.348   32.8312
1.349   32.6784
1.35   32.5323
1.351   32.3898
1.352   32.2411
1.353   32.0963
1.354   31.9555
1.355   31.8122
1.356   31.6725
1.357   31.5345
1.358   31.3916
1.359   31.2387
1.36   31.0823
1.361   30.9212
1.362   30.7522
1.363   30.5838
1.364   30.4134
1.365   30.2333
1.366   30.0466
1.367   29.8478
1.368   29.6380
1.369   29.4239
1.37   29.1954
1.371   28.9543
1.372   28.6940
1.373   28.4158
1.374   28.1244
1.375   27.8125
1.376   27.4905
1.377   27.1536
1.378   26.7916
1.379   26.4189
1.38   26.0278
1.381   25.6121
1.382   25.1895
1.383   24.7541
1.384   24.3096
1.385   23.8527
1.386   23.3918
1.387   22.9165
1.388   22.4466
1.389   21.9720
1.39   21.4998
1.391   21.0389
1.392   20.5788
1.393   20.1218
1.394   19.6803
1.395   19.2411
1.396   18.8163
1.397   18.4142
1.398   18.0172
1.399   17.6452
1.4   17.2902
1.401   16.9465
1.402   16.6249
1.403   16.3139
1.404   16.0210
1.405   15.7494
1.406   15.4916
1.407   15.2569
1.408   15.0348
1.409   14.8240
1.41   14.6269
1.411   14.4402
1.412   14.2684
1.413   14.1036
1.414   13.9551
1.415   13.8242
1.416   13.6951
1.417   13.5792
1.418   13.4702
1.419   13.3607
1.42   13.2622
1.421   13.1698
1.422   13.0835
1.423   13.0067
1.424   12.9346
1.425   12.8679
1.426   12.8086
1.427   12.7514
1.428   12.6970
1.429   12.6502
1.43   12.6091
1.431   12.5698
1.432   12.5366
1.433   12.5055
1.434   12.4779
1.435   12.4507
1.436   12.4268
1.437   12.4025
1.438   12.3798
1.439   12.3606
1.44   12.3436
1.441   12.3308
1.442   12.3212
1.443   12.3104
1.444   12.3030
1.445   12.2973
1.446   12.2869
1.447   12.2787
1.448   12.2736
1.449   12.2725
1.45   12.2757
1.451   12.2764
1.452   12.2791
1.453   12.2819
1.454   12.2834
1.455   12.2928
1.456   12.3016
1.457   12.3104
1.458   12.3254
1.459   12.3371
1.46   12.3525
1.461   12.3723
1.462   12.3879
1.463   12.4102
1.464   12.4397
1.465   12.4691
1.466   12.5053
1.467   12.5459
1.468   12.5836
1.469   12.6240
1.47   12.6710
1.471   12.7170
1.472   12.7668
1.473   12.8221
1.474   12.8724
1.475   12.9235
1.476   12.9807
1.477   13.0396
1.478   13.0989
1.479   13.1651
1.48   13.2291
1.481   13.2858
1.482   13.3507
1.483   13.4151
1.484   13.4784
1.485   13.5514
1.486   13.6237
1.487   13.6980
1.488   13.7763
1.489   13.8527
1.49   13.9307
1.491   14.0103
1.492   14.0870
1.493   14.1636
1.494   14.2410
1.495   14.3152
1.496   14.3950
1.497   14.4797
1.498   14.5616
1.499   14.6444
1.5   14.7261
1.501   14.8044
1.502   14.8842
1.503   14.9654
1.504   15.0484
1.505   15.1330
1.506   15.2201
1.507   15.3093
1.508   15.3972
1.509   15.4864
1.51   15.5739
1.511   15.6614
1.512   15.7499
1.513   15.8406
1.514   15.9313
1.515   16.0187
1.516   16.1068
1.517   16.1875
1.518   16.2697
1.519   16.3577
1.52   16.4467
1.521   16.5436
1.522   16.6319
1.523   16.7132
1.524   16.7974
1.525   16.8760
1.526   16.9598
1.527   17.0467
1.528   17.1296
1.529   17.2156
1.53   17.3013
1.531   17.3889
1.532   17.4779
1.533   17.5614
1.534   17.6457
1.535   17.7331
1.536   17.8193
1.537   17.9057
1.538   17.9874
1.539   18.0646
1.54   18.1431
1.541   18.2245
1.542   18.3116
1.543   18.3992
1.544   18.4870
1.545   18.5720
1.546   18.6550
1.547   18.7381
1.548   18.8188
1.549   18.9016
1.55   18.9798
1.551   19.0585
1.552   19.1379
1.553   19.2088
1.554   19.2847
1.555   19.3621
1.556   19.4359
1.557   19.5184
1.558   19.6012
1.559   19.6811
1.56   19.7599
1.561   19.8316
1.562   19.9014
1.563   19.9683
1.564   20.0370
1.565   20.1157
1.566   20.1946
1.567   20.2762
1.568   20.3595
1.569   20.4322
1.57   20.5016
1.571   20.5665
1.572   20.6262
1.573   20.6913
1.574   20.7582
1.575   20.8267
1.576   20.8974
1.577   20.9628
1.578   21.0246
1.579   21.0908
1.58   21.1563
1.581   21.2162
1.582   21.2798
1.583   21.3369
1.584   21.3896
1.585   21.4536
1.586   21.5141
1.587   21.5743
1.588   21.6413
1.589   21.7026
1.59   21.7628
1.591   21.8279
1.592   21.8937
1.593   21.9617
1.594   22.0345
1.595   22.1071
1.596   22.1696
1.597   22.2307
1.598   22.2964
1.599   22.3557
1.6   22.4134
1.601   22.4734
1.602   22.5349
1.603   22.5946
1.604   22.6521
1.605   22.7090
1.606   22.7540
1.607   22.8016
1.608   22.8625
1.609   22.9262
1.61   22.9858
1.611   23.0389
1.612   23.0915
1.613   23.1378
1.614   23.1895
1.615   23.2443
1.616   23.2869
1.617   23.3373
1.618   23.3900
1.619   23.4419
1.62   23.5016
1.621   23.5518
1.622   23.5939
1.623   23.6417
1.624   23.6910
1.625   23.7410
1.626   23.7933
1.627   23.8391
1.628   23.8711
1.629   23.9079
1.63   23.9435
1.631   23.9833
1.632   24.0297
1.633   24.0757
1.634   24.1238
1.635   24.1627
1.636   24.1974
1.637   24.2278
1.638   24.2465
1.639   24.2772
1.64   24.3146
1.641   24.3465
1.642   24.3826
1.643   24.4148
1.644   24.4429
1.645   24.4698
1.646   24.4907
1.647   24.5110
1.648   24.5242
1.649   24.5391
1.65   24.5621
1.651   24.5790
1.652   24.6000
1.653   24.6208
1.654   24.6302
1.655   24.6393
1.656   24.6420
1.657   24.6407
1.658   24.6442
1.659   24.6482
1.66   24.6569
1.661   24.6607
1.662   24.6608
1.663   24.6644
1.664   24.6651
1.665   24.6723
1.666   24.6859
1.667   24.6900
1.668   24.6852
1.669   24.6756
1.67   24.6607
1.671   24.6492
1.672   24.6417
1.673   24.6352
1.674   24.6293
1.675   24.6177
1.676   24.6066
1.677   24.5901
1.678   24.5678
1.679   24.5519
1.68   24.5284
1.681   24.5060
1.682   24.4838
1.683   24.4493
1.684   24.4208
1.685   24.3889
1.686   24.3544
1.687   24.3303
1.688   24.2984
1.689   24.2603
1.69   24.2254
1.691   24.1858
1.692   24.1465
1.693   24.1134
1.694   24.0769
1.695   24.0373
1.696   23.9958
1.697   23.9533
1.698   23.9031
1.699   23.8450
1.7   23.7892
1.701   23.7294
1.702   23.6787
1.703   23.6362
1.704   23.5787
1.705   23.5222
1.706   23.4523
1.707   23.3616
1.708   23.2902
1.709   23.2180
1.71   23.1608
1.711   23.1192
1.712   23.0709
1.713   23.0217
1.714   22.9555
1.715   22.8916
1.716   22.8364
1.717   22.7784
1.718   22.7181
1.719   22.6633
1.72   22.6119
1.721   22.5558
1.722   22.5048
1.723   22.4566
1.724   22.4018
1.725   22.3469
1.726   22.3022
1.727   22.2665
1.728   22.2387
1.729   22.2118
1.73   22.1784
1.731   22.1538
1.732   22.1289
1.733   22.1102
1.734   22.1051
1.735   22.0932
1.736   22.0804
1.737   22.0667
1.738   22.0548
1.739   22.0374
1.74   22.0178
1.741   21.9923
1.742   21.9645
1.743   21.9253
1.744   21.8754
1.745   21.8287
1.746   21.7742
1.747   21.7217
1.748   21.6729
1.749   21.6162
1.75   21.5517
1.751   21.4929
1.752   21.4344
1.753   21.3746
1.754   21.3168
1.755   21.2583
1.756   21.1926
1.757   21.1336
1.758   21.0682
1.759   21.0070
1.76   20.9588
1.761   20.9018
1.762   20.8501
1.763   20.7952
1.764   20.7478
1.765   20.7094
1.766   20.6749
1.767   20.6473
1.768   20.6187
1.769   20.5948
1.77   20.5699
1.771   20.5399
1.772   20.5191
1.773   20.5082
1.774   20.4884
1.775   20.4694
1.776   20.4491
1.777   20.4229
1.778   20.3980
1.779   20.3731
1.78   20.3534
1.781   20.3301
1.782   20.3188
1.783   20.3218
1.784   20.3116
1.785   20.3024
1.786   20.2856
1.787   20.2553
1.788   20.2489
1.789   20.2520
1.79   20.2728
1.791   20.2839
1.792   20.2878
1.793   20.2940
1.794   20.3021
1.795   20.3042
1.796   20.3061
1.797   20.3035
1.798   20.2859
1.799   20.2831
1.8   20.2862
1.801   20.2899
1.802   20.3059
1.803   20.3132
1.804   20.3104
1.805   20.3204
1.806   20.3403
1.807   20.3440
1.808   20.3436
1.809   20.3528
1.81   20.3521
1.811   20.3709
1.812   20.4023
1.813   20.4284
1.814   20.4211
1.815   20.4064
1.816   20.3930
1.817   20.3888
1.818   20.4066
1.819   20.4151
1.82   20.4262
1.821   20.4269
1.822   20.4241
1.823   20.4377
1.824   20.4318
1.825   20.3986
1.826   20.3782
1.827   20.3552
1.828   20.3423
1.829   20.3309
1.83   20.3260
1.831   20.4277
1.832   20.3864
1.833   20.3224
1.834   20.2676
1.835   20.2313
1.836   20.2077
1.837   20.1902
1.838   20.1598
1.839   20.1257
1.84   20.0857
1.841   20.0332
1.842   19.9763
1.843   19.9099
1.844   19.8366
1.845   19.7408
1.846   19.6524
1.847   19.5632
1.848   19.4556
1.849   19.3569
1.85   19.2419
1.851   19.1138
1.852   18.9827
1.853   18.8578
1.854   18.7035
1.855   18.5509
1.856   18.4171
1.857   18.2432
1.858   18.0489
1.859   17.8611
1.86   17.6705
1.861   17.4471
1.862   17.2265
1.863   17.0223
1.864   16.7861
1.865   16.5309
1.866   16.2780
1.867   16.0159
1.868   15.7537
1.869   15.4817
1.87   15.1971
1.871   14.9065
1.872   14.5998
1.873   14.2959
1.874   13.9977
1.875   13.6812
1.876   13.3745
1.877   13.0666
1.878   12.7568
1.879   12.4642
1.88   12.1712
1.881   11.8882
1.882   11.5918
1.883   11.2916
1.884   11.0067
1.885   10.7294
1.886   10.4541
1.887   10.1913
1.888   9.94588
1.889   9.70803
1.89   9.49057
1.891   9.28114
1.892   9.09133
1.893   8.89662
1.894   8.70116
1.895   8.51398
1.896   8.34137
1.897   8.18566
1.898   8.05204
1.899   7.93204
1.9   7.82202
1.901   7.71915
1.902   7.63736
1.903   7.57619
1.904   7.51955
1.905   7.48015
1.906   7.43689
1.907   7.36861
1.908   7.31109
1.909   7.24658
1.91   7.18859
1.911   7.14608
1.912   7.12744
1.913   7.09424
1.914   7.06522
1.915   7.03526
1.916   6.99344
1.917   6.95363
1.918   6.91857
1.919   6.89309
1.92   6.87575
1.921   6.85524
1.922   6.85141
1.923   6.86746
1.924   6.86688
1.925   6.86502
1.926   6.87837
1.927   6.87493
1.928   6.87067
1.929   6.87006
1.93   6.87140
1.931   6.87104
1.932   6.87032
1.933   6.87071
1.934   6.87231
1.935   6.87758
1.936   6.88077
1.937   6.88750
1.938   6.90168
1.939   6.91632
1.94   6.91507
1.941   6.94714
1.942   6.97719
1.943   6.98336
1.944   6.99165
1.945   6.99155
1.946   6.99494
1.947   6.99034
1.948   7.00094
1.949   7.02269
1.95   7.04197
1.951   7.06537
1.952   7.09279
1.953   7.12041
1.954   7.14863
1.955   7.17227
1.956   7.19990
1.957   7.21554
1.958   7.21479
1.959   7.22858
1.96   7.23003
1.961   7.25063
1.962   7.29257
1.963   7.33364
1.964   7.36903
1.965   7.40847
1.966   7.41115
1.967   7.41436
1.968   7.42966
1.969   7.43999
1.97   7.46437
1.971   7.51024
1.972   7.54236
1.973   7.57538
1.974   7.60258
1.975   7.62847
1.976   7.66926
1.977   7.70923
1.978   7.74916
1.979   7.78481
1.98   7.81392
1.981   7.84864
1.982   7.88132
1.983   7.92013
1.984   7.96824
1.985   8.00854
1.986   8.04861
1.987   8.09075
1.988   8.11763
1.989   8.14760
1.99   8.17132
1.991   8.17878
1.992   8.20626
1.993   8.23960
1.994   8.27356
1.995   8.32128
1.996   8.36125
1.997   8.39596
1.998   8.43421
1.999   8.47484
2   8.51168
2.001   8.55981
2.002   8.59164
2.003   8.62327
2.004   8.66862
2.005   8.70386
2.006   8.73392
2.007   8.76794
2.008   8.80172
2.009   8.83206
2.01   8.85284
2.011   8.89134
2.012   8.92903
2.013   8.98570
2.014   9.05334
2.015   9.11021
2.016   9.14735
2.017   9.17296
2.018   9.20508
2.019   9.22633
2.02   9.26051
2.021   9.30086
2.022   9.34165
2.023   9.38676
2.024   9.43069
2.025   9.48089
2.026   9.52668
2.027   9.57291
2.028   9.61389
2.029   9.64367
2.03   9.67685
2.031   9.71263
2.032   9.74601
2.033   9.78032
2.034   9.82630
2.035   9.85523
2.036   9.87125
2.037   9.89328
2.038   9.90583
2.039   9.92751
2.04   9.96167
2.041   9.98551
2.042   10.0137
2.043   10.0250
2.044   10.0434
2.045   10.0560
2.046   10.0770
2.047   10.1006
2.048   10.1304
2.049   10.1644
2.05   10.1982
2.051   10.2365
2.052   10.2771
2.053   10.3192
2.054   10.3619
2.055   10.4109
2.056   10.4605
2.057   10.4896
2.058   10.5229
2.059   10.5538
2.06   10.5736
2.061   10.6019
2.062   10.6417
2.063   10.6648
2.064   10.6729
2.065   10.6990
2.066   10.7257
2.067   10.7549
2.068   10.7999
2.069   10.8358
2.07   10.8697
2.071   10.8960
2.072   10.9247
2.073   10.9376
2.074   10.9520
2.075   10.9552
2.076   10.9715
2.077   10.9830
2.078   11.0161
2.079   11.0629
2.08   11.1057
2.081   11.1723
2.082   11.2145
2.083   11.2433
2.084   11.2755
2.085   11.2943
2.086   11.3222
2.087   11.3612
2.088   11.3844
2.089   11.4221
2.09   11.4674
2.091   11.5042
2.092   11.5516
2.093   11.5760
2.094   11.5760
2.095   11.5966
2.096   11.6091
2.097   11.6357
2.098   11.6914
2.099   11.7234
2.1   11.7303
2.101   11.7678
2.102   11.8235
2.103   11.8625
2.104   11.9211
2.105   11.9628
2.106   11.9964
2.107   12.0059
2.108   12.0259
2.109   12.0441
2.11   12.0708
2.111   12.0877
2.112   12.1232
2.113   12.1871
2.114   12.2269
2.115   12.2672
2.116   12.2980
2.117   12.2969
2.118   12.3268
2.119   12.3759
2.12   12.4139
2.121   12.4654
2.122   12.5123
2.123   12.5458
2.124   12.5623
2.125   12.5859
2.126   12.6071
2.127   12.6277
2.128   12.6403
2.129   12.6653
2.13   12.6909
2.131   12.7256
2.132   12.7785
2.133   12.8178
2.134   12.8670
2.135   12.8968
2.136   12.9000
2.137   12.9204
2.138   12.9302
2.139   12.9540
2.14   13.0120
2.141   13.0431
2.142   13.0704
2.143   13.0966
2.144   13.1146
2.145   13.1091
2.146   13.1337
2.147   13.1713
2.148   13.2017
2.149   13.2485
2.15   13.2754
2.151   13.2855
2.152   13.3040
2.153   13.3111
2.154   13.3343
2.155   13.3672
2.156   13.4009
2.157   13.4561
2.158   13.4916
2.159   13.5210
2.16   13.5432
2.161   13.5428
2.162   13.5495
2.163   13.5714
2.164   13.6056
2.165   13.6237
2.166   13.6478
2.167   13.6667
2.168   13.6730
2.169   13.6814
2.17   13.6941
2.171   13.7052
2.172   13.7006
2.173   13.7118
2.174   13.7405
2.175   13.7603
2.176   13.7864
2.177   13.8030
2.178   13.8123
2.179   13.8187
2.18   13.8064
2.181   13.8108
2.182   13.8175
2.183   13.8346
2.184   13.8585
2.185   13.9044
2.186   13.9262
2.187   13.9431
2.188   13.9606
2.189   13.9685
2.19   13.9783
2.191   13.9948
2.192   14.0001
2.193   13.9884
2.194   13.9956
2.195   14.0064
2.196   14.0202
2.197   14.0591
2.198   14.0704
2.199   14.0660
2.2   14.0632
2.201   14.0427
2.202   14.0282
2.203   14.0032
2.204   14.0018
2.205   14.0094
2.206   14.0337
2.207   14.0499
2.208   14.0885
2.209   14.0995
2.21   14.0943
2.211   14.0889
2.212   14.0698
2.213   14.0732
2.214   14.0788
2.215   14.0871
2.216   14.1265
2.217   14.1251
2.218   14.1018
2.219   14.0830
2.22   14.0187
2.221   14.0135
2.222   14.0470
2.223   14.0646
2.224   14.1375
2.225   14.1523
2.226   14.1198
2.227   14.0954
2.228   14.0367
2.229   13.9963
2.23   13.9651
2.231   13.9340
2.232   13.9217
2.233   13.9125
2.234   13.8914
2.235   13.8849
2.236   13.8380
2.237   13.7578
2.238   13.6985
2.239   13.6212
2.24   13.5678
2.241   13.5354
2.242   13.4953
2.243   13.4573
2.244   13.4199
2.245   13.3914
2.246   13.3398
2.247   13.2753
2.248   13.2188
2.249   13.1433
2.25   13.0928
2.251   13.0555
2.252   13.0271
2.253   13.0301
2.254   12.9982
2.255   12.9580
2.256   12.9159
2.257   12.8395
2.258   12.7870
2.259   12.7472
2.26   12.7139
2.261   12.7066
2.262   12.6749
2.263   12.6283
2.264   12.5938
2.265   12.5440
2.266   12.4894
2.267   12.4484
2.268   12.4253
2.269   12.3844
2.27   12.3367
2.271   12.2968
2.272   12.2505
2.273   12.2157
2.274   12.1878
2.275   12.1652
2.276   12.1548
2.277   12.1336
2.278   12.1097
2.279   12.0961
2.28   12.0956
2.281   12.0653
2.282   12.0411
2.283   11.9883
2.284   11.8796
2.285   11.8096
2.286   11.7272
2.287   11.6826
2.288   11.6860
2.289   11.6638
2.29   11.6601
2.291   11.6445
2.292   11.6100
2.293   11.5788
2.294   11.5548
2.295   11.5089
2.296   11.4438
2.297   11.3841
2.298   11.3026
2.299   11.2502
2.3   11.2180
2.301   11.1463
2.302   11.0885
2.303   11.0624
2.304   11.0177
2.305   10.9693
2.306   10.9060
2.307   10.8548
2.308   10.8330
2.309   10.8260
2.31   10.8553
2.311   10.8689
2.312   10.8749
2.313   10.8773
2.314   10.8788
2.315   10.8648
2.316   10.8647
2.317   10.8717
2.318   10.8566
2.319   10.8355
2.32   10.8308
2.321   10.8234
2.322   10.8108
2.323   10.8062
2.324   10.8056
2.325   10.7865
2.326   10.7896
2.327   10.8364
2.328   10.8391
2.329   10.8110
2.33   10.8055
2.331   10.8075
2.332   10.7744
2.333   10.7450
2.334   10.7014
2.335   10.5965
2.336   10.5405
2.337   10.5066
2.338   10.4805
2.339   10.4683
2.34   10.4734
2.341   10.5309
2.342   10.5115
2.343   10.4662
2.344   10.4204
2.345   10.3034
2.346   10.2360
2.347   10.1950
2.348   10.1656
2.349   10.1681
2.35   10.1500
2.351   10.1320
2.352   10.1154
2.353   10.0543
2.354   10.0647
2.355   10.1253
2.356   10.1908
2.357   10.2376
2.358   10.2236
2.359   10.1690
2.36   10.0996
2.361   10.0537
2.362   10.0437
2.363   10.0272
2.364   10.0139
2.365   10.0360
2.366   10.0388
2.367   10.0148
2.368   9.99291
2.369   9.96530
2.37   9.94673
2.371   9.95132
2.372   9.96352
2.373   9.96175
2.374   9.93580
2.375   9.86709
2.376   9.82751
2.377   9.82635
2.378   9.81738
2.379   9.84417
2.38   9.85651
2.381   9.80573
2.382   9.74281
2.383   9.69412
2.384   9.59263
2.385   9.49867
2.386   9.48530
2.387   9.44051
2.388   9.42927
2.389   9.50295
2.39   9.49594
2.391   9.46703
2.392   9.48945
2.393   9.41691
2.394   9.34271
2.395   9.30212
2.396   9.25153
2.397   9.28369
2.398   9.32749
2.399   9.34028
2.4   9.38577
2.401   9.38979
2.402   9.29315
2.403   9.26648
2.404   9.26890
2.405   9.24532
2.406   9.27103
2.407   9.27373
2.408   9.24035
2.409   9.21337
2.41   9.19455
2.411   9.13317
2.412   9.09902
2.413   8.98906
2.414   8.86046
2.415   8.90233
2.416   8.94205
2.417   9.10966
2.418   9.33706
2.419   9.33305
2.42   9.21741
2.421   9.07700
2.422   8.91597
2.423   8.88017
2.424   8.95327
2.425   8.93547
2.426   8.89692
2.427   8.87098
2.428   8.76527
2.429   8.65556
2.43   8.61416
2.431   8.61975
2.432   8.67393
2.433   8.73369
2.434   8.73157
2.435   8.68202
2.436   8.62575
2.437   8.54980
2.438   8.46819
2.439   8.42811
2.44   8.36661
2.441   8.30101
2.442   8.30446
2.443   8.32291
2.444   8.26830
2.445   8.24377
2.446   8.29667
2.447   8.28752
2.448   8.30199
2.449   8.41308
2.45   8.54052
2.451   8.64834
2.452   8.67078
2.453   8.66616
2.454   8.65328
2.455   8.61258
2.456   8.67390
2.457   8.65039
2.458   8.56425
2.459   8.53858
2.46   8.42048
2.461   8.31983
2.462   8.18192
2.463   8.00892
2.464   7.96527
2.465   7.94035
2.466   7.88978
2.467   7.87941
2.468   7.80260
2.469   7.94624
2.47   8.04465
2.471   8.18776
2.472   8.21297
2.473   8.11999
2.474   8.04338
2.475   7.78755
2.476   7.78087
2.477   8.04574
2.478   8.05323
2.479   8.05715
2.48   8.09249
2.481   7.94082
2.482   7.89080
2.483   8.00767
2.484   7.96964
2.485   7.92572
2.486   8.06358
2.487   7.96303
2.488   7.99220
2.489   8.02563
2.49   7.85940
2.491   7.88027
2.492   7.77907
2.493   7.67760
2.494   7.93227
2.495   8.34190
2.496   8.28072
2.497   8.05453
2.498   8.02998
2.499   7.59902
2.5   7.43424
2.5002   5.36765
2.5014   5.39750
2.5026   5.39759
2.5038   5.41248
2.505   5.38335
2.5062   5.34588
2.5074   5.31820
2.5087   5.41362
2.5099   5.39155
2.5111   5.31202
2.5123   5.28647
2.5135   5.34351
2.5147   5.36280
2.516   5.32825
2.5172   5.33033
2.5184   5.34229
2.5196   5.30775
2.5209   5.33709
2.5221   5.35443
2.5233   5.27020
2.5245   5.27990
2.5258   5.36391
2.527   5.36012
2.5282   5.40049
2.5295   5.38537
2.5307   5.28871
2.5319   5.18783
2.5332   5.30066
2.5344   5.35898
2.5356   5.36929
2.5369   5.33941
2.5381   5.40316
2.5394   5.41335
2.5406   5.44391
2.5419   5.40787
2.5431   5.37125
2.5444   5.33921
2.5456   5.34110
2.5469   5.34064
2.5481   5.35864
2.5494   5.36878
2.5506   5.35800
2.5519   5.28045
2.5531   5.30209
2.5544   5.32502
2.5556   5.40394
2.5569   5.38768
2.5582   5.42442
2.5594   5.40131
2.5607   5.31254
2.562   5.27313
2.5632   5.35430
2.5645   5.36620
2.5658   5.42174
2.567   5.39686
2.5683   5.37096
2.5696   5.31401
2.5708   5.37719
2.5721   5.48787
2.5734   5.44698
2.5747   5.38280
2.576   5.444
2.5772   5.44322
2.5785   5.46879
2.5798   5.45997
2.5811   5.40247
2.5824   5.30657
2.5837   5.33015
2.5849   5.35361
2.5862   5.33908
2.5875   5.28563
2.5888   5.30698
2.5901   5.29777
2.5914   5.43609
2.5927   5.43107
2.594   5.27327
2.5953   5.09876
2.5966   5.23178
2.5979   5.36907
2.5992   5.43142
2.6005   5.38034
2.6018   5.41213
2.6031   5.39807
2.6044   5.29935
2.6057   5.13935
2.607   5.18070
2.6083   5.22707
2.6097   5.24620
2.611   5.27517
2.6123   5.24768
2.6136   5.15861
2.6149   5.16587
2.6162   5.04759
2.6176   5.01337
2.6189   5.10819
2.6202   5.06405
2.6215   5.05483
2.6229   5.11946
2.6242   5.11461
2.6255   5.10270
2.6268   4.96009
2.6282   4.98373
2.6295   4.95871
2.6308   4.93861
2.6322   5.01508
2.6335   5.01008
2.6349   4.97785
2.6362   5.05220
2.6375   5.00377
2.6389   4.95547
2.6402   4.93871
2.6416   4.94947
2.6429   4.93643
2.6443   4.93149
2.6456   4.87816
2.647   4.89677
2.6483   4.89355
2.6497   4.90878
2.651   4.77457
2.6524   4.68646
2.6537   4.72416
2.6551   4.76423
2.6565   4.77542
2.6578   4.78922
2.6592   4.62243
2.6605   4.60250
2.6619   4.62245
2.6633   4.58006
2.6646   4.43786
2.666   4.34816
2.6674   4.27740
2.6688   4.33792
2.6701   4.30371
2.6715   4.35330
2.6729   4.41865
2.6743   4.38071
2.6756   4.30799
2.677   4.31148
2.6784   4.30073
2.6798   4.29307
2.6812   4.32296
2.6826   4.32855
2.684   4.28472
2.6853   4.30887
2.6867   4.24878
2.6881   4.22005
2.6895   4.21557
2.6909   4.22730
2.6923   4.17384
2.6937   4.06885
2.6951   4.01448
2.6965   4.02797
2.6979   4.02251
2.6993   4.03859
2.7007   3.93935
2.7021   3.95668
2.7035   3.95574
2.705   3.97433
2.7064   3.92651
2.7078   3.8454
2.7092   3.71634
2.7106   3.65329
2.712   3.63969
2.7134   3.76941
2.7149   3.81066
2.7163   3.76061
2.7177   3.69468
2.7191   3.67864
2.7206   3.54029
2.722   3.59081
2.7234   3.59798
2.7249   3.55342
2.7263   3.56359
2.7277   3.66512
2.7292   3.67699
2.7306   3.69747
2.732   3.68421
2.7335   3.61328
2.7349   3.54619
2.7364   3.62910
2.7378   3.59147
2.7392   3.47113
2.7407   3.43173
2.7421   3.53438
2.7436   3.55191
2.745   3.61263
2.7465   3.63391
2.748   3.63896
2.7494   3.59490
2.7509   3.54006
2.7523   3.45434
2.7538   3.45656
2.7553   3.40441
2.7567   3.43717
2.7582   3.49811
2.7597   3.54620
2.7611   3.54857
2.7626   3.50170
2.7641   3.40119
2.7655   3.51047
2.767   3.53127
2.7685   3.46822
2.77   3.46223
2.7715   3.49729
2.7729   3.45296
2.7744   3.49269
2.7759   3.44943
2.7774   3.46877
2.7789   3.52014
2.7804   3.62166
2.7819   3.55667
2.7834   3.47783
2.7849   3.44308
2.7863   3.42783
2.7878   3.44859
2.7893   3.54198
2.7908   3.48878
2.7924   3.49445
2.7939   3.46499
2.7954   3.46971
2.7969   3.44327
2.7984   3.45554
2.7999   3.37698
2.8014   3.40292
2.8029   3.49726
2.8044   3.55625
2.8059   3.50467
2.8075   3.46630
2.809   3.40606
2.8105   3.46344
2.812   3.45378
2.8136   3.45647
2.8151   3.43972
2.8166   3.52070
2.8181   3.49426
2.8197   3.50197
2.8212   3.41335
2.8228   3.42764
2.8243   3.46004
2.8258   3.49084
2.8274   3.51859
2.8289   3.54279
2.8305   3.48670
2.832   3.54533
2.8335   3.49789
2.8351   3.46342
2.8366   3.48443
2.8382   3.49955
2.8398   3.44945
2.8413   3.46277
2.8429   3.45312
2.8444   3.48896
2.846   3.51377
2.8476   3.51826
2.8491   3.48256
2.8507   3.49528
2.8523   3.43885
2.8538   3.44033
2.8554   3.4128
2.857   3.44928
2.8585   3.43715
2.8601   3.44570
2.8617   3.49299
2.8633   3.55056
2.8649   3.47965
2.8664   3.46727
2.868   3.43511
2.8696   3.45366
2.8712   3.42349
2.8728   3.45998
2.8744   3.42611
2.876   3.41123
2.8776   3.45241
2.8792   3.48445
2.8808   3.42225
2.8824   3.36601
2.884   3.38733
2.8856   3.47250
2.8872   3.49585
2.8888   3.52962
2.8904   3.49029
2.892   3.50331
2.8936   3.46595
2.8953   3.52867
2.8969   3.51408
2.8985   3.48611
2.9001   3.39446
2.9017   3.39488
2.9034   3.44691
2.905   3.47654
2.9066   3.43290
2.9082   3.51067
2.9099   3.53764
2.9115   3.51388
2.9131   3.49100
2.9148   3.56295
2.9164   3.49517
2.9181   3.44410
2.9197   3.42095
2.9213   3.41628
2.923   3.40859
2.9246   3.44588
2.9263   3.44624
2.9279   3.49705
2.9296   3.45986
2.9313   3.48692
2.9329   3.42702
2.9346   3.46004
2.9362   3.53677
2.9379   3.54401
2.9396   3.51348
2.9412   3.55177
2.9429   3.45512
2.9446   3.48903
2.9462   3.47183
2.9479   3.46529
2.9496   3.47303
2.9513   3.53865
2.953   3.49233
2.9546   3.50425
2.9563   3.52500
2.958   3.52365
2.9597   3.46584
2.9614   3.47147
2.9631   3.44633
2.9648   3.50754
2.9665   3.50895
2.9682   3.46901
2.9699   3.45177
2.9716   3.51444
2.9733   3.51280
2.975   3.51812
2.9767   3.58695
2.9784   3.59473
2.9801   3.51598
2.9818   3.59682
2.9835   3.57810
2.9853   3.53945
2.987   3.46328
2.9887   3.47246
2.9904   3.54209
2.9921   3.57648
2.9939   3.55614
2.9956   3.51868
2.9973   3.48115
2.9991   3.52135
3.0008   3.50017
3.0025   3.51111
3.0043   3.51594
3.006   3.50736
3.0078   3.49513
3.0095   3.48817
3.0113   3.44082
3.013   3.43870
3.0148   3.50242
3.0165   3.55894
3.0183   3.53864
3.02   3.53435
3.0218   3.53368
3.0236   3.55507
3.0253   3.52704
3.0271   3.60908
3.0289   3.63121
3.0306   3.65345
3.0324   3.57219
3.0342   3.56232
3.0359   3.55291
3.0377   3.55527
3.0395   3.51764
3.0413   3.54480
3.0431   3.55540
3.0449   3.62259
3.0466   3.60904
3.0484   3.56060
3.0502   3.51295
3.052   3.55691
3.0538   3.58685
3.0556   3.57926
3.0574   3.55899
3.0592   3.59074
3.061   3.55194
3.0628   3.53351
3.0647   3.51786
3.0665   3.54966
3.0683   3.51764
3.0701   3.48173
3.0719   3.42202
3.0737   3.48148
3.0756   3.53218
3.0774   3.55517
3.0792   3.53412
3.081   3.53144
3.0829   3.49379
3.0847   3.56414
3.0865   3.53450
3.0884   3.49407
3.0902   3.51360
3.0921   3.57046
3.0939   3.55778
3.0958   3.53367
3.0976   3.46415
3.0995   3.50165
3.1013   3.52052
3.1032   3.51423
3.105   3.52998
3.1069   3.58225
3.1087   3.58783
3.1106   3.53457
3.1125   3.44697
3.1144   3.47814
3.1162   3.47197
3.1181   3.49788
3.12   3.50766
3.1219   3.53697
3.1237   3.54767
3.1256   3.51331
3.1275   3.44787
3.1294   3.49963
3.1313   3.55005
3.1332   3.58662
3.1351   3.53482
3.137   3.51104
3.1389   3.50934
3.1408   3.53169
3.1427   3.49493
3.1446   3.48685
3.1465   3.47065
3.1484   3.50536
3.1503   3.48108
3.1522   3.47253
3.1541   3.49177
3.1561   3.51372
3.158   3.44813
3.1599   3.45477
3.1618   3.45643
3.1638   3.48226
3.1657   3.46484
3.1676   3.44356
3.1696   3.42933
3.1715   3.47950
3.1734   3.47042
3.1754   3.50650
3.1773   3.48303
3.1793   3.47285
3.1812   3.43328
3.1832   3.46987
3.1851   3.48158
3.1871   3.47465
3.189   3.45783
3.191   3.51294
3.193   3.48816
3.1949   3.47636
3.1969   3.48779
3.1989   3.48717
3.2009   3.41667
3.2028   3.41429
3.2048   3.44431
3.2068   3.47953
3.2088   3.43191
3.2108   3.43862
3.2128   3.46624
3.2148   3.46281
3.2167   3.41462
3.2187   3.41925
3.2207   3.42022
3.2227   3.45408
3.2247   3.42113
3.2268   3.41830
3.2288   3.38533
3.2308   3.38166
3.2328   3.41264
3.2348   3.46012
3.2368   3.42586
3.2388   3.42359
3.2409   3.4128
3.2429   3.42759
3.2449   3.38818
3.247   3.40720
3.249   3.42535
3.251   3.43207
3.2531   3.40471
3.2551   3.44309
3.2572   3.48752
3.2592   3.51298
3.2613   3.39150
3.2633   3.38002
3.2654   3.39094
3.2674   3.41396
3.2695   3.39752
3.2715   3.37191
3.2736   3.34473
3.2757   3.37835
3.2777   3.37702
3.2798   3.36491
3.2819   3.36473
3.284   3.38836
3.2861   3.35543
3.2881   3.34081
3.2902   3.35657
3.2923   3.40754
3.2944   3.36581
3.2965   3.3257
3.2986   3.31383
3.3007   3.32622
3.3028   3.28895
3.3049   3.32225
3.307   3.29491
3.3091   3.27308
3.3112   3.26601
3.3134   3.27628
3.3155   3.21435
3.3176   3.17903
3.3197   3.20789
3.3218   3.26159
3.324   3.25044
3.3261   3.26668
3.3282   3.24926
3.3304   3.23800
3.3325   3.23782
3.3347   3.26299
3.3368   3.24180
3.339   3.19931
3.3411   3.13215
3.3433   3.15337
3.3454   3.16221
3.3476   3.16983
3.3497   3.14969
3.3519   3.12822
3.3541   3.09996
3.3562   3.10854
3.3584   3.08322
3.3606   3.10129
3.3628   3.03657
3.365   3.04115
3.3671   3.04807
3.3693   3.02078
3.3715   3.02244
3.3737   2.99537
3.3759   2.93182
3.3781   2.96912
3.3803   3.00759
3.3825   3.02762
3.3847   2.96095
3.3869   2.95689
3.3891   2.92899
3.3914   2.87216
3.3936   2.76706
3.3958   2.72609
3.398   2.69400
3.4003   2.69736
3.4025   2.65268
3.4047   2.62488
3.407   2.57429
3.4092   2.61796
3.4114   2.60940
3.4137   2.65188
3.4159   2.74975
3.4182   2.92221
3.4204   3.18162
3.4227   3.65208
3.425   4.37884
3.4272   5.26681
3.4295   5.91048
3.4318   5.99556
3.434   5.69632
3.4363   5.32486
3.4386   5.01715
3.4409   4.80974
3.4432   4.63001
3.4454   4.51399
3.4477   4.46948
3.45   4.45963
3.4523   4.40352
3.4546   4.37411
3.4569   4.28471
3.4592   4.21654
3.4615   4.20621
3.4639   4.20305
3.4662   4.16575
3.4685   4.10385
3.4708   4.04057
3.4731   4.00787
3.4755   3.92139
3.4778   3.83470
3.4801   3.77806
3.4825   3.74857
3.4848   3.71187
3.4872   3.68802
3.4895   3.61000
3.4918   3.53602
3.4942   3.41805
3.4966   3.37837
3.4989   3.32767
3.5013   3.27542
3.5036   3.26094
3.506   3.56138
3.5084   4.43338
3.5108   5.49626
3.5131   5.84054
3.5155   5.60233
3.5179   5.25331
3.5203   4.99976
3.5227   4.78154
3.5251   4.64747
3.5275   4.56221
3.5299   4.49665
3.5323   4.43825
3.5347   4.42483
3.5371   4.35637
3.5395   4.27755
3.5419   4.27043
3.5444   4.26802
3.5468   4.23281
3.5492   4.22232
3.5516   4.18257
3.5541   4.19726
3.5565   4.16403
3.559   4.10864
3.5614   4.09543
3.5638   4.10721
3.5663   4.13185
3.5687   4.19690
3.5712   4.15219
3.5737   4.08666
3.5761   4.03857
3.5786   4.06503
3.5811   4.10669
3.5835   4.10742
3.586   4.07206
3.5885   4.08050
3.591   4.10937
3.5935   4.15161
3.596   4.10336
3.5985   4.07163
3.601   4.07302
3.6035   4.08844
3.606   4.06900
3.6085   4.06736
3.611   4.07553
3.6135   4.10693
3.616   4.09294
3.6186   4.06916
3.6211   4.01425
3.6236   4.00535
3.6261   4.04928
3.6287   4.04973
3.6312   4.04932
3.6338   4.03324
3.6363   3.98754
3.6389   4.02696
3.6414   4.02783
3.644   4.03699
3.6465   4.05388
3.6491   4.06452
3.6517   4.04598
3.6543   4.02066
3.6568   4.00335
3.6594   4.01104
3.662   4.02185
3.6646   4.02648
3.6672   3.99337
3.6698   4.02045
3.6724   4.02331
3.675   4.04674
3.6776   4.03934
3.6802   4.04531
3.6828   4.05812
3.6854   4.06003
3.688   4.02521
3.6907   4.06322
3.6933   4.06056
3.6959   4.05151
3.6986   4.01800
3.7012   3.99189
3.7039   3.98831
3.7065   4.02070
3.7092   4.00591
3.7118   4.01501
3.7145   4.03025
3.7171   4.02582
3.7198   4.0079
3.7225   4.03863
3.7251   4.05231
3.7278   4.07232
3.7305   4.05231
3.7332   4.05222
3.7359   4.06766
3.7386   4.08726
3.7413   4.07120
3.744   4.08381
3.7467   4.10258
3.7494   4.09157
3.7521   4.05976
3.7548   4.07887
3.7575   4.07425
3.7603   4.05160
3.763   4.05948
3.7657   4.11279
3.7685   4.11777
3.7712   4.13361
3.7739   4.13903
3.7767   4.08650
3.7794   4.06269
3.7822   4.10961
3.785   4.11753
3.7877   4.11383
3.7905   4.09719
3.7933   4.13317
3.796   4.13677
3.7988   4.14736
3.8016   4.16902
3.8044   4.16168
3.8072   4.11877
3.81   4.13273
3.8128   4.14578
3.8156   4.19303
3.8184   4.21144
3.8212   4.17212
3.824   4.10626
3.8269   4.10801
3.8297   4.17769
3.8325   4.20069
3.8353   4.17097
3.8382   4.17428
3.841   4.20695
3.8439   4.24994
3.8467   4.20248
3.8496   4.16977
3.8524   4.19287
3.8553   4.21697
3.8582   4.22108
3.8611   4.23914
3.8639   4.20097
3.8668   4.17848
3.8697   4.19527
3.8726   4.23211
3.8755   4.25494
3.8784   4.27129
3.8813   4.25276
3.8842   4.22962
3.8871   4.19278
3.89   4.22019
3.8929   4.24097
3.8959   4.26628
3.8988   4.24366
3.9017   4.20063
3.9047   4.19911
3.9076   4.25764
3.9106   4.25863
3.9135   4.23977
3.9165   4.22571
3.9194   4.24279
3.9224   4.22713
3.9254   4.22928
3.9283   4.23851
3.9313   4.22704
3.9343   4.26484
3.9373   4.29815
3.9403   4.26115
3.9433   4.23031
3.9463   4.21706
3.9493   4.22928
3.9523   4.22875
3.9553   4.22985
3.9583   4.21913
3.9613   4.25469
3.9644   4.28389
3.9674   4.26351
3.9704   4.25291
3.9735   4.23693
3.9765   4.22749
3.9796   4.26208
3.9826   4.25673
3.9857   4.22984
3.9888   4.23829
3.9918   4.25671
3.9949   4.22683
3.998   4.24293
4.0011   4.23330
4.0042   4.21955
4.0073   4.20838
4.0104   4.22016
4.0135   4.20996
4.0166   4.22437
4.0197   4.24463
4.0228   4.22040
4.0259   4.20036
4.0291   4.24051
4.0322   4.24002
4.0353   4.26236
4.0385   4.23551
4.0416   4.21813
4.0448   4.21568
4.0479   4.22078
4.0511   4.22714
4.0543   4.25687
4.0574   4.26052
4.0606   4.27051
4.0638   4.24692
4.067   4.23755
4.0702   4.23055
4.0734   4.21406
4.0766   4.21531
4.0798   4.23871
4.083   4.25734
4.0862   4.26693
4.0894   4.24122
4.0927   4.22668
4.0959   4.24854
4.0991   4.24516
4.1024   4.22108
4.1056   4.24559
4.1089   4.24546
4.1121   4.21162
4.1154   4.21626
4.1187   4.22599
4.1219   4.21474
4.1252   4.17639
4.1285   4.16795
4.1318   4.21531
4.1351   4.21094
4.1384   4.18218
4.1417   4.19095
4.145   4.1904
4.1483   4.16364
4.1516   4.19829
4.155   4.21199
4.1583   4.17807
4.1616   4.16571
4.165   4.14012
4.1683   4.16250
4.1717   4.19467
4.175   4.16758
4.1784   4.15819
4.1818   4.16520
4.1851   4.16812
4.1885   4.19114
4.1919   4.20232
4.1953   4.17608
4.1987   4.17864
4.2021   4.20236
4.2055   4.19829
4.2089   4.20241
4.2123   4.26477
4.2158   4.32563
4.2192   4.34933
4.2226   4.28863
4.2261   4.26902
4.2295   4.32834
4.233   4.37747
4.2364   4.33508
4.2399   4.26555
4.2434   4.22445
4.2468   4.20026
4.2503   4.25399
4.2538   4.28960
4.2573   4.23725
4.2608   4.19014
4.2643   4.24238
4.2678   4.31688
4.2713   4.35220
4.2748   4.29468
4.2784   4.22211
4.2819   4.24246
4.2854   4.23100
4.289   4.20327
4.2925   4.21301
4.2961   4.20980
4.2997   4.23487
4.3032   4.28897
4.3068   4.18712
4.3104   4.11170
4.314   4.11806
4.3176   4.06127
4.3212   4.07873
4.3248   4.11064
4.3284   4.12387
4.332   4.15330
4.3356   4.12380
4.3392   4.06051
4.3429   4.05258
4.3465   4.04113
4.3502   4.00107
4.3538   4.00662
4.3575   4.05066
4.3611   4.04434
4.3648   4.02529
4.3685   4.02690
4.3722   4.02366
4.3759   4.02603
4.3796   4.03400
4.3833   4.03279
4.387   4.00848
4.3907   4.00877
4.3944   4.03310
4.3981   4.00235
4.4019   4.01897
4.4056   4.05003
4.4093   4.01316
4.4131   3.97860
4.4169   3.97967
4.4206   3.96111
4.4244   3.98579
4.4282   4.03477
4.432   4.03941
4.4357   3.99283
4.4395   3.98607
4.4434   4.00826
4.4472   4.00584
4.451   3.95603
4.4548   3.94708
4.4586   3.98245
4.4625   3.96589
4.4663   3.95060
4.4702   3.94628
4.474   3.96090
4.4779   3.96648
4.4818   3.94908
4.4856   3.93065
4.4895   3.94465
4.4934   3.96517
4.4973   3.97321
4.5012   3.95383
4.5051   3.92338
4.509   3.91221
4.513   3.88342
4.5169   3.88891
4.5208   3.90698
4.5248   3.90979
4.5287   3.90712
4.5327   3.90510
4.5367   3.92702
4.5406   3.95821
4.5446   3.96042
4.5486   3.91146
4.5526   3.90252
4.5566   3.94221
4.5606   3.93085
4.5646   3.92586
4.5686   3.92377
4.5727   3.95219
4.5767   3.95102
4.5807   3.92378
4.5848   3.88857
4.5888   3.86316
4.5929   3.85673
4.597   3.87333
4.6011   3.90541
4.6051   3.92419
4.6092   3.88939
4.6133   3.87814
4.6174   3.87127
4.6216   3.86878
4.6257   3.85691
4.6298   3.90285
4.634   3.89190
4.6381   3.85659
4.6422   3.86733
4.6464   3.86665
4.6506   3.82734
4.6547   3.82066
4.6589   3.86729
4.6631   3.92540
4.6673   3.90303
4.6715   3.86569
4.6757   3.84796
4.68   3.87969
4.6842   3.88419
4.6884   3.88173
4.6927   3.82438
4.6969   3.82480
4.7012   3.83869
4.7054   3.85586
4.7097   3.86696
4.714   3.88423
4.7183   3.86081
4.7226   3.84914
4.7269   3.84708
4.7312   3.83361
4.7355   3.83713
4.7398   3.86969
4.7442   3.83491
4.7485   3.83048
4.7529   3.85078
4.7572   3.87843
4.7616   3.84931
4.766   3.84787
4.7704   3.86517
4.7748   3.87017
4.7792   3.88299
4.7836   3.92226
4.788   3.92172
4.7924   3.88516
4.7968   3.86131
4.8013   3.87656
4.8057   3.84079
4.8102   3.85704
4.8147   3.85606
4.8191   3.84826
4.8236   3.84591
4.8281   3.86844
4.8326   3.83003
4.8371   3.81504
4.8416   3.83703
4.8462   3.82088
4.8507   3.81082
4.8552   3.83867
4.8598   3.85510
4.8643   3.89370
4.8689   3.88151
4.8735   3.86528
4.8781   3.86338
4.8827   3.88767
4.8873   3.90816
4.8919   3.92493
4.8965   3.90232
4.9011   3.84882
4.9058   3.84891
4.9104   3.90384
4.9151   3.89888
4.9197   3.90774
4.9244   3.91129
4.9291   3.90420
4.9338   3.87910
4.9385   3.86347
4.9432   3.89060
4.9479   3.94530
4.9526   3.92483
4.9574   3.92979
4.9621   3.96248
4.9668   3.95224
4.9716   3.91944
4.9764   3.92356
4.9812   3.92345
4.986   3.94140
4.9908   3.94355
4.9956   3.95220
5.0004   3.93087
5.0052   3.90943
5.01   3.91207
5.0149   3.93462
5.0197   3.92879
5.0246   3.94502
5.0295   3.92199
5.0344   3.94792
5.0393   3.97506
5.0442   3.95055
5.0491   3.93670
5.054   4.01344
5.0589   4.02445
5.0639   4.02178
5.0688   4.00216
5.0738   3.97834
5.0787   3.94926
5.0837   3.93890
5.0887   3.95184
5.0937   3.98031
5.0987   3.95329
5.1037   3.97722
5.1088   3.98587
5.1138   3.99417
5.1188   4.00606
5.1239   4.01314
5.129   4.00881
5.134   3.99831
5.1391   3.98302
5.1442   3.95966
5.1493   3.93378
5.1545   3.99125
5.1596   3.99615
5.1647   4.00279
5.1699   4.02695
5.175   4.03781
5.1802   3.99966
5.1854   3.98313
5.1906   3.99135
5.1958   4.01568
5.201   3.99670
5.2062   4.01682
5.2114   3.95569
5.2167   3.94498
5.2219   3.99548
5.2272   4.04899
5.2325   4.03036
5.2378   3.99703
5.2431   3.99027
5.2484   4.00406
5.2537   4.01956
5.259   4.03566
5.2644   4.02415
5.2697   4.05323
5.2751   4.03465
5.2804   4.02722
5.2858   4.00759
5.2912   3.99242
5.2966   3.99864
5.302   4.05015
5.3075   4.02975
5.3129   4.02677
5.3183   3.99444
5.3238   3.99845
5.3293   4.03270
5.3348   4.04314
5.3403   4.00648
5.3458   3.96782
5.3513   3.90954
5.3568   3.95983
5.3623   4.00161
5.3679   4.01648
5.3735   3.96684
5.379   3.96117
5.3846   3.94358
5.3902   3.94148
5.3958   3.90123
5.4014   3.91109
5.4071   3.91325
5.4127   3.90471
5.4184   3.85435
5.424   3.84536
5.4297   3.90006
5.4354   3.95070
5.4411   3.94625
5.4468   3.95202
5.4526   3.9306
5.4583   3.85984
5.4641   3.78769
5.4698   3.82495
5.4756   3.83224
5.4814   3.83703
5.4872   3.82995
5.493   3.83656
5.4988   3.80662
5.5047   3.81100
5.5105   3.79248
5.5164   3.74418
5.5222   3.70733
5.5281   3.76033
5.534   3.76438
5.5399   3.75738
5.5459   3.70494
5.5518   3.69494
5.5578   3.70528
5.5637   3.72928
5.5697   3.68131
5.5757   3.61841
5.5817   3.54729
5.5877   3.59561
5.5937   3.61561
5.5998   3.63684
5.6058   3.59805
5.6119   3.56515
5.618   3.50940
5.6241   3.49974
5.6302   3.44097
5.6363   3.41363
5.6424   3.35403
5.6486   3.39955
5.6547   3.40246
5.6609   3.41391
5.6671   3.39508
5.6733   3.32469
5.6795   3.26683
5.6857   3.3136
5.692   3.26143
5.6982   3.26342
5.7045   3.23434
5.7108   3.16615
5.7171   3.13951
5.7234   3.19861
5.7297   3.21557
5.7361   3.24236
5.7424   3.25435
5.7488   3.28416
5.7551   3.31223
5.7615   3.27947
5.768   3.22973
5.7744   3.36695
5.7808   3.43958
5.7873   3.49691
5.7937   3.47691
5.8002   3.53344
5.8067   3.55759
5.8132   3.58344
5.8197   3.48564
5.8263   3.49495
5.8328   3.55220
5.8394   3.64887
5.846   3.72924
5.8526   3.81110
5.8592   3.79143
5.8658   3.78511
5.8725   3.82438
5.8791   3.76858
5.8858   3.77489
5.8925   3.82036
5.8992   3.77782
5.9059   3.92342
5.9126   3.97593
5.9194   3.97471
5.9262   3.89406
5.9329   3.77291
5.9397   3.71804
5.9465   3.89631
5.9534   3.95259
5.9602   3.96931
5.9671   3.82275
5.9739   3.77946
5.9808   3.80872
5.9877   3.82768
5.9947   3.78364
6.0016   3.79225
6.0086   3.75214
6.0155   3.76226
6.0225   3.80376
6.0295   3.85560
6.0365   3.80324
6.0436   3.65437
6.0506   3.46078
6.0577   3.62006
6.0648   3.67031
6.0719   3.59918
6.079   3.58034
6.0861   3.72422
6.0933   3.72672
6.1005   3.74517
6.1076   3.67288
6.1148   3.65341
6.1221   3.71704
6.1293   3.85066
6.1366   3.85698
6.1438   3.86724
6.1511   3.86179
6.1584   3.84581
6.1657   3.85666
6.1731   3.92902
6.1804   3.84443
6.1878   3.89735
6.1952   4.00145
6.2026   4.02083
6.21   3.98251
6.2175   4.04680
6.225   4.04290
6.2324   4.04372
6.2399   4.02435
6.2475   4.09528
6.255   4.04159
6.2625   4.04012
6.2701   4.02479
6.2777   4.02501
6.2853   3.99831
6.2929   4.05718
6.3006   4.03143
6.3083   4.03085
6.3159   4.02490
6.3236   4.04353
6.3314   4.02486
6.3391   3.95300
6.3469   3.81107
6.3546   3.95857
6.3624   3.96053
6.3703   3.91225
6.3781   3.91173
6.3859   3.97961
6.3938   3.96151
6.4017   3.94905
6.4096   3.72415
6.4176   3.67741
6.4255   3.78187
6.4335   3.84219
6.4415   3.86191
6.4495   3.89755
6.4575   3.85675
6.4656   3.87624
6.4736   3.77724
6.4817   3.70429
6.4898   3.60683
6.498   3.65715
6.5061   3.72114
6.5143   3.76463
6.5225   3.75525
6.5307   3.84416
6.539   3.80154
6.5472   3.76305
6.5555   3.67315
6.5638   3.65997
6.5721   3.55032
6.5804   3.62729
6.5888   3.64624
6.5972   3.68630
6.6056   3.67872
6.614   3.69061
6.6225   3.60889
6.6309   3.51392
6.6394   3.43521
6.6479   3.61405
6.6565   3.70841
6.665   3.66112
6.6736   3.53171
6.6822   3.55841
6.6908   3.61537
6.6995   3.64384
6.7081   3.50338
6.7168   3.47273
6.7255   3.49690
6.7343   3.56316
6.743   3.47765
6.7518   3.45119
6.7606   3.33642
6.7694   3.23277
6.7783   3.17116
6.7872   3.39994
6.7961   3.67163
6.805   3.75032
6.8139   3.64056
6.8229   3.61422
6.8319   3.79719
6.8409   4.16808
6.8499   4.09851
6.859   3.87779
6.8681   3.74378
6.8772   3.91572
6.8863   3.95685
6.8955   3.99138
6.9046   3.91917
6.9139   3.93467
6.9231   3.88969
6.9323   3.89663
6.9416   3.85349
6.9509   3.82742
6.9603   3.75052
6.9696   3.86466
6.979   3.83396
6.9884   3.83497
6.9978   3.76806
7.0073   3.81040
7.0168   3.80763
7.0263   3.85363
7.0358   3.83376
7.0454   3.85104
7.055   3.81347
7.0646   3.88690
7.0742   3.92284
7.0839   3.99187
7.0936   3.95204
7.1033   3.95032
7.113   3.87089
7.1228   3.86256
7.1326   3.86982
7.1424   3.90249
7.1523   3.81482
7.1621   3.81984
7.172   3.81594
7.182   3.90168
7.1919   3.87020
7.2019   3.83485
7.2119   3.77683
7.222   3.86671
7.2321   3.80992
7.2422   3.88208
7.2523   3.89708
7.2624   3.92461
7.2726   3.85274
7.2828   3.86606
7.2931   3.84915
7.3034   3.81564
7.3137   3.76233
7.324   3.84011
7.3344   3.81235
7.3447   3.85799
7.3552   3.82863
7.3656   3.84355
7.3761   3.77029
7.3866   3.79675
7.3971   3.73491
7.4077   3.78625
7.4183   3.81314
7.4289   3.85648
7.4396   3.78387
7.4503   3.81337
7.461   3.74895
7.4717   3.79345
7.4825   3.78264
7.4933   3.83869
7.5042   3.77900
7.5151   3.77463
7.526   3.75363
7.5369   3.83273
7.5479   3.78181
7.5589   3.81137
7.5699   3.81300
7.581   3.86459
7.5921   3.82711
7.6032   3.81449
7.6144   3.76215
7.6256   3.82895
7.6368   3.74137
7.6481   3.66105
7.6594   3.68793
7.6707   3.79476
7.6821   3.75603
7.6935   3.79557
7.7049   3.74120
7.7164   3.75424
7.7278   3.69197
7.7394   3.75513
7.751   3.73438
7.7626   3.81535
7.7742   3.78123
7.7859   3.83181
7.7976   3.82362
7.8093   3.87869
7.8211   3.84688
7.8329   3.89191
7.8448   3.84075
7.8566   3.84160
7.8686   3.77454
7.8805   3.82972
7.8925   3.77177
7.9046   3.80704
7.9166   3.78691
7.9287   3.87969
7.9409   3.88992
7.9531   3.95137
7.9653   3.89828
7.9775   3.95788
7.9898   3.8871
8.0021   3.94347
8.0145   3.91796
8.0269   3.95810
8.0394   3.93552
8.0518   3.97841
8.0644   3.91106
8.0769   3.97643
8.0895   3.96553
8.1022   4.04399
8.1148   3.99405
8.1276   4.05043
8.1403   3.96812
8.1531   4.02117
8.166   4.00276
8.1788   4.08569
8.1918   4.01506
8.2047   4.07542
8.2177   4.07445
8.2308   4.15822
8.2439   4.04903
8.257   4.08136
8.2702   4.00353
8.2834   4.06281
8.2966   3.97108
8.3099   4.02451
8.3233   4.01231
8.3366   4.11971
8.3501   4.03166
8.3635   4.08912
8.377   4.04168
8.3906   4.07802
8.4042   4.01782
8.4178   4.08779
8.4315   4.02015
8.4453   4.10246
8.459   4.07531
8.4729   4.15432
8.4867   4.10048
8.5006   4.20097
8.5146   4.14084
8.5286   4.19977
8.5426   4.16761
8.5567   4.21241
8.5709   4.10440
8.5851   4.22593
8.5993   4.28684
8.6136   4.45181
8.6279   4.35954
8.6423   4.38587
8.6567   4.34295
8.6712   4.46120
8.6857   4.43654
8.7003   4.56292
8.7149   4.52123
8.7296   4.59751
8.7443   4.51189
8.7591   4.60260
8.7739   4.53291
8.7888   4.59178
8.8037   4.55940
8.8187   4.69430
8.8337   4.58802
8.8488   4.56846
8.8639   4.53373
8.8791   4.67733
8.8943   4.60085
8.9096   4.75304
8.9249   4.6678
8.9403   4.71843
8.9558   4.66011
8.9713   4.70364
8.9868   4.65020
9.0024   4.77854
9.0181   4.76560
9.0338   4.91598
9.0495   4.84705
9.0654   4.90755
9.0812   4.85731
9.0972   4.91657
9.1132   4.80089
9.1292   4.86603
9.1453   4.86751
9.1615   5.00707
9.1777   4.89071
9.194   4.92391
9.2103   4.90169
9.2267   4.98742
9.2431   4.87596
9.2596   4.96858
9.2762   4.91179
9.2928   5.00738
9.3095   4.89516
9.3262   4.93446
9.343   4.83100
9.3599   4.91982
9.3768   4.88932
9.3938   5.06627
9.4109   4.98982
9.428   5.04961
9.4451   5.07614
9.4624   5.22722
9.4797   5.08425
9.4971   5.12152
9.5145   5.00330
9.532   5.10570
9.5495   5.09350
9.5671   5.14996
9.5848   4.98748
9.6026   5.06214
9.6204   4.96829
9.6383   5.0687
9.6562   5.03478
9.6742   5.13216
9.6923   4.95476
9.7105   5.07752
9.7287   5.01719
9.747   5.02482
9.7653   4.87217
9.7837   4.93920
9.8022   4.84466
9.8208   4.85611
9.8394   4.73653
9.8581   4.75273
9.8769   4.58400
9.8958   4.71610
9.9147   4.68499
9.9337   4.71224
9.9528   4.63427
9.9719   4.66378
9.9911   4.52830
10.0104   4.60432
10.0298   4.56548
10.0492   4.62652
10.0687   4.51641
10.0883   4.61462
10.108   4.52168
10.1277   4.60671
10.1475   4.51963
10.1674   4.52769
10.1874   4.44089
10.2074   4.53129
10.2276   4.50850
10.2478   4.61089
10.2681   4.54955
10.2885   4.61324
10.3089   4.43734
10.3295   4.47966
10.3501   4.43497
10.3708   4.49789
10.3916   4.37919
10.4124   4.50331
10.4334   4.44289
10.4544   4.55310
10.4755   4.50030
10.4967   4.57688
10.518   4.48810
10.5394   4.60799
10.5609   4.57085
10.5824   4.69697
10.6041   4.62704
10.6258   4.70604
10.6476   4.57786
10.6695   4.63377
10.6915   4.60484
10.7136   4.70149
10.7358   4.63925
10.7581   4.72046
10.7804   4.55504
10.8029   4.59812
10.8254   4.52888
10.8481   4.62306
10.8708   4.47334
10.8937   4.56585
10.9166   4.46848
10.9396   4.55669
10.9628   4.42899
10.986   4.46146
11.0093   4.39247
11.0327   4.56600
11.0563   4.43715
11.0799   4.43033
11.1036   4.32065
11.1274   4.38025
11.1514   4.27585
11.1754   4.39868
11.1995   4.32065
11.2238   4.41990
11.2481   4.32676
11.2726   4.38276
11.2971   4.26744
11.3218   4.32980
11.3466   4.26627
11.3715   4.37946
11.3965   4.33109
11.4216   4.42269
11.4468   4.25225
11.4721   4.31431
11.4975   4.24414
11.5231   4.34439
11.5487   4.19967
11.5745   4.26178
11.6004   4.11310
11.6264   4.18106
11.6525   4.07619
11.6788   4.25063
11.7052   4.15614
11.7316   4.20189
11.7582   3.99558
11.785   4.09338
11.8118   4.01442
11.8388   4.07221
11.8659   3.85502
11.8931   4.02546
11.9204   3.98636
11.9479   4.02568
11.9755   3.90683
12.0032   4.09738
12.0311   3.96625
12.059   4.07827
12.0871   3.92659
12.1154   3.96654
12.1438   3.85250
12.1723   4.04225
12.2009   3.91414
12.2297   4.06783
12.2586   3.98807
12.2876   4.12048
12.3168   4.02480
12.3462   4.26294
12.3756   4.03479
12.4052   4.02503
12.435   3.93949
12.4649   4.13807
12.4949   4.02345
12.5251   4.09610
12.5554   3.81899
12.5859   3.99862
12.6165   3.94601
12.6473   4.10702
12.6782   4.01278
12.7093   4.12090
12.7405   3.93382
12.7719   4.11076
12.8034   4.07973
12.8351   4.25104
12.867   4.05499
12.899   4.21965
12.9311   4.07899
12.9635   4.14569
12.996   3.98433
13.0286   4.28452
13.0614   4.17238
13.0944   4.29121
13.1276   4.08908
13.1609   4.22282
13.1944   4.13000
13.228   4.26821
13.2619   4.00875
13.2959   4.18437
13.33   4.11153
13.3644   4.27765
13.3989   4.14179
13.4336   4.25233
13.4685   4.03713
13.5036   4.22319
13.5389   4.17953
13.5743   4.29057
13.6099   3.97706
13.6458   4.02231
13.6818   4.08507
13.7179   4.57977
13.7543   4.47194
13.7909   4.51986
13.8277   4.16089
13.8647   4.52055
13.9018   4.76808
13.9392   5.25290
13.9768   5.02574
14.0146   5.06108
14.0525   4.75342
14.0907   4.94323
14.1291   4.71490
14.1677   4.79077
14.2065   4.55036
14.2456   4.94583
14.2848   4.91094
14.3243   5.07407
14.3639   4.67791
14.4038   4.93944
14.444   4.71397
14.4843   4.95574
14.5249   4.78226
14.5657   5.09281
14.6067   4.86663
14.648   5.12323
14.6895   4.72190
14.7312   5.04709
14.7732   4.86709
14.8154   5.08798
14.8578   4.84851
14.9005   5.18803
14.9435   4.87467
14.9867   5.20981
15.0301   4.73975
15.0738   5.05037
15.1177   4.62139
15.1619   5.03933
15.2064   4.80469
15.2511   5.20156
15.2961   4.84269
15.3414   5.24702
15.3869   0

