Name: Beaucarnea recurvata
Type: vegetation
Class: Tree
Genus: Beaucarnea
Species: recurvata
Sample No.: JPL069
Owner: JPL
Wavelength Range: All
Origin: 34.12603; - 118.11015; WGS84
Collection Date: 2/2/2016
Description: Samples were collected at the Huntington Garden in San
Marino California as part of a JPL Subcontract studying HyTES imagery.
Samples were taken to JPL and processed within 48 hours of collection.
The same leaves were processed in the Nicolet and then measured using
the ASD.
 
Measurement: Bidirectional and directional hemispherical reflectance
First Column: X
Second Column: Y
X Units: Wavelength (micrometer)
Y Units: Reflectance (percentage)
First X Value: 0.35
Last X Value: 15.3869
Number of X Values: 3889
Additional Information: 

0.35   5.52203
0.351   5.79787
0.352   5.88237
0.353   6.08078
0.354   6.57795
0.355   6.42237
0.356   6.59970
0.357   6.79975
0.358   6.25595
0.359   6.07309
0.36   5.98232
0.361   5.88259
0.362   6.13745
0.363   6.14905
0.364   6.33622
0.365   6.96998
0.366   6.93808
0.367   6.79568
0.368   6.65181
0.369   6.32572
0.37   6.02485
0.371   5.74162
0.372   5.65014
0.373   6.40292
0.374   6.52693
0.375   6.20327
0.376   6.09127
0.377   6.20010
0.378   5.91010
0.379   5.47369
0.38   5.83941
0.381   6.58834
0.382   6.64662
0.383   5.92079
0.384   6.54176
0.385   6.97813
0.386   6.98387
0.387   6.83420
0.388   6.83743
0.389   6.71390
0.39   6.46412
0.391   6.41812
0.392   6.80572
0.393   7.01158
0.394   6.68080
0.395   6.54436
0.396   6.67482
0.397   6.77940
0.398   6.50457
0.399   6.54829
0.4   6.79325
0.401   7.04149
0.402   7.09533
0.403   6.98825
0.404   6.88737
0.405   6.91471
0.406   6.92894
0.407   6.89839
0.408   6.88891
0.409   7.00660
0.41   7.06412
0.411   7.22114
0.412   7.46607
0.413   7.37938
0.414   7.44824
0.415   7.56286
0.416   7.49139
0.417   7.34995
0.418   7.37432
0.419   7.49341
0.42   7.37842
0.421   7.47540
0.422   7.61546
0.423   7.63364
0.424   7.67651
0.425   7.64415
0.426   7.59423
0.427   7.64599
0.428   7.80644
0.429   7.85807
0.43   7.75622
0.431   7.70837
0.432   7.69559
0.433   7.69376
0.434   7.70137
0.435   7.83071
0.436   7.96938
0.437   8.00505
0.438   7.85902
0.439   7.90844
0.44   8.00500
0.441   8.01795
0.442   8.05246
0.443   8.08577
0.444   8.11641
0.445   8.15304
0.446   8.23038
0.447   8.28680
0.448   8.32386
0.449   8.42199
0.45   8.53676
0.451   8.56781
0.452   8.49440
0.453   8.60009
0.454   8.60846
0.455   8.56380
0.456   8.68620
0.457   8.71750
0.458   8.75662
0.459   8.85368
0.46   8.88691
0.461   8.88106
0.462   8.87085
0.463   8.88590
0.464   8.88121
0.465   8.94294
0.466   9.03211
0.467   8.98843
0.468   9.01706
0.469   9.05654
0.47   9.04315
0.471   9.07324
0.472   9.05696
0.473   9.03294
0.474   9.09676
0.475   9.20058
0.476   9.23239
0.477   9.17999
0.478   9.19619
0.479   9.16644
0.48   9.12238
0.481   9.12711
0.482   9.18049
0.483   9.24439
0.484   9.31049
0.485   9.39368
0.486   9.38352
0.487   9.39660
0.488   9.50020
0.489   9.53421
0.49   9.58726
0.491   9.67257
0.492   9.76138
0.493   9.77852
0.494   9.88160
0.495   10.1030
0.496   10.2708
0.497   10.3601
0.498   10.4532
0.499   10.6394
0.5   10.8920
0.501   11.1209
0.502   11.3188
0.503   11.5499
0.504   11.8103
0.505   12.1115
0.506   12.4434
0.507   12.7426
0.508   13.0559
0.509   13.4081
0.51   13.8050
0.511   14.1868
0.512   14.5737
0.513   14.9819
0.514   15.4126
0.515   15.8898
0.516   16.3651
0.517   16.7910
0.518   17.1895
0.519   17.6474
0.52   18.1442
0.521   18.5824
0.522   19.0091
0.523   19.4216
0.524   19.8166
0.525   20.2073
0.526   20.5925
0.527   20.9464
0.528   21.2448
0.529   21.5603
0.53   21.8435
0.531   22.0862
0.532   22.3440
0.533   22.6010
0.534   22.8165
0.535   22.9768
0.536   23.1907
0.537   23.3722
0.538   23.5081
0.539   23.6419
0.54   23.8114
0.541   23.9732
0.542   24.1021
0.543   24.2382
0.544   24.3630
0.545   24.4640
0.546   24.5305
0.547   24.5667
0.548   24.5963
0.549   24.6345
0.55   24.6840
0.551   24.7386
0.552   24.7816
0.553   24.8008
0.554   24.8114
0.555   24.7736
0.556   24.6964
0.557   24.6253
0.558   24.5860
0.559   24.5406
0.56   24.4579
0.561   24.3384
0.562   24.2380
0.563   24.1358
0.564   23.9936
0.565   23.8801
0.566   23.7486
0.567   23.5792
0.568   23.3921
0.569   23.2102
0.57   23.0359
0.571   22.8580
0.572   22.6398
0.573   22.4223
0.574   22.2326
0.575   22.0808
0.576   21.9249
0.577   21.7669
0.578   21.6134
0.579   21.4662
0.58   21.3454
0.581   21.2271
0.582   21.0853
0.583   20.9893
0.584   20.9109
0.585   20.8173
0.586   20.6808
0.587   20.5737
0.588   20.4788
0.589   20.3772
0.59   20.3157
0.591   20.2633
0.592   20.2020
0.593   20.1250
0.594   20.0452
0.595   19.9919
0.596   19.9663
0.597   19.9209
0.598   19.8787
0.599   19.8467
0.6   19.8181
0.601   19.7480
0.602   19.6575
0.603   19.5648
0.604   19.4808
0.605   19.3877
0.606   19.2775
0.607   19.1497
0.608   19.0113
0.609   18.8927
0.61   18.7800
0.611   18.6409
0.612   18.4719
0.613   18.3049
0.614   18.1521
0.615   17.9864
0.616   17.8315
0.617   17.6851
0.618   17.5416
0.619   17.4064
0.62   17.2976
0.621   17.2176
0.622   17.1541
0.623   17.0743
0.624   16.9994
0.625   16.9512
0.626   16.9355
0.627   16.9338
0.628   16.9313
0.629   16.9174
0.63   16.8910
0.631   16.8821
0.632   16.8848
0.633   16.8534
0.634   16.8133
0.635   16.7466
0.636   16.6366
0.637   16.4961
0.638   16.3302
0.639   16.1528
0.64   15.9781
0.641   15.7844
0.642   15.5685
0.643   15.3326
0.644   15.0845
0.645   14.8197
0.646   14.5728
0.647   14.3706
0.648   14.1559
0.649   13.9663
0.65   13.8072
0.651   13.6556
0.652   13.5351
0.653   13.4258
0.654   13.3102
0.655   13.1931
0.656   13.0546
0.657   12.8908
0.658   12.7082
0.659   12.5209
0.66   12.3156
0.661   12.0880
0.662   11.8454
0.663   11.6131
0.664   11.4059
0.665   11.2213
0.666   11.0198
0.667   10.8394
0.668   10.6859
0.669   10.5496
0.67   10.4360
0.671   10.3567
0.672   10.3083
0.673   10.2675
0.674   10.2381
0.675   10.2186
0.676   10.2088
0.677   10.2132
0.678   10.2534
0.679   10.3258
0.68   10.4124
0.681   10.5327
0.682   10.7007
0.683   10.9307
0.684   11.2368
0.685   11.6206
0.686   12.1049
0.687   12.7057
0.688   13.3891
0.689   14.1790
0.69   15.0730
0.691   16.0472
0.692   17.1231
0.693   18.2706
0.694   19.4571
0.695   20.6616
0.696   21.9046
0.697   23.1547
0.698   24.3702
0.699   25.5916
0.7   26.7902
0.701   27.9374
0.702   29.0182
0.703   30.0648
0.704   31.0666
0.705   32.0132
0.706   32.9104
0.707   33.7737
0.708   34.5861
0.709   35.3331
0.71   36.0810
0.711   36.8044
0.712   37.4881
0.713   38.1393
0.714   38.7507
0.715   39.3551
0.716   39.9649
0.717   40.5257
0.718   41.0662
0.719   41.5902
0.72   42.0931
0.721   42.5632
0.722   43.0207
0.723   43.4725
0.724   43.9057
0.725   44.3021
0.726   44.6632
0.727   45.0021
0.728   45.3510
0.729   45.6689
0.73   45.9621
0.731   46.2493
0.732   46.4931
0.733   46.7363
0.734   46.9809
0.735   47.1859
0.736   47.3950
0.737   47.5849
0.738   47.7416
0.739   47.9043
0.74   48.0633
0.741   48.2091
0.742   48.3335
0.743   48.4425
0.744   48.5518
0.745   48.6547
0.746   48.7277
0.747   48.8209
0.748   48.9080
0.749   48.9680
0.75   49.0177
0.751   49.0718
0.752   49.1243
0.753   49.1664
0.754   49.2227
0.755   49.2605
0.756   49.2788
0.757   49.3027
0.758   49.3255
0.759   49.3545
0.76   49.3874
0.761   49.4021
0.762   49.4230
0.763   49.4435
0.764   49.4556
0.765   49.4839
0.766   49.5060
0.767   49.5202
0.768   49.5362
0.769   49.5312
0.77   49.5258
0.771   49.5313
0.772   49.5397
0.773   49.5521
0.774   49.5705
0.775   49.5892
0.776   49.5792
0.777   49.5659
0.778   49.5695
0.779   49.5963
0.78   49.5891
0.781   49.5826
0.782   49.5999
0.783   49.6410
0.784   49.6416
0.785   49.6192
0.786   49.6021
0.787   49.6052
0.788   49.6198
0.789   49.6311
0.79   49.6267
0.791   49.6155
0.792   49.6051
0.793   49.6058
0.794   49.6252
0.795   49.6304
0.796   49.6163
0.797   49.5922
0.798   49.5806
0.799   49.5795
0.8   49.5749
0.801   49.5586
0.802   49.5451
0.803   49.5427
0.804   49.5402
0.805   49.5253
0.806   49.5322
0.807   49.5170
0.808   49.4860
0.809   49.4870
0.81   49.4844
0.811   49.4729
0.812   49.4543
0.813   49.4357
0.814   49.4171
0.815   49.4024
0.816   49.3932
0.817   49.3815
0.818   49.3692
0.819   49.3524
0.82   49.3295
0.821   49.3252
0.822   49.3292
0.823   49.3252
0.824   49.2972
0.825   49.2705
0.826   49.2516
0.827   49.2454
0.828   49.2600
0.829   49.2332
0.83   49.2007
0.831   49.1982
0.832   49.1796
0.833   49.1547
0.834   49.1326
0.835   49.1221
0.836   49.1311
0.837   49.1233
0.838   49.1075
0.839   49.1245
0.84   49.1438
0.841   49.1340
0.842   49.1011
0.843   49.0995
0.844   49.1036
0.845   49.1169
0.846   49.1352
0.847   49.1207
0.848   49.0983
0.849   49.0918
0.85   49.1143
0.851   49.1402
0.852   49.1513
0.853   49.1505
0.854   49.1527
0.855   49.1527
0.856   49.1541
0.857   49.1565
0.858   49.1566
0.859   49.1754
0.86   49.1977
0.861   49.2077
0.862   49.1990
0.863   49.1891
0.864   49.2056
0.865   49.2580
0.866   49.3094
0.867   49.3157
0.868   49.2969
0.869   49.2949
0.87   49.3243
0.871   49.3386
0.872   49.3337
0.873   49.3319
0.874   49.3270
0.875   49.3473
0.876   49.3835
0.877   49.3942
0.878   49.4209
0.879   49.4310
0.88   49.4174
0.881   49.4218
0.882   49.4277
0.883   49.4562
0.884   49.4973
0.885   49.4601
0.886   49.4260
0.887   49.4301
0.888   49.4772
0.889   49.5345
0.89   49.5442
0.891   49.5293
0.892   49.5359
0.893   49.5213
0.894   49.5119
0.895   49.5413
0.896   49.6210
0.897   49.6048
0.898   49.5716
0.899   49.5655
0.9   49.5748
0.901   49.5788
0.902   49.5752
0.903   49.5680
0.904   49.5647
0.905   49.5814
0.906   49.5848
0.907   49.5678
0.908   49.5862
0.909   49.5887
0.91   49.5663
0.911   49.5353
0.912   49.5434
0.913   49.5526
0.914   49.5500
0.915   49.5370
0.916   49.5333
0.917   49.5226
0.918   49.5048
0.919   49.4863
0.92   49.4656
0.921   49.4536
0.922   49.4308
0.923   49.3793
0.924   49.3950
0.925   49.3770
0.926   49.3113
0.927   49.2629
0.928   49.2908
0.929   49.2819
0.93   49.2018
0.931   49.1158
0.932   49.1046
0.933   49.1031
0.934   49.0602
0.935   48.9756
0.936   48.9088
0.937   48.8951
0.938   48.9122
0.939   48.8706
0.94   48.7670
0.941   48.6699
0.942   48.6291
0.943   48.6301
0.944   48.5518
0.945   48.4579
0.946   48.4056
0.947   48.3375
0.948   48.2700
0.949   48.1636
0.95   48.0235
0.951   47.9950
0.952   47.9027
0.953   47.7596
0.954   47.6245
0.955   47.5032
0.956   47.3912
0.957   47.2897
0.958   47.1992
0.959   47.1114
0.96   47.0263
0.961   46.9585
0.962   46.9229
0.963   46.9217
0.964   46.8525
0.965   46.7583
0.966   46.7218
0.967   46.7137
0.968   46.6861
0.969   46.6581
0.97   46.6567
0.971   46.5980
0.972   46.5484
0.973   46.5433
0.974   46.5806
0.975   46.5922
0.976   46.5851
0.977   46.5638
0.978   46.5408
0.979   46.5753
0.98   46.5233
0.981   46.4617
0.982   46.5240
0.983   46.5318
0.984   46.5279
0.985   46.5570
0.986   46.6231
0.987   46.5588
0.988   46.6054
0.989   46.6813
0.99   46.6082
0.991   46.6107
0.992   46.6380
0.993   46.6600
0.994   46.6604
0.995   46.6120
0.996   46.6733
0.997   46.7866
0.998   46.8218
0.999   46.8305
1   46.8337
1.001   47.2388
1.002   47.3323
1.003   47.4205
1.004   47.4640
1.005   47.5061
1.006   47.5117
1.007   47.5196
1.008   47.5476
1.009   47.6071
1.01   47.6385
1.011   47.6487
1.012   47.6863
1.013   47.7283
1.014   47.7683
1.015   47.8262
1.016   47.8884
1.017   47.9265
1.018   47.9423
1.019   47.9555
1.02   47.9770
1.021   48.0094
1.022   48.0623
1.023   48.1137
1.024   48.1894
1.025   48.2433
1.026   48.2925
1.027   48.3279
1.028   48.3553
1.029   48.3780
1.03   48.3785
1.031   48.3967
1.032   48.4184
1.033   48.4387
1.034   48.4801
1.035   48.5270
1.036   48.5570
1.037   48.5884
1.038   48.6140
1.039   48.6198
1.04   48.6466
1.041   48.6857
1.042   48.7190
1.043   48.7575
1.044   48.7917
1.045   48.8292
1.046   48.8522
1.047   48.8549
1.048   48.8793
1.049   48.9080
1.05   48.9351
1.051   48.9796
1.052   49.0224
1.053   49.0403
1.054   49.0316
1.055   49.0489
1.056   49.0668
1.057   49.0807
1.058   49.1095
1.059   49.1216
1.06   49.1094
1.061   49.1158
1.062   49.1300
1.063   49.1434
1.064   49.1674
1.065   49.1820
1.066   49.1893
1.067   49.1979
1.068   49.2053
1.069   49.2106
1.07   49.2131
1.071   49.2124
1.072   49.2191
1.073   49.2247
1.074   49.2322
1.075   49.2521
1.076   49.2573
1.077   49.2543
1.078   49.2522
1.079   49.2370
1.08   49.2370
1.081   49.2488
1.082   49.2521
1.083   49.2727
1.084   49.2704
1.085   49.2424
1.086   49.2209
1.087   49.2082
1.088   49.1903
1.089   49.1800
1.09   49.1908
1.091   49.1770
1.092   49.1460
1.093   49.1280
1.094   49.0971
1.095   49.0907
1.096   49.1135
1.097   49.1116
1.098   49.1222
1.099   49.1082
1.1   49.0519
1.101   49.0261
1.102   49.0040
1.103   48.9883
1.104   48.9914
1.105   48.9729
1.106   48.9537
1.107   48.9222
1.108   48.8929
1.109   48.8628
1.11   48.8305
1.111   48.7849
1.112   48.7623
1.113   48.7606
1.114   48.7348
1.115   48.7196
1.116   48.6836
1.117   48.6142
1.118   48.5597
1.119   48.5088
1.12   48.4465
1.121   48.4018
1.122   48.3547
1.123   48.3117
1.124   48.2657
1.125   48.2092
1.126   48.1598
1.127   48.0724
1.128   47.9635
1.129   47.8505
1.13   47.7062
1.131   47.5741
1.132   47.4560
1.133   47.3087
1.134   47.1503
1.135   46.9773
1.136   46.7841
1.137   46.5841
1.138   46.3689
1.139   46.1742
1.14   45.9686
1.141   45.7563
1.142   45.5450
1.143   45.3186
1.144   45.1007
1.145   44.8724
1.146   44.6613
1.147   44.4636
1.148   44.2611
1.149   44.0557
1.15   43.8713
1.151   43.6817
1.152   43.5212
1.153   43.3914
1.154   43.2605
1.155   43.1425
1.156   43.0281
1.157   42.9270
1.158   42.8352
1.159   42.7468
1.16   42.6800
1.161   42.6180
1.162   42.5514
1.163   42.4874
1.164   42.4328
1.165   42.3804
1.166   42.3206
1.167   42.2791
1.168   42.2551
1.169   42.2242
1.17   42.2049
1.171   42.1785
1.172   42.1430
1.173   42.1147
1.174   42.0924
1.175   42.0601
1.176   42.0314
1.177   41.9974
1.178   41.9514
1.179   41.9172
1.18   41.8861
1.181   41.8657
1.182   41.8540
1.183   41.8315
1.184   41.7975
1.185   41.7587
1.186   41.7290
1.187   41.6975
1.188   41.6649
1.189   41.6378
1.19   41.6104
1.191   41.5739
1.192   41.5523
1.193   41.5403
1.194   41.5282
1.195   41.5264
1.196   41.5130
1.197   41.4960
1.198   41.4951
1.199   41.4883
1.2   41.4773
1.201   41.4730
1.202   41.4745
1.203   41.4721
1.204   41.4786
1.205   41.4943
1.206   41.4974
1.207   41.5050
1.208   41.5127
1.209   41.5182
1.21   41.5368
1.211   41.5560
1.212   41.5808
1.213   41.6058
1.214   41.6281
1.215   41.6624
1.216   41.7049
1.217   41.7490
1.218   41.7901
1.219   41.8285
1.22   41.8634
1.221   41.9030
1.222   41.9568
1.223   42.0160
1.224   42.0682
1.225   42.1092
1.226   42.1488
1.227   42.2007
1.228   42.2459
1.229   42.2946
1.23   42.3518
1.231   42.3896
1.232   42.4241
1.233   42.4628
1.234   42.4956
1.235   42.5171
1.236   42.5461
1.237   42.5758
1.238   42.6086
1.239   42.6471
1.24   42.6966
1.241   42.7343
1.242   42.7661
1.243   42.7968
1.244   42.8078
1.245   42.8280
1.246   42.8621
1.247   42.8856
1.248   42.9254
1.249   42.9649
1.25   42.9874
1.251   43.0110
1.252   43.0170
1.253   43.0249
1.254   43.0414
1.255   43.0594
1.256   43.0859
1.257   43.1048
1.258   43.1169
1.259   43.1337
1.26   43.1541
1.261   43.1643
1.262   43.1714
1.263   43.1824
1.264   43.1868
1.265   43.1788
1.266   43.1851
1.267   43.1936
1.268   43.2028
1.269   43.2154
1.27   43.2221
1.271   43.2212
1.272   43.1972
1.273   43.1730
1.274   43.1465
1.275   43.1209
1.276   43.1126
1.277   43.0913
1.278   43.0701
1.279   43.0565
1.28   43.0318
1.281   43.0124
1.282   42.9940
1.283   42.9583
1.284   42.9271
1.285   42.8986
1.286   42.8577
1.287   42.8198
1.288   42.7862
1.289   42.7467
1.29   42.7010
1.291   42.6608
1.292   42.6110
1.293   42.5506
1.294   42.4776
1.295   42.4001
1.296   42.3291
1.297   42.2595
1.298   42.1994
1.299   42.1405
1.3   42.0670
1.301   41.9855
1.302   41.8975
1.303   41.8016
1.304   41.7182
1.305   41.6359
1.306   41.5503
1.307   41.4688
1.308   41.3748
1.309   41.2746
1.31   41.1639
1.311   41.0439
1.312   40.9205
1.313   40.7858
1.314   40.6522
1.315   40.5186
1.316   40.3801
1.317   40.2385
1.318   40.0963
1.319   39.9406
1.32   39.7895
1.321   39.6377
1.322   39.4781
1.323   39.3373
1.324   39.1849
1.325   39.0172
1.326   38.8612
1.327   38.6948
1.328   38.5256
1.329   38.3628
1.33   38.2025
1.331   38.0374
1.332   37.8638
1.333   37.6938
1.334   37.5174
1.335   37.3444
1.336   37.1762
1.337   37.0020
1.338   36.8333
1.339   36.6615
1.34   36.4886
1.341   36.3303
1.342   36.1714
1.343   36.0062
1.344   35.8470
1.345   35.6855
1.346   35.5138
1.347   35.3564
1.348   35.2019
1.349   35.0520
1.35   34.9094
1.351   34.7725
1.352   34.6304
1.353   34.4981
1.354   34.3652
1.355   34.2221
1.356   34.0783
1.357   33.9357
1.358   33.7868
1.359   33.6360
1.36   33.4887
1.361   33.3337
1.362   33.1778
1.363   33.0164
1.364   32.8423
1.365   32.6641
1.366   32.4817
1.367   32.2948
1.368   32.0952
1.369   31.8794
1.37   31.6509
1.371   31.4038
1.372   31.1446
1.373   30.8779
1.374   30.5934
1.375   30.2941
1.376   29.9849
1.377   29.6544
1.378   29.3006
1.379   28.9292
1.38   28.5304
1.381   28.1181
1.382   27.6962
1.383   27.2631
1.384   26.8173
1.385   26.3560
1.386   25.8900
1.387   25.4092
1.388   24.9333
1.389   24.4526
1.39   23.9753
1.391   23.5019
1.392   23.0251
1.393   22.5572
1.394   22.1023
1.395   21.6534
1.396   21.2192
1.397   20.7967
1.398   20.3864
1.399   19.9986
1.4   19.6243
1.401   19.2688
1.402   18.9276
1.403   18.6005
1.404   18.2926
1.405   17.9991
1.406   17.7257
1.407   17.4708
1.408   17.2297
1.409   17.0077
1.41   16.7971
1.411   16.5959
1.412   16.4113
1.413   16.2389
1.414   16.0797
1.415   15.9352
1.416   15.7984
1.417   15.6681
1.418   15.5426
1.419   15.4285
1.42   15.3225
1.421   15.2220
1.422   15.1379
1.423   15.0585
1.424   14.9809
1.425   14.9077
1.426   14.8382
1.427   14.7729
1.428   14.7114
1.429   14.6559
1.43   14.6061
1.431   14.5621
1.432   14.5234
1.433   14.4878
1.434   14.4603
1.435   14.4316
1.436   14.4048
1.437   14.3782
1.438   14.3528
1.439   14.3302
1.44   14.3130
1.441   14.3007
1.442   14.2934
1.443   14.2861
1.444   14.2769
1.445   14.2689
1.446   14.2622
1.447   14.2593
1.448   14.2610
1.449   14.2656
1.45   14.2708
1.451   14.2748
1.452   14.2785
1.453   14.2817
1.454   14.2860
1.455   14.2962
1.456   14.3069
1.457   14.3204
1.458   14.3385
1.459   14.3539
1.46   14.3730
1.461   14.3918
1.462   14.4135
1.463   14.4458
1.464   14.4777
1.465   14.5146
1.466   14.5568
1.467   14.5927
1.468   14.6354
1.469   14.6842
1.47   14.7305
1.471   14.7819
1.472   14.8368
1.473   14.8912
1.474   14.9463
1.475   15.0053
1.476   15.0663
1.477   15.1304
1.478   15.1961
1.479   15.2641
1.48   15.3320
1.481   15.3979
1.482   15.4712
1.483   15.5476
1.484   15.6218
1.485   15.6960
1.486   15.7710
1.487   15.8460
1.488   15.9227
1.489   16.0061
1.49   16.0900
1.491   16.1761
1.492   16.2603
1.493   16.3462
1.494   16.4306
1.495   16.5127
1.496   16.5995
1.497   16.6890
1.498   16.7760
1.499   16.8617
1.5   16.9502
1.501   17.0403
1.502   17.1296
1.503   17.2229
1.504   17.3165
1.505   17.4072
1.506   17.4972
1.507   17.5877
1.508   17.6771
1.509   17.7640
1.51   17.8530
1.511   17.9464
1.512   18.0404
1.513   18.1308
1.514   18.2236
1.515   18.3165
1.516   18.4064
1.517   18.4999
1.518   18.5932
1.519   18.6822
1.52   18.7724
1.521   18.8631
1.522   18.9507
1.523   19.0402
1.524   19.1298
1.525   19.2182
1.526   19.3058
1.527   19.3924
1.528   19.4840
1.529   19.5744
1.53   19.6660
1.531   19.7631
1.532   19.8558
1.533   19.9489
1.534   20.0401
1.535   20.1233
1.536   20.2076
1.537   20.2853
1.538   20.3652
1.539   20.4526
1.54   20.5346
1.541   20.6208
1.542   20.7064
1.543   20.7890
1.544   20.8751
1.545   20.9588
1.546   21.0431
1.547   21.1297
1.548   21.2177
1.549   21.3066
1.55   21.3879
1.551   21.4643
1.552   21.5419
1.553   21.6150
1.554   21.6892
1.555   21.7716
1.556   21.8510
1.557   21.9253
1.558   22.0016
1.559   22.0796
1.56   22.1575
1.561   22.2349
1.562   22.3162
1.563   22.3953
1.564   22.4684
1.565   22.5453
1.566   22.6204
1.567   22.6886
1.568   22.7627
1.569   22.8379
1.57   22.9106
1.571   22.9904
1.572   23.0629
1.573   23.1282
1.574   23.1997
1.575   23.2653
1.576   23.3260
1.577   23.3935
1.578   23.4583
1.579   23.5228
1.58   23.5932
1.581   23.6535
1.582   23.7141
1.583   23.7813
1.584   23.8433
1.585   23.9093
1.586   23.9761
1.587   24.0314
1.588   24.0858
1.589   24.1498
1.59   24.2121
1.591   24.2834
1.592   24.3605
1.593   24.4267
1.594   24.4970
1.595   24.5592
1.596   24.6229
1.597   24.6942
1.598   24.7531
1.599   24.8156
1.6   24.8708
1.601   24.9226
1.602   24.9823
1.603   25.0393
1.604   25.0962
1.605   25.1502
1.606   25.2068
1.607   25.2704
1.608   25.3357
1.609   25.4018
1.61   25.4652
1.611   25.5186
1.612   25.5677
1.613   25.6115
1.614   25.6534
1.615   25.6979
1.616   25.7443
1.617   25.8021
1.618   25.8564
1.619   25.9020
1.62   25.9513
1.621   25.9960
1.622   26.0370
1.623   26.0877
1.624   26.1403
1.625   26.1832
1.626   26.2297
1.627   26.2765
1.628   26.3154
1.629   26.3546
1.63   26.3898
1.631   26.4245
1.632   26.4546
1.633   26.4905
1.634   26.5306
1.635   26.5686
1.636   26.6082
1.637   26.6485
1.638   26.6885
1.639   26.7257
1.64   26.7681
1.641   26.7989
1.642   26.8205
1.643   26.8435
1.644   26.8595
1.645   26.8796
1.646   26.9016
1.647   26.9267
1.648   26.9483
1.649   26.9738
1.65   26.9967
1.651   27.0102
1.652   27.0247
1.653   27.0333
1.654   27.0441
1.655   27.0587
1.656   27.0678
1.657   27.0806
1.658   27.0892
1.659   27.0940
1.66   27.1009
1.661   27.1042
1.662   27.1037
1.663   27.1000
1.664   27.0924
1.665   27.0837
1.666   27.0730
1.667   27.0603
1.668   27.0531
1.669   27.0457
1.67   27.0394
1.671   27.0328
1.672   27.0282
1.673   27.0286
1.674   27.0197
1.675   27.0003
1.676   26.9709
1.677   26.9401
1.678   26.9031
1.679   26.8695
1.68   26.8544
1.681   26.8264
1.682   26.7956
1.683   26.7696
1.684   26.7264
1.685   26.6864
1.686   26.6514
1.687   26.6139
1.688   26.5822
1.689   26.5385
1.69   26.4968
1.691   26.4579
1.692   26.4142
1.693   26.3681
1.694   26.3228
1.695   26.2744
1.696   26.2272
1.697   26.1862
1.698   26.1314
1.699   26.0700
1.7   26.0058
1.701   25.9283
1.702   25.8640
1.703   25.8070
1.704   25.7443
1.705   25.6857
1.706   25.6181
1.707   25.5381
1.708   25.4678
1.709   25.3984
1.71   25.3307
1.711   25.2687
1.712   25.2125
1.713   25.1507
1.714   25.0882
1.715   25.0254
1.716   24.9601
1.717   24.8896
1.718   24.8285
1.719   24.7747
1.72   24.7172
1.721   24.6599
1.722   24.6060
1.723   24.5441
1.724   24.4780
1.725   24.4284
1.726   24.3822
1.727   24.3432
1.728   24.3170
1.729   24.2926
1.73   24.2716
1.731   24.2505
1.732   24.2269
1.733   24.2130
1.734   24.2083
1.735   24.2005
1.736   24.2007
1.737   24.1950
1.738   24.1837
1.739   24.1723
1.74   24.1646
1.741   24.1456
1.742   24.1257
1.743   24.0865
1.744   24.0231
1.745   23.9787
1.746   23.9326
1.747   23.8851
1.748   23.8517
1.749   23.8026
1.75   23.7384
1.751   23.6771
1.752   23.6135
1.753   23.5516
1.754   23.4847
1.755   23.4325
1.756   23.3758
1.757   23.3209
1.758   23.2701
1.759   23.2121
1.76   23.1607
1.761   23.0986
1.762   23.0432
1.763   22.9830
1.764   22.9378
1.765   22.9039
1.766   22.8761
1.767   22.8699
1.768   22.8496
1.769   22.8266
1.77   22.8038
1.771   22.7715
1.772   22.7465
1.773   22.7259
1.774   22.7079
1.775   22.6986
1.776   22.6762
1.777   22.6481
1.778   22.6253
1.779   22.5932
1.78   22.5730
1.781   22.5608
1.782   22.5555
1.783   22.5591
1.784   22.5527
1.785   22.5504
1.786   22.5473
1.787   22.5348
1.788   22.5412
1.789   22.5412
1.79   22.5306
1.791   22.5312
1.792   22.5397
1.793   22.5452
1.794   22.5580
1.795   22.5655
1.796   22.5715
1.797   22.5689
1.798   22.5552
1.799   22.5519
1.8   22.5401
1.801   22.5444
1.802   22.5696
1.803   22.5831
1.804   22.5999
1.805   22.6085
1.806   22.6057
1.807   22.6151
1.808   22.6253
1.809   22.6424
1.81   22.6741
1.811   22.6842
1.812   22.6877
1.813   22.6923
1.814   22.6962
1.815   22.6961
1.816   22.6907
1.817   22.6700
1.818   22.6537
1.819   22.6511
1.82   22.6588
1.821   22.6881
1.822   22.7033
1.823   22.7345
1.824   22.7293
1.825   22.6868
1.826   22.6667
1.827   22.6313
1.828   22.6133
1.829   22.6236
1.83   22.6061
1.831   22.9224
1.832   22.9088
1.833   22.8835
1.834   22.8577
1.835   22.8573
1.836   22.8628
1.837   22.8541
1.838   22.8333
1.839   22.7810
1.84   22.6851
1.841   22.6097
1.842   22.5214
1.843   22.4316
1.844   22.3525
1.845   22.2840
1.846   22.1976
1.847   22.0908
1.848   22.0079
1.849   21.9198
1.85   21.8169
1.851   21.7073
1.852   21.6055
1.853   21.4633
1.854   21.3002
1.855   21.1294
1.856   20.9495
1.857   20.7812
1.858   20.6115
1.859   20.4278
1.86   20.2430
1.861   20.0411
1.862   19.8188
1.863   19.5787
1.864   19.3269
1.865   19.0717
1.866   18.8013
1.867   18.5247
1.868   18.2431
1.869   17.9580
1.87   17.6673
1.871   17.3718
1.872   17.0684
1.873   16.7737
1.874   16.4468
1.875   16.0988
1.876   15.7657
1.877   15.4053
1.878   15.0504
1.879   14.7090
1.88   14.3667
1.881   14.0164
1.882   13.6839
1.883   13.3663
1.884   13.0654
1.885   12.7776
1.886   12.5007
1.887   12.2108
1.888   11.9102
1.889   11.6250
1.89   11.3314
1.891   11.0643
1.892   10.8120
1.893   10.5874
1.894   10.3654
1.895   10.1715
1.896   9.98594
1.897   9.80998
1.898   9.65685
1.899   9.52139
1.9   9.40082
1.901   9.31239
1.902   9.20576
1.903   9.10568
1.904   9.00643
1.905   8.89582
1.906   8.79782
1.907   8.71958
1.908   8.66065
1.909   8.60858
1.91   8.57755
1.911   8.54638
1.912   8.52774
1.913   8.49457
1.914   8.45921
1.915   8.42582
1.916   8.39744
1.917   8.37609
1.918   8.35684
1.919   8.33427
1.92   8.29201
1.921   8.25852
1.922   8.24163
1.923   8.24108
1.924   8.23859
1.925   8.25314
1.926   8.25170
1.927   8.24886
1.928   8.24474
1.929   8.24260
1.93   8.25188
1.931   8.26025
1.932   8.26163
1.933   8.26790
1.934   8.28056
1.935   8.28071
1.936   8.27545
1.937   8.27432
1.938   8.26033
1.939   8.25716
1.94   8.27378
1.941   8.29375
1.942   8.31014
1.943   8.30598
1.944   8.31950
1.945   8.33044
1.946   8.35379
1.947   8.39941
1.948   8.43659
1.949   8.48987
1.95   8.49740
1.951   8.50884
1.952   8.52811
1.953   8.54436
1.954   8.58434
1.955   8.61211
1.956   8.64449
1.957   8.67292
1.958   8.68821
1.959   8.71603
1.96   8.76257
1.961   8.79623
1.962   8.82304
1.963   8.85691
1.964   8.87999
1.965   8.90766
1.966   8.93680
1.967   8.95584
1.968   8.99335
1.969   9.04206
1.97   9.08242
1.971   9.13941
1.972   9.18048
1.973   9.20813
1.974   9.23345
1.975   9.26631
1.976   9.29062
1.977   9.31433
1.978   9.34932
1.979   9.38692
1.98   9.42361
1.981   9.46920
1.982   9.53637
1.983   9.57920
1.984   9.61307
1.985   9.65254
1.986   9.68943
1.987   9.70967
1.988   9.74574
1.989   9.79207
1.99   9.81550
1.991   9.84639
1.992   9.88457
1.993   9.92426
1.994   9.96114
1.995   10.0046
1.996   10.0515
1.997   10.1008
1.998   10.1428
1.999   10.1885
2   10.2316
2.001   10.2561
2.002   10.2985
2.003   10.3581
2.004   10.4122
2.005   10.4648
2.006   10.5213
2.007   10.5749
2.008   10.6241
2.009   10.6733
2.01   10.7310
2.011   10.7741
2.012   10.8018
2.013   10.8386
2.014   10.8783
2.015   10.8932
2.016   10.9299
2.017   10.9663
2.018   11.0085
2.019   11.0611
2.02   11.1071
2.021   11.1608
2.022   11.1986
2.023   11.2179
2.024   11.2492
2.025   11.2694
2.026   11.3068
2.027   11.3663
2.028   11.4164
2.029   11.4606
2.03   11.5097
2.031   11.5482
2.032   11.5751
2.033   11.6008
2.034   11.6186
2.035   11.6478
2.036   11.6739
2.037   11.7055
2.038   11.7530
2.039   11.7892
2.04   11.8143
2.041   11.8472
2.042   11.8785
2.043   11.9165
2.044   11.9593
2.045   12.0144
2.046   12.0536
2.047   12.0931
2.048   12.1242
2.049   12.1304
2.05   12.1676
2.051   12.2228
2.052   12.2669
2.053   12.3302
2.054   12.3724
2.055   12.3940
2.056   12.4177
2.057   12.4425
2.058   12.4813
2.059   12.5111
2.06   12.5475
2.061   12.5734
2.062   12.5810
2.063   12.6114
2.064   12.6524
2.065   12.6857
2.066   12.7291
2.067   12.7671
2.068   12.7869
2.069   12.8265
2.07   12.8855
2.071   12.9316
2.072   12.9741
2.073   13.0300
2.074   13.0726
2.075   13.1107
2.076   13.1344
2.077   13.1465
2.078   13.1647
2.079   13.1597
2.08   13.1845
2.081   13.2341
2.082   13.2724
2.083   13.3271
2.084   13.3609
2.085   13.3785
2.086   13.4004
2.087   13.4177
2.088   13.4189
2.089   13.4492
2.09   13.4937
2.091   13.5322
2.092   13.5864
2.093   13.6285
2.094   13.6537
2.095   13.6994
2.096   13.7603
2.097   13.8086
2.098   13.8717
2.099   13.9149
2.1   13.9397
2.101   13.9624
2.102   13.9548
2.103   13.9775
2.104   14.0067
2.105   14.0559
2.106   14.0937
2.107   14.1502
2.108   14.1923
2.109   14.2155
2.11   14.2528
2.111   14.3032
2.112   14.3470
2.113   14.3935
2.114   14.4320
2.115   14.4645
2.116   14.4976
2.117   14.5248
2.118   14.5519
2.119   14.5751
2.12   14.6061
2.121   14.6277
2.122   14.6759
2.123   14.7098
2.124   14.7509
2.125   14.7843
2.126   14.8075
2.127   14.8366
2.128   14.8646
2.129   14.9032
2.13   14.9550
2.131   14.9901
2.132   15.0240
2.133   15.0573
2.134   15.0805
2.135   15.1031
2.136   15.1277
2.137   15.1534
2.138   15.1762
2.139   15.1945
2.14   15.2243
2.141   15.2312
2.142   15.2475
2.143   15.2535
2.144   15.2714
2.145   15.2974
2.146   15.3214
2.147   15.3441
2.148   15.3731
2.149   15.4072
2.15   15.4398
2.151   15.4845
2.152   15.5108
2.153   15.5263
2.154   15.5448
2.155   15.5358
2.156   15.5602
2.157   15.6218
2.158   15.6558
2.159   15.6844
2.16   15.7271
2.161   15.7540
2.162   15.7668
2.163   15.7967
2.164   15.8469
2.165   15.8787
2.166   15.9010
2.167   15.9286
2.168   15.9584
2.169   15.9797
2.17   16.0050
2.171   16.0154
2.172   16.0044
2.173   16.0061
2.174   15.9979
2.175   16.0047
2.176   16.0367
2.177   16.0503
2.178   16.0512
2.179   16.0649
2.18   16.0714
2.181   16.0856
2.182   16.1187
2.183   16.1581
2.184   16.1686
2.185   16.1653
2.186   16.1662
2.187   16.1398
2.188   16.1530
2.189   16.1876
2.19   16.2146
2.191   16.2631
2.192   16.2910
2.193   16.3156
2.194   16.3246
2.195   16.3126
2.196   16.3127
2.197   16.3034
2.198   16.3008
2.199   16.3169
2.2   16.3162
2.201   16.3014
2.202   16.2913
2.203   16.2564
2.204   16.2553
2.205   16.2751
2.206   16.3053
2.207   16.3355
2.208   16.4017
2.209   16.4142
2.21   16.3973
2.211   16.3979
2.212   16.3797
2.213   16.3771
2.214   16.4005
2.215   16.3880
2.216   16.3460
2.217   16.3360
2.218   16.3111
2.219   16.3201
2.22   16.3776
2.221   16.4046
2.222   16.4537
2.223   16.4582
2.224   16.4294
2.225   16.3986
2.226   16.3333
2.227   16.2810
2.228   16.2207
2.229   16.1759
2.23   16.1509
2.231   16.1015
2.232   16.0721
2.233   16.0711
2.234   16.0352
2.235   15.9837
2.236   15.9524
2.237   15.9203
2.238   15.8732
2.239   15.8333
2.24   15.7899
2.241   15.7253
2.242   15.6725
2.243   15.6386
2.244   15.5886
2.245   15.5253
2.246   15.4622
2.247   15.3829
2.248   15.3330
2.249   15.2943
2.25   15.2568
2.251   15.2665
2.252   15.2250
2.253   15.1441
2.254   15.0761
2.255   14.9805
2.256   14.9060
2.257   14.8465
2.258   14.7901
2.259   14.7313
2.26   14.6871
2.261   14.6468
2.262   14.6468
2.263   14.6022
2.264   14.5593
2.265   14.5036
2.266   14.4360
2.267   14.3997
2.268   14.3933
2.269   14.3588
2.27   14.3187
2.271   14.2855
2.272   14.2392
2.273   14.2216
2.274   14.2372
2.275   14.2234
2.276   14.2203
2.277   14.1737
2.278   14.0901
2.279   14.0197
2.28   13.9175
2.281   13.8529
2.282   13.8038
2.283   13.7657
2.284   13.7520
2.285   13.7243
2.286   13.6995
2.287   13.6765
2.288   13.6682
2.289   13.6292
2.29   13.5820
2.291   13.5271
2.292   13.4327
2.293   13.3572
2.294   13.2844
2.295   13.2187
2.296   13.1563
2.297   13.1008
2.298   13.0716
2.299   13.0167
2.3   12.9575
2.301   12.9053
2.302   12.8405
2.303   12.7805
2.304   12.7185
2.305   12.6856
2.306   12.6482
2.307   12.5866
2.308   12.5560
2.309   12.5565
2.31   12.5432
2.311   12.5702
2.312   12.5754
2.313   12.5632
2.314   12.5728
2.315   12.5815
2.316   12.6261
2.317   12.7265
2.318   12.7548
2.319   12.7821
2.32   12.7736
2.321   12.6831
2.322   12.6631
2.323   12.6620
2.324   12.6676
2.325   12.7076
2.326   12.7257
2.327   12.7573
2.328   12.7411
2.329   12.6906
2.33   12.6517
2.331   12.5846
2.332   12.5299
2.333   12.4756
2.334   12.4467
2.335   12.4137
2.336   12.4037
2.337   12.4644
2.338   12.4582
2.339   12.4178
2.34   12.3852
2.341   12.3101
2.342   12.2626
2.343   12.2445
2.344   12.2166
2.345   12.1724
2.346   12.1616
2.347   12.2006
2.348   12.1791
2.349   12.1585
2.35   12.1070
2.351   11.9515
2.352   11.8742
2.353   11.8161
2.354   11.7941
2.355   11.8186
2.356   11.8516
2.357   11.8703
2.358   11.8627
2.359   11.8554
2.36   11.8238
2.361   11.8120
2.362   11.8670
2.363   11.8743
2.364   11.9133
2.365   11.9573
2.366   11.8995
2.367   11.8832
2.368   11.8692
2.369   11.8186
2.37   11.8243
2.371   11.8074
2.372   11.7469
2.373   11.6328
2.374   11.5407
2.375   11.5606
2.376   11.5577
2.377   11.5789
2.378   11.6016
2.379   11.5027
2.38   11.4090
2.381   11.3492
2.382   11.3171
2.383   11.2961
2.384   11.2818
2.385   11.3074
2.386   11.2925
2.387   11.3095
2.388   11.3450
2.389   11.3446
2.39   11.3022
2.391   11.2164
2.392   11.1668
2.393   11.1473
2.394   11.2217
2.395   11.2635
2.396   11.2562
2.397   11.2511
2.398   11.1605
2.399   11.1225
2.4   11.0977
2.401   11.0324
2.402   10.9566
2.403   10.8778
2.404   10.8277
2.405   10.7810
2.406   10.7631
2.407   10.7945
2.408   10.8387
2.409   10.8707
2.41   10.9014
2.411   10.8772
2.412   10.7921
2.413   10.6908
2.414   10.5975
2.415   10.5710
2.416   10.5698
2.417   10.5615
2.418   10.5657
2.419   10.5121
2.42   10.4853
2.421   10.5305
2.422   10.5202
2.423   10.5146
2.424   10.5007
2.425   10.4434
2.426   10.4256
2.427   10.4114
2.428   10.3729
2.429   10.3140
2.43   10.2648
2.431   10.2307
2.432   10.2231
2.433   10.2559
2.434   10.2660
2.435   10.3164
2.436   10.3067
2.437   10.1800
2.438   10.1077
2.439   9.98782
2.44   9.87302
2.441   9.92008
2.442   9.97726
2.443   9.98150
2.444   9.98985
2.445   9.98111
2.446   9.95128
2.447   9.95476
2.448   9.98861
2.449   9.96196
2.45   9.89827
2.451   9.94209
2.452   9.93718
2.453   9.90310
2.454   9.89909
2.455   9.73846
2.456   9.69582
2.457   9.76075
2.458   9.81106
2.459   9.89289
2.46   9.92269
2.461   9.82201
2.462   9.67327
2.463   9.61345
2.464   9.38455
2.465   9.11835
2.466   9.06357
2.467   9.05768
2.468   9.14953
2.469   9.39766
2.47   9.44199
2.471   9.33078
2.472   9.27143
2.473   9.12546
2.474   9.12811
2.475   9.19187
2.476   9.29037
2.477   9.54889
2.478   9.60669
2.479   9.54872
2.48   9.61797
2.481   9.69960
2.482   9.88571
2.483   10.0961
2.484   10.1485
2.485   9.85374
2.486   9.45542
2.487   9.16812
2.488   9.00374
2.489   9.09326
2.49   9.38314
2.491   9.46294
2.492   9.48424
2.493   9.54821
2.494   9.66190
2.495   9.83573
2.496   9.86920
2.497   9.84615
2.498   9.67427
2.499   9.61975
2.5   9.63773
2.5002   5.69672
2.5014   5.63305
2.5026   5.60296
2.5038   5.61409
2.505   5.57683
2.5062   5.54061
2.5074   5.50673
2.5087   5.56323
2.5099   5.56542
2.5111   5.56866
2.5123   5.55219
2.5135   5.60808
2.5147   5.64915
2.516   5.63520
2.5172   5.53005
2.5184   5.47288
2.5196   5.52050
2.5209   5.54691
2.5221   5.49062
2.5233   5.48139
2.5245   5.41365
2.5258   5.44842
2.527   5.46542
2.5282   5.52817
2.5295   5.60050
2.5307   5.65556
2.5319   5.62461
2.5332   5.55636
2.5344   5.48313
2.5356   5.56896
2.5369   5.59966
2.5381   5.58185
2.5394   5.55477
2.5406   5.61011
2.5419   5.62005
2.5431   5.64198
2.5444   5.58165
2.5456   5.58989
2.5469   5.56135
2.5481   5.56278
2.5494   5.65748
2.5506   5.70257
2.5519   5.66274
2.5531   5.71344
2.5544   5.68179
2.5556   5.62285
2.5569   5.58516
2.5582   5.66440
2.5594   5.66264
2.5607   5.68701
2.562   5.71263
2.5632   5.68898
2.5645   5.63513
2.5658   5.65431
2.567   5.62740
2.5683   5.65365
2.5696   5.61857
2.5708   5.60878
2.5721   5.63630
2.5734   5.63823
2.5747   5.59457
2.576   5.61564
2.5772   5.62325
2.5785   5.64541
2.5798   5.61854
2.5811   5.66526
2.5824   5.67301
2.5837   5.64584
2.5849   5.57364
2.5862   5.61893
2.5875   5.62021
2.5888   5.59846
2.5901   5.60523
2.5914   5.62301
2.5927   5.58926
2.594   5.54387
2.5953   5.49322
2.5966   5.60649
2.5979   5.57302
2.5992   5.55473
2.6005   5.56058
2.6018   5.56929
2.6031   5.5124
2.6044   5.51744
2.6057   5.45826
2.607   5.43401
2.6083   5.40995
2.6097   5.36049
2.611   5.36922
2.6123   5.43877
2.6136   5.40669
2.6149   5.44024
2.6162   5.44070
2.6176   5.38802
2.6189   5.31532
2.6202   5.34607
2.6215   5.30387
2.6229   5.30401
2.6242   5.29554
2.6255   5.33078
2.6268   5.24195
2.6282   5.17908
2.6295   5.18974
2.6308   5.24228
2.6322   5.17215
2.6335   5.14288
2.6349   5.10370
2.6362   5.11533
2.6375   5.03477
2.6389   5.04586
2.6402   5.05096
2.6416   5.03257
2.6429   5.03761
2.6443   5.06420
2.6456   5.00029
2.647   4.94417
2.6483   4.92079
2.6497   4.90786
2.651   4.84653
2.6524   4.86122
2.6537   4.85201
2.6551   4.82932
2.6565   4.77788
2.6578   4.76454
2.6592   4.70572
2.6605   4.69263
2.6619   4.67633
2.6633   4.64819
2.6646   4.63461
2.666   4.69917
2.6674   4.63112
2.6688   4.58975
2.6701   4.56559
2.6715   4.52506
2.6729   4.47762
2.6743   4.49564
2.6756   4.42341
2.677   4.45779
2.6784   4.46789
2.6798   4.42770
2.6812   4.39048
2.6826   4.34360
2.684   4.25501
2.6853   4.25758
2.6867   4.29047
2.6881   4.31880
2.6895   4.27780
2.6909   4.21484
2.6923   4.14058
2.6937   4.11702
2.6951   4.08231
2.6965   4.10363
2.6979   4.10144
2.6993   4.08519
2.7007   4.04472
2.7021   4.05448
2.7035   4.03997
2.705   4.02224
2.7064   3.96197
2.7078   3.95569
2.7092   3.95461
2.7106   3.94460
2.712   3.91945
2.7134   3.91376
2.7149   3.85644
2.7163   3.86125
2.7177   3.85295
2.7191   3.86315
2.7206   3.75825
2.722   3.70829
2.7234   3.76996
2.7249   3.82402
2.7263   3.79838
2.7277   3.78198
2.7292   3.73775
2.7306   3.77917
2.732   3.78962
2.7335   3.82300
2.7349   3.83259
2.7364   3.80796
2.7378   3.73927
2.7392   3.77452
2.7407   3.80204
2.7421   3.82708
2.7436   3.77277
2.745   3.75495
2.7465   3.73171
2.748   3.72056
2.7494   3.66767
2.7509   3.70506
2.7523   3.66480
2.7538   3.72231
2.7553   3.71658
2.7567   3.70760
2.7582   3.74018
2.7597   3.77081
2.7611   3.71684
2.7626   3.68331
2.7641   3.64395
2.7655   3.72276
2.767   3.69108
2.7685   3.65627
2.77   3.61302
2.7715   3.65816
2.7729   3.68095
2.7744   3.67550
2.7759   3.66633
2.7774   3.70856
2.7789   3.72206
2.7804   3.7667
2.7819   3.78088
2.7834   3.77407
2.7849   3.69062
2.7863   3.71499
2.7878   3.63480
2.7893   3.66629
2.7908   3.71441
2.7924   3.68464
2.7939   3.60359
2.7954   3.68548
2.7969   3.71972
2.7984   3.70702
2.7999   3.66100
2.8014   3.68174
2.8029   3.64912
2.8044   3.66774
2.8059   3.68822
2.8075   3.73891
2.809   3.71618
2.8105   3.67728
2.812   3.58334
2.8136   3.61428
2.8151   3.60067
2.8166   3.56347
2.8181   3.50705
2.8197   3.60977
2.8212   3.67422
2.8228   3.64384
2.8243   3.59582
2.8258   3.64236
2.8274   3.67566
2.8289   3.71948
2.8305   3.65158
2.832   3.66631
2.8335   3.65248
2.8351   3.6911
2.8366   3.68954
2.8382   3.71538
2.8398   3.64601
2.8413   3.65309
2.8429   3.59137
2.8444   3.59533
2.846   3.60841
2.8476   3.64721
2.8491   3.65585
2.8507   3.66065
2.8523   3.66478
2.8538   3.70116
2.8554   3.68453
2.857   3.73817
2.8585   3.72217
2.8601   3.64350
2.8617   3.58932
2.8633   3.65684
2.8649   3.64443
2.8664   3.64345
2.868   3.58879
2.8696   3.63930
2.8712   3.63685
2.8728   3.64784
2.8744   3.65052
2.876   3.70815
2.8776   3.66890
2.8792   3.71796
2.8808   3.70071
2.8824   3.62215
2.884   3.58083
2.8856   3.67128
2.8872   3.63125
2.8888   3.65951
2.8904   3.71863
2.892   3.74615
2.8936   3.73473
2.8953   3.78280
2.8969   3.69953
2.8985   3.66588
2.9001   3.69197
2.9017   3.75237
2.9034   3.77588
2.905   3.78683
2.9066   3.65960
2.9082   3.69479
2.9099   3.72850
2.9115   3.77399
2.9131   3.76709
2.9148   3.76644
2.9164   3.72610
2.9181   3.75271
2.9197   3.77405
2.9213   3.80723
2.923   3.74923
2.9246   3.76300
2.9263   3.78228
2.9279   3.78092
2.9296   3.73307
2.9313   3.74694
2.9329   3.74558
2.9346   3.71444
2.9362   3.65670
2.9379   3.70132
2.9396   3.75002
2.9412   3.77908
2.9429   3.69024
2.9446   3.72798
2.9462   3.79211
2.9479   3.74519
2.9496   3.65291
2.9513   3.71036
2.953   3.70395
2.9546   3.71538
2.9563   3.73270
2.958   3.73274
2.9597   3.69034
2.9614   3.68244
2.9631   3.69122
2.9648   3.72027
2.9665   3.68050
2.9682   3.68369
2.9699   3.70338
2.9716   3.67727
2.9733   3.68193
2.975   3.76403
2.9767   3.71303
2.9784   3.77763
2.9801   3.80372
2.9818   3.73647
2.9835   3.65618
2.9853   3.70688
2.987   3.79835
2.9887   3.84288
2.9904   3.76860
2.9921   3.78613
2.9939   3.73568
2.9956   3.73014
2.9973   3.70840
2.9991   3.73008
3.0008   3.70840
3.0025   3.76987
3.0043   3.78779
3.006   3.75926
3.0078   3.70421
3.0095   3.80871
3.0113   3.79544
3.013   3.77555
3.0148   3.76557
3.0165   3.79552
3.0183   3.71967
3.02   3.76847
3.0218   3.78842
3.0236   3.82438
3.0253   3.81503
3.0271   3.79544
3.0289   3.71328
3.0306   3.75061
3.0324   3.72364
3.0342   3.69869
3.0359   3.69449
3.0377   3.74468
3.0395   3.79269
3.0413   3.84955
3.0431   3.80380
3.0449   3.76301
3.0466   3.71255
3.0484   3.73289
3.0502   3.72770
3.052   3.76290
3.0538   3.71320
3.0556   3.71250
3.0574   3.69299
3.0592   3.73965
3.061   3.73717
3.0628   3.73821
3.0647   3.72712
3.0665   3.78098
3.0683   3.75762
3.0701   3.76856
3.0719   3.74393
3.0737   3.76357
3.0756   3.73290
3.0774   3.73292
3.0792   3.69969
3.081   3.72433
3.0829   3.68501
3.0847   3.69303
3.0865   3.69956
3.0884   3.71977
3.0902   3.71472
3.0921   3.74397
3.0939   3.72693
3.0958   3.70043
3.0976   3.66346
3.0995   3.73460
3.1013   3.73805
3.1032   3.70227
3.105   3.66792
3.1069   3.69798
3.1087   3.72999
3.1106   3.76441
3.1125   3.69066
3.1144   3.63204
3.1162   3.64093
3.1181   3.75550
3.12   3.76525
3.1219   3.71316
3.1237   3.68777
3.1256   3.71761
3.1275   3.70301
3.1294   3.76753
3.1313   3.77548
3.1332   3.75265
3.1351   3.75859
3.137   3.77606
3.1389   3.72799
3.1408   3.72723
3.1427   3.75823
3.1446   3.74989
3.1465   3.70433
3.1484   3.74258
3.1503   3.73434
3.1522   3.72297
3.1541   3.70003
3.1561   3.69362
3.158   3.64718
3.1599   3.67635
3.1618   3.71630
3.1638   3.75666
3.1657   3.74046
3.1676   3.71536
3.1696   3.71304
3.1715   3.75631
3.1734   3.69265
3.1754   3.67577
3.1773   3.67162
3.1793   3.67523
3.1812   3.64163
3.1832   3.68837
3.1851   3.66640
3.1871   3.63318
3.189   3.61623
3.191   3.67783
3.193   3.72502
3.1949   3.75393
3.1969   3.67977
3.1989   3.66818
3.2009   3.67001
3.2028   3.66895
3.2048   3.66992
3.2068   3.68371
3.2088   3.65483
3.2108   3.70249
3.2128   3.70386
3.2148   3.69203
3.2167   3.68938
3.2187   3.69047
3.2207   3.63611
3.2227   3.62685
3.2247   3.64265
3.2268   3.67008
3.2288   3.61220
3.2308   3.62856
3.2328   3.65878
3.2348   3.71805
3.2368   3.66814
3.2388   3.63058
3.2409   3.61763
3.2429   3.64385
3.2449   3.63979
3.247   3.63455
3.249   3.59916
3.251   3.59701
3.2531   3.63193
3.2551   3.68076
3.2572   3.65631
3.2592   3.60462
3.2613   3.53508
3.2633   3.54817
3.2654   3.58539
3.2674   3.64049
3.2695   3.61485
3.2715   3.61535
3.2736   3.61726
3.2757   3.59392
3.2777   3.55880
3.2798   3.56643
3.2819   3.54602
3.284   3.56316
3.2861   3.52301
3.2881   3.51868
3.2902   3.55909
3.2923   3.55996
3.2944   3.53281
3.2965   3.57035
3.2986   3.54811
3.3007   3.54364
3.3028   3.55117
3.3049   3.54055
3.307   3.55808
3.3091   3.59398
3.3112   3.53039
3.3134   3.49566
3.3155   3.46928
3.3176   3.49950
3.3197   3.48285
3.3218   3.47074
3.324   3.42977
3.3261   3.44312
3.3282   3.40571
3.3304   3.44321
3.3325   3.45510
3.3347   3.46653
3.3368   3.45074
3.339   3.46104
3.3411   3.42554
3.3433   3.39482
3.3454   3.37656
3.3476   3.42953
3.3497   3.38358
3.3519   3.37305
3.3541   3.38152
3.3562   3.37762
3.3584   3.32850
3.3606   3.31054
3.3628   3.30060
3.365   3.32050
3.3671   3.33288
3.3693   3.32480
3.3715   3.25681
3.3737   3.26838
3.3759   3.26169
3.3781   3.26004
3.3803   3.22457
3.3825   3.20344
3.3847   3.24656
3.3869   3.30187
3.3891   3.23033
3.3914   3.16139
3.3936   3.14549
3.3958   3.11417
3.398   3.07365
3.4003   3.06704
3.4025   2.99854
3.4047   2.95822
3.407   2.91395
3.4092   2.93126
3.4114   2.92060
3.4137   2.96326
3.4159   3.04545
3.4182   3.18592
3.4204   3.34432
3.4227   3.63851
3.425   4.16159
3.4272   4.88920
3.4295   5.43110
3.4318   5.57339
3.434   5.38497
3.4363   5.11124
3.4386   4.83692
3.4409   4.69751
3.4432   4.59659
3.4454   4.50607
3.4477   4.41140
3.45   4.39386
3.4523   4.35827
3.4546   4.30712
3.4569   4.22322
3.4592   4.21702
3.4615   4.24202
3.4639   4.24151
3.4662   4.19583
3.4685   4.15397
3.4708   4.09603
3.4731   4.08475
3.4755   4.00768
3.4778   3.96095
3.4801   3.92413
3.4825   3.93798
3.4848   3.86937
3.4872   3.80966
3.4895   3.72751
3.4918   3.68265
3.4942   3.61321
3.4966   3.58816
3.4989   3.50923
3.5013   3.47023
3.5036   3.43997
3.506   3.65514
3.5084   4.29269
3.5108   5.14440
3.5131   5.51943
3.5155   5.34565
3.5179   5.03175
3.5203   4.84414
3.5227   4.69615
3.5251   4.60248
3.5275   4.50757
3.5299   4.44693
3.5323   4.38434
3.5347   4.36924
3.5371   4.34637
3.5395   4.35320
3.5419   4.32375
3.5444   4.30369
3.5468   4.27755
3.5492   4.24776
3.5516   4.22881
3.5541   4.19989
3.5565   4.16714
3.559   4.19318
3.5614   4.19790
3.5638   4.24686
3.5663   4.23484
3.5687   4.19327
3.5712   4.16753
3.5737   4.20195
3.5761   4.17881
3.5786   4.16737
3.5811   4.09874
3.5835   4.09233
3.586   4.13837
3.5885   4.14865
3.591   4.10504
3.5935   4.10966
3.596   4.12310
3.5985   4.11076
3.601   4.08266
3.6035   4.11436
3.606   4.12937
3.6085   4.09949
3.611   4.02782
3.6135   4.06304
3.616   4.09936
3.6186   4.11848
3.6211   4.06056
3.6236   4.04266
3.6261   4.05909
3.6287   4.07437
3.6312   4.06606
3.6338   4.09780
3.6363   4.06780
3.6389   4.02790
3.6414   4.04469
3.644   4.08314
3.6465   4.05101
3.6491   4.03979
3.6517   4.01790
3.6543   4.01459
3.6568   4.01269
3.6594   4.07923
3.662   4.08447
3.6646   4.07566
3.6672   4.05413
3.6698   4.05964
3.6724   4.05208
3.675   4.06026
3.6776   4.05644
3.6802   4.07832
3.6828   4.05564
3.6854   4.05130
3.688   4.02452
3.6907   4.02649
3.6933   4.06737
3.6959   4.09996
3.6986   4.05531
3.7012   4.04493
3.7039   4.08443
3.7065   4.11102
3.7092   4.09469
3.7118   4.09715
3.7145   4.09064
3.7171   4.08297
3.7198   4.09344
3.7225   4.13543
3.7251   4.11812
3.7278   4.07453
3.7305   4.05945
3.7332   4.08050
3.7359   4.08103
3.7386   4.07922
3.7413   4.06655
3.744   4.08662
3.7467   4.10257
3.7494   4.09766
3.7521   4.07831
3.7548   4.11216
3.7575   4.10707
3.7603   4.13484
3.763   4.12514
3.7657   4.08024
3.7685   4.09964
3.7712   4.14893
3.7739   4.10433
3.7767   4.10801
3.7794   4.13128
3.7822   4.13233
3.785   4.14078
3.7877   4.16503
3.7905   4.14108
3.7933   4.13324
3.796   4.11840
3.7988   4.12451
3.8016   4.10460
3.8044   4.11263
3.8072   4.13331
3.81   4.17255
3.8128   4.17538
3.8156   4.19605
3.8184   4.20213
3.8212   4.18408
3.824   4.16601
3.8269   4.17876
3.8297   4.21130
3.8325   4.19632
3.8353   4.16971
3.8382   4.15589
3.841   4.15236
3.8439   4.18510
3.8467   4.18102
3.8496   4.17610
3.8524   4.14176
3.8553   4.17441
3.8582   4.22320
3.8611   4.23858
3.8639   4.21848
3.8668   4.23854
3.8697   4.25903
3.8726   4.26901
3.8755   4.24853
3.8784   4.23591
3.8813   4.22305
3.8842   4.20980
3.8871   4.16771
3.89   4.17611
3.8929   4.19987
3.8959   4.22905
3.8988   4.23891
3.9017   4.21925
3.9047   4.17727
3.9076   4.21624
3.9106   4.23208
3.9135   4.23048
3.9165   4.25266
3.9194   4.24665
3.9224   4.22679
3.9254   4.25238
3.9283   4.26034
3.9313   4.23456
3.9343   4.19677
3.9373   4.22584
3.9403   4.23986
3.9433   4.21595
3.9463   4.16950
3.9493   4.16294
3.9523   4.19304
3.9553   4.24987
3.9583   4.24800
3.9613   4.22794
3.9644   4.22549
3.9674   4.20063
3.9704   4.18970
3.9735   4.19632
3.9765   4.18806
3.9796   4.22915
3.9826   4.24017
3.9857   4.24618
3.9888   4.21975
3.9918   4.20053
3.9949   4.20898
3.998   4.23153
4.0011   4.24257
4.0042   4.24377
4.0073   4.21723
4.0104   4.20061
4.0135   4.20087
4.0166   4.20243
4.0197   4.21822
4.0228   4.24537
4.0259   4.24791
4.0291   4.22354
4.0322   4.22308
4.0353   4.23634
4.0385   4.21239
4.0416   4.21605
4.0448   4.19955
4.0479   4.20651
4.0511   4.20703
4.0543   4.22855
4.0574   4.21603
4.0606   4.20075
4.0638   4.18088
4.067   4.20235
4.0702   4.20800
4.0734   4.17967
4.0766   4.18182
4.0798   4.21884
4.083   4.20051
4.0862   4.18091
4.0894   4.18296
4.0927   4.20051
4.0959   4.19588
4.0991   4.18867
4.1024   4.20301
4.1056   4.18106
4.1089   4.17696
4.1121   4.22903
4.1154   4.25563
4.1187   4.22527
4.1219   4.16190
4.1252   4.15462
4.1285   4.17168
4.1318   4.17788
4.1351   4.17097
4.1384   4.16281
4.1417   4.15363
4.145   4.21095
4.1483   4.21746
4.1516   4.19113
4.155   4.17437
4.1583   4.19250
4.1616   4.19106
4.165   4.14697
4.1683   4.11208
4.1717   4.12468
4.175   4.18823
4.1784   4.22416
4.1818   4.22467
4.1851   4.22427
4.1885   4.17861
4.1919   4.15507
4.1953   4.17688
4.1987   4.19260
4.2021   4.18650
4.2055   4.17431
4.2089   4.16592
4.2123   4.17448
4.2158   4.17106
4.2192   4.16273
4.2226   4.08306
4.2261   4.10283
4.2295   4.09056
4.233   4.05570
4.2364   4.13788
4.2399   4.17239
4.2434   4.18838
4.2468   4.15088
4.2503   4.10005
4.2538   4.08833
4.2573   4.15133
4.2608   4.19921
4.2643   4.16758
4.2678   4.13587
4.2713   4.13567
4.2748   4.12020
4.2784   4.08417
4.2819   4.09458
4.2854   4.12914
4.289   4.12286
4.2925   4.05752
4.2961   4.03411
4.2997   4.05779
4.3032   4.08113
4.3068   4.10910
4.3104   4.12377
4.314   4.14975
4.3176   4.10614
4.3212   4.03316
4.3248   4.01767
4.3284   4.05802
4.332   4.07731
4.3356   4.07454
4.3392   4.05604
4.3429   4.02165
4.3465   3.97346
4.3502   3.99204
4.3538   4.03101
4.3575   4.01355
4.3611   4.00457
4.3648   4.04490
4.3685   4.03317
4.3722   4.01450
4.3759   4.01618
4.3796   4.02066
4.3833   4.04332
4.387   4.03903
4.3907   4.02187
4.3944   4.01067
4.3981   3.99154
4.4019   3.99137
4.4056   3.97723
4.4093   3.97844
4.4131   3.98759
4.4169   3.97190
4.4206   3.97865
4.4244   3.98660
4.4282   3.99191
4.432   3.97646
4.4357   3.97939
4.4395   4.01028
4.4434   4.00960
4.4472   3.98913
4.451   3.97402
4.4548   3.98416
4.4586   3.97041
4.4625   3.93345
4.4663   3.93138
4.4702   3.94879
4.474   3.93609
4.4779   3.93343
4.4818   3.91562
4.4856   3.90659
4.4895   3.90586
4.4934   3.92533
4.4973   3.97213
4.5012   3.96497
4.5051   3.96507
4.509   3.96973
4.513   3.92178
4.5169   3.90560
4.5208   3.88377
4.5248   3.89584
4.5287   3.93510
4.5327   3.97252
4.5367   3.97307
4.5406   3.93832
4.5446   3.94341
4.5486   3.96643
4.5526   3.93480
4.5566   3.92652
4.5606   3.92371
4.5646   3.92332
4.5686   3.92045
4.5727   3.93275
4.5767   3.91797
4.5807   3.89640
4.5848   3.90443
4.5888   3.93846
4.5929   3.91078
4.597   3.88761
4.6011   3.89115
4.6051   3.87459
4.6092   3.87087
4.6133   3.89054
4.6174   3.88488
4.6216   3.88645
4.6257   3.88446
4.6298   3.89213
4.634   3.86683
4.6381   3.85038
4.6422   3.86252
4.6464   3.87704
4.6506   3.85623
4.6547   3.84716
4.6589   3.82451
4.6631   3.84159
4.6673   3.85601
4.6715   3.84912
4.6757   3.84960
4.68   3.86615
4.6842   3.85769
4.6884   3.86228
4.6927   3.86582
4.6969   3.87454
4.7012   3.87375
4.7054   3.89893
4.7097   3.89335
4.714   3.87852
4.7183   3.87577
4.7226   3.89369
4.7269   3.85434
4.7312   3.87822
4.7355   3.92983
4.7398   3.92703
4.7442   3.88011
4.7485   3.84255
4.7529   3.84901
4.7572   3.89770
4.7616   3.89309
4.766   3.86086
4.7704   3.85787
4.7748   3.89438
4.7792   3.88245
4.7836   3.89016
4.788   3.90776
4.7924   3.90991
4.7968   3.86684
4.8013   3.86178
4.8057   3.87913
4.8102   3.88651
4.8147   3.89878
4.8191   3.90056
4.8236   3.85218
4.8281   3.88340
4.8326   3.88421
4.8371   3.91101
4.8416   3.90733
4.8462   3.88692
4.8507   3.87569
4.8552   3.87409
4.8598   3.86152
4.8643   3.86289
4.8689   3.87020
4.8735   3.88832
4.8781   3.88565
4.8827   3.91117
4.8873   3.91051
4.8919   3.93221
4.8965   3.92887
4.9011   3.92958
4.9058   3.90161
4.9104   3.93087
4.9151   3.91993
4.9197   3.92032
4.9244   3.87015
4.9291   3.87666
4.9338   3.89034
4.9385   3.89467
4.9432   3.91333
4.9479   3.92157
4.9526   3.89165
4.9574   3.87969
4.9621   3.86600
4.9668   3.90118
4.9716   3.92441
4.9764   3.94533
4.9812   3.92402
4.986   3.91600
4.9908   3.91542
4.9956   3.97096
5.0004   3.95586
5.0052   3.93859
5.01   3.94799
5.0149   3.96917
5.0197   3.94966
5.0246   3.95637
5.0295   3.96583
5.0344   3.96945
5.0393   3.93814
5.0442   3.92815
5.0491   3.94507
5.054   3.97814
5.0589   3.92764
5.0639   3.91716
5.0688   3.91787
5.0738   3.93948
5.0787   3.92498
5.0837   3.94967
5.0887   3.99144
5.0937   4.00003
5.0987   3.96436
5.1037   3.97523
5.1088   3.96501
5.1138   3.97522
5.1188   3.94981
5.1239   3.95805
5.129   3.95563
5.134   3.94394
5.1391   3.91833
5.1442   3.95093
5.1493   3.95799
5.1545   3.98581
5.1596   4.00363
5.1647   3.99951
5.1699   3.95974
5.175   3.97953
5.1802   3.97345
5.1854   3.98539
5.1906   3.98833
5.1958   4.00896
5.201   4.01680
5.2062   4.03460
5.2114   4.01764
5.2167   4.02274
5.2219   3.98435
5.2272   3.98668
5.2325   3.96586
5.2378   3.96996
5.2431   3.98253
5.2484   4.00833
5.2537   3.96789
5.259   3.95344
5.2644   3.96193
5.2697   3.99495
5.2751   3.99520
5.2804   3.99208
5.2858   4.00090
5.2912   4.00415
5.2966   3.94246
5.302   3.96195
5.3075   3.98670
5.3129   4.02153
5.3183   3.95048
5.3238   3.91432
5.3293   3.94561
5.3348   4.01467
5.3403   4.04076
5.3458   3.99616
5.3513   3.92976
5.3568   3.95007
5.3623   3.95087
5.3679   3.95068
5.3735   3.94315
5.379   3.94611
5.3846   3.92100
5.3902   3.92845
5.3958   3.92520
5.4014   3.94953
5.4071   3.92017
5.4127   3.91880
5.4184   3.92116
5.424   3.94063
5.4297   3.90918
5.4354   3.89384
5.4411   3.87946
5.4468   3.89800
5.4526   3.88683
5.4583   3.89178
5.4641   3.84128
5.4698   3.81402
5.4756   3.80843
5.4814   3.86042
5.4872   3.85859
5.493   3.85208
5.4988   3.81651
5.5047   3.81127
5.5105   3.76809
5.5164   3.77185
5.5222   3.76335
5.5281   3.76297
5.534   3.73999
5.5399   3.72092
5.5459   3.67991
5.5518   3.69872
5.5578   3.70466
5.5637   3.72427
5.5697   3.70335
5.5757   3.73365
5.5817   3.69279
5.5877   3.64375
5.5937   3.62745
5.5998   3.63709
5.6058   3.58718
5.6119   3.58443
5.618   3.56453
5.6241   3.57421
5.6302   3.55876
5.6363   3.56226
5.6424   3.51287
5.6486   3.50307
5.6547   3.48629
5.6609   3.47803
5.6671   3.45710
5.6733   3.47694
5.6795   3.46042
5.6857   3.45249
5.692   3.37984
5.6982   3.38942
5.7045   3.41438
5.7108   3.43225
5.7171   3.39728
5.7234   3.43070
5.7297   3.39326
5.7361   3.39437
5.7424   3.38532
5.7488   3.42765
5.7551   3.45044
5.7615   3.49011
5.768   3.50271
5.7744   3.57848
5.7808   3.58862
5.7873   3.63023
5.7937   3.64350
5.8002   3.63361
5.8067   3.64498
5.8132   3.72789
5.8197   3.76446
5.8263   3.78727
5.8328   3.76901
5.8394   3.80785
5.846   3.86016
5.8526   3.94031
5.8592   3.95990
5.8658   3.97141
5.8725   3.93840
5.8791   3.95906
5.8858   3.95735
5.8925   4.01880
5.8992   3.99276
5.9059   4.00009
5.9126   3.99627
5.9194   4.08184
5.9262   4.08584
5.9329   4.07812
5.9397   4.03032
5.9465   4.01869
5.9534   3.99878
5.9602   3.99240
5.9671   3.99165
5.9739   4.02810
5.9808   3.98495
5.9877   3.98727
5.9947   3.95620
6.0016   3.99192
6.0086   3.98514
6.0155   3.97155
6.0225   3.92302
6.0295   3.94441
6.0365   3.92298
6.0436   3.97711
6.0506   3.95074
6.0577   4.00518
6.0648   3.98510
6.0719   3.96225
6.079   3.90021
6.0861   3.94504
6.0933   3.92934
6.1005   3.95669
6.1076   3.97881
6.1148   4.01278
6.1221   3.99950
6.1293   4.04032
6.1366   4.01247
6.1438   4.01022
6.1511   3.99173
6.1584   4.04768
6.1657   4.01624
6.1731   4.02053
6.1804   4.04228
6.1878   4.11168
6.1952   4.08697
6.2026   4.09747
6.21   4.07450
6.2175   4.12825
6.225   4.12648
6.2324   4.13322
6.2399   4.10954
6.2475   4.15263
6.255   4.11941
6.2625   4.07876
6.2701   4.04664
6.2777   4.07005
6.2853   4.04564
6.2929   4.12806
6.3006   4.13801
6.3083   4.14713
6.3159   4.10456
6.3236   4.12806
6.3314   4.09220
6.3391   4.13749
6.3469   4.06472
6.3546   4.06009
6.3624   4.05892
6.3703   4.08993
6.3781   4.05323
6.3859   4.07051
6.3938   4.02021
6.4017   4.01910
6.4096   3.95180
6.4176   3.96593
6.4255   3.95960
6.4335   3.97001
6.4415   3.91955
6.4495   3.99562
6.4575   4.00518
6.4656   4.00628
6.4736   3.98997
6.4817   3.99501
6.4898   3.90880
6.498   3.91898
6.5061   3.85118
6.5143   3.81346
6.5225   3.76997
6.5307   3.85650
6.539   3.83033
6.5472   3.82403
6.5555   3.77538
6.5638   3.80999
6.5721   3.78877
6.5804   3.84264
6.5888   3.82981
6.5972   3.84981
6.6056   3.76201
6.614   3.78147
6.6225   3.77938
6.6309   3.77386
6.6394   3.72769
6.6479   3.77668
6.6565   3.76475
6.665   3.77173
6.6736   3.69501
6.6822   3.68249
6.6908   3.69750
6.6995   3.75214
6.7081   3.67886
6.7168   3.69358
6.7255   3.63909
6.7343   3.62197
6.743   3.55527
6.7518   3.56695
6.7606   3.51124
6.7694   3.46386
6.7783   3.42821
6.7872   3.66442
6.7961   3.8371
6.805   3.81514
6.8139   3.67917
6.8229   3.72746
6.8319   3.87656
6.8409   4.16127
6.8499   4.13257
6.859   4.04276
6.8681   3.96610
6.8772   3.99435
6.8863   3.93582
6.8955   3.96033
6.9046   3.93897
6.9139   3.95524
6.9231   3.86628
6.9323   3.86008
6.9416   3.85351
6.9509   3.88732
6.9603   3.82099
6.9696   3.88322
6.979   3.89105
6.9884   3.93775
6.9978   3.91487
7.0073   3.93534
7.0168   3.88061
7.0263   3.90139
7.0358   3.87971
7.0454   3.91504
7.055   3.86772
7.0646   3.91641
7.0742   3.88099
7.0839   3.91707
7.0936   3.91513
7.1033   3.97071
7.113   3.95937
7.1228   4.04381
7.1326   3.98011
7.1424   3.96898
7.1523   3.90942
7.1621   3.92692
7.172   3.91083
7.182   3.95333
7.1919   3.89376
7.2019   3.88011
7.2119   3.84398
7.222   3.91731
7.2321   3.90146
7.2422   3.91403
7.2523   3.85139
7.2624   3.89728
7.2726   3.88040
7.2828   3.91124
7.2931   3.84406
7.3034   3.88348
7.3137   3.83564
7.324   3.86203
7.3344   3.86830
7.3447   3.94276
7.3552   3.88047
7.3656   3.89286
7.3761   3.84685
7.3866   3.88217
7.3971   3.81620
7.4077   3.84753
7.4183   3.84301
7.4289   3.89613
7.4396   3.82549
7.4503   3.84505
7.461   3.81554
7.4717   3.85306
7.4825   3.77909
7.4933   3.77701
7.5042   3.77094
7.5151   3.84084
7.526   3.82598
7.5369   3.86223
7.5479   3.77794
7.5589   3.81904
7.5699   3.84070
7.581   3.89877
7.5921   3.82295
7.6032   3.83827
7.6144   3.78176
7.6256   3.83584
7.6368   3.77075
7.6481   3.79307
7.6594   3.80592
7.6707   3.83996
7.6821   3.78188
7.6935   3.81632
7.7049   3.76128
7.7164   3.76983
7.7278   3.71288
7.7394   3.77495
7.751   3.72242
7.7626   3.78381
7.7742   3.76720
7.7859   3.80028
7.7976   3.72925
7.8093   3.76564
7.8211   3.75957
7.8329   3.84052
7.8448   3.79953
7.8566   3.83462
7.8686   3.75660
7.8805   3.82416
7.8925   3.81820
7.9046   3.85589
7.9166   3.77002
7.9287   3.83905
7.9409   3.85842
7.9531   3.92429
7.9653   3.86701
7.9775   3.89021
7.9898   3.84363
8.0021   3.88589
8.0145   3.82691
8.0269   3.90600
8.0394   3.89831
8.0518   3.94057
8.0644   3.88776
8.0769   3.91472
8.0895   3.82288
8.1022   3.87190
8.1148   3.80379
8.1276   3.87660
8.1403   3.81946
8.1531   3.92415
8.166   3.94975
8.1788   4.02319
8.1918   3.92546
8.2047   3.95107
8.2177   3.88731
8.2308   3.97950
8.2439   3.87349
8.257   3.93274
8.2702   3.90194
8.2834   3.98132
8.2966   3.94549
8.3099   4.01664
8.3233   3.99838
8.3366   4.08848
8.3501   4.00964
8.3635   4.13952
8.377   4.03189
8.3906   3.99665
8.4042   3.99655
8.4178   4.14413
8.4315   4.08969
8.4453   4.15591
8.459   4.04653
8.4729   4.08431
8.4867   4.04787
8.5006   4.11506
8.5146   4.03661
8.5286   4.10928
8.5426   4.06939
8.5567   4.22161
8.5709   4.17359
8.5851   4.16631
8.5993   4.17621
8.6136   4.36794
8.6279   4.30415
8.6423   4.35919
8.6567   4.33331
8.6712   4.38184
8.6857   4.29829
8.7003   4.37755
8.7149   4.31589
8.7296   4.43598
8.7443   4.42628
8.7591   4.5098
8.7739   4.42719
8.7888   4.48990
8.8037   4.39509
8.8187   4.42362
8.8337   4.35782
8.8488   4.48240
8.8639   4.50782
8.8791   4.64689
8.8943   4.56304
8.9096   4.60841
8.9249   4.50212
8.9403   4.62905
8.9558   4.57500
8.9713   4.67627
8.9868   4.60163
9.0024   4.74023
9.0181   4.71334
9.0338   4.81027
9.0495   4.74596
9.0654   4.79707
9.0812   4.68980
9.0972   4.81070
9.1132   4.67506
9.1292   4.70972
9.1453   4.64541
9.1615   4.77484
9.1777   4.74584
9.194   4.78616
9.2103   4.68645
9.2267   4.82250
9.2431   4.73986
9.2596   4.76277
9.2762   4.74366
9.2928   4.96123
9.3095   4.87075
9.3262   4.90305
9.343   4.85709
9.3599   4.91943
9.3768   4.76763
9.3938   4.87497
9.4109   4.72846
9.428   4.85366
9.4451   4.87560
9.4624   5.03706
9.4797   4.98863
9.4971   4.99717
9.5145   4.85429
9.532   4.97514
9.5495   4.91265
9.5671   5.01524
9.5848   4.93299
9.6026   4.96249
9.6204   4.83448
9.6383   4.90577
9.6562   4.89966
9.6742   5.00202
9.6923   4.79488
9.7105   4.88726
9.7287   4.84269
9.747   4.96169
9.7653   4.82943
9.7837   4.80214
9.8022   4.68531
9.8208   4.76726
9.8394   4.71663
9.8581   4.79886
9.8769   4.60435
9.8958   4.61021
9.9147   4.55753
9.9337   4.66164
9.9528   4.57985
9.9719   4.63818
9.9911   4.43904
10.0104   4.48344
10.0298   4.39350
10.0492   4.41585
10.0687   4.31362
10.0883   4.39490
10.108   4.28744
10.1277   4.37255
10.1475   4.32144
10.1674   4.38871
10.1874   4.27453
10.2074   4.35571
10.2276   4.27432
10.2478   4.34683
10.2681   4.22801
10.2885   4.32120
10.3089   4.26795
10.3295   4.32356
10.3501   4.28429
10.3708   4.41961
10.3916   4.31605
10.4124   4.39198
10.4334   4.30963
10.4544   4.39846
10.4755   4.29302
10.4967   4.31347
10.518   4.24193
10.5394   4.43037
10.5609   4.33885
10.5824   4.40100
10.6041   4.35788
10.6258   4.45261
10.6476   4.34970
10.6695   4.43213
10.6915   4.2894
10.7136   4.38632
10.7358   4.29286
10.7581   4.37692
10.7804   4.27904
10.8029   4.50524
10.8254   4.45158
10.8481   4.49603
10.8708   4.31114
10.8937   4.36391
10.9166   4.31830
10.9396   4.39255
10.9628   4.27466
10.986   4.37971
11.0093   4.27012
11.0327   4.36095
11.0563   4.22483
11.0799   4.33663
11.1036   4.25028
11.1274   4.36414
11.1514   4.27418
11.1754   4.35514
11.1995   4.25031
11.2238   4.36212
11.2481   4.27943
11.2726   4.33561
11.2971   4.21074
11.3218   4.35523
11.3466   4.21307
11.3715   4.28573
11.3965   4.23476
11.4216   4.34049
11.4468   4.16876
11.4721   4.23677
11.4975   4.14974
11.5231   4.25754
11.5487   4.15589
11.5745   4.23847
11.6004   4.07244
11.6264   4.16454
11.6525   4.04746
11.6788   4.10092
11.7052   4.03739
11.7316   4.17135
11.7582   4.01812
11.785   4.16183
11.8118   3.97339
11.8388   4.06707
11.8659   3.99800
11.8931   4.12412
11.9204   3.92353
11.9479   4.03537
11.9755   3.88434
12.0032   4.00737
12.0311   3.93662
12.059   4.04996
12.0871   3.89247
12.1154   4.02415
12.1438   3.84283
12.1723   4.00599
12.2009   3.93581
12.2297   4.03710
12.2586   3.88079
12.2876   4.10148
12.3168   3.90387
12.3462   3.95265
12.3756   3.87727
12.4052   4.04358
12.435   3.81112
12.4649   3.92516
12.4949   3.80162
12.5251   4.04761
12.5554   3.90337
12.5859   3.95861
12.6165   3.70191
12.6473   3.85056
12.6782   3.78028
12.7093   3.90678
12.7405   3.73611
12.7719   3.90250
12.8034   3.71213
12.8351   3.88072
12.867   3.84294
12.899   3.94994
12.9311   3.71364
12.9635   3.91199
12.996   3.81137
13.0286   3.97040
13.0614   3.81141
13.0944   4.02016
13.1276   3.77311
13.1609   3.86138
13.1944   3.78726
13.228   3.99035
13.2619   3.77281
13.2959   3.91422
13.33   3.75061
13.3644   3.96250
13.3989   3.82210
13.4336   3.92757
13.4685   3.73633
13.5036   3.89812
13.5389   3.68534
13.5743   3.88284
13.6099   3.71740
13.6458   3.76159
13.6818   3.63847
13.7179   4.20897
13.7543   4.15711
13.7909   4.08944
13.8277   3.80673
13.8647   4.16769
13.9018   4.24446
13.9392   4.64060
13.9768   4.35803
14.0146   4.44582
14.0525   4.24446
14.0907   4.38506
14.1291   4.14723
14.1677   4.46395
14.2065   4.25293
14.2456   4.38311
14.2848   4.06900
14.3243   4.32986
14.3639   4.15784
14.4038   4.33316
14.444   4.01716
14.4843   4.33033
14.5249   4.09731
14.5657   4.43727
14.6067   4.23373
14.648   4.61881
14.6895   4.26741
14.7312   4.5362
14.7732   4.26873
14.8154   4.49812
14.8578   4.23969
14.9005   4.46939
14.9435   4.04314
14.9867   4.54140
15.0301   4.11157
15.0738   4.61934
15.1177   4.23822
15.1619   4.42994
15.2064   4.16070
15.2511   4.70489
15.2961   4.26680
15.3414   4.60119
15.3869   0

