Name:  Basalt
Type:  Rock
Class: Igneous   
Subclass: Mafic 
Particle Size:  Whole rock chips
Sample No.:  ba2b1f
Owner:  Larry Rowan, USGS
Wavelength range:  VNIR SWIR IR
Origin:  Wadi Zerqa Ma'in, Jordan
Collection Date: N/A
Description:  dark gray basalt 
Measurement:  Reflectance
First Column:  X
Second Column:  Y
X Units:  Wavelength (micrometers)
Y Units:  Reflectance (percent)
First X Value:  0.4
Last X Value:  14.01309
Number of X Values:  2826
Additional Information: usgs.perknic.rock.igneous.mafic.solid.ba2b1f.ancillary.txt

 0.400	 0.163
 0.401	 0.163
 0.402	 0.162
 0.403	 0.162
 0.404	 0.162
 0.405	 0.160
 0.406	 0.163
 0.407	 0.163
 0.408	 0.160
 0.409	 0.163
 0.410	 0.162
 0.411	 0.163
 0.412	 0.164
 0.413	 0.162
 0.414	 0.162
 0.415	 0.163
 0.416	 0.164
 0.417	 0.162
 0.418	 0.162
 0.419	 0.162
 0.420	 0.160
 0.421	 0.158
 0.422	 0.160
 0.423	 0.162
 0.424	 0.160
 0.425	 0.159
 0.426	 0.160
 0.427	 0.160
 0.428	 0.159
 0.429	 0.158
 0.430	 0.157
 0.431	 0.158
 0.432	 0.158
 0.433	 0.158
 0.434	 0.157
 0.435	 0.157
 0.436	 0.156
 0.437	 0.156
 0.438	 0.156
 0.439	 0.154
 0.440	 0.157
 0.441	 0.157
 0.442	 0.154
 0.443	 0.154
 0.444	 0.154
 0.445	 0.154
 0.446	 0.154
 0.447	 0.153
 0.448	 0.153
 0.449	 0.154
 0.450	 0.153
 0.451	 0.152
 0.452	 0.152
 0.453	 0.149
 0.454	 0.147
 0.455	 0.147
 0.456	 0.147
 0.457	 0.146
 0.458	 0.148
 0.459	 0.143
 0.460	 0.145
 0.461	 0.143
 0.462	 0.146
 0.463	 0.146
 0.464	 0.145
 0.465	 0.143
 0.466	 0.146
 0.467	 0.145
 0.468	 0.143
 0.469	 0.142
 0.470	 0.143
 0.471	 0.142
 0.472	 0.141
 0.473	 0.142
 0.474	 0.141
 0.475	 0.141
 0.476	 0.141
 0.477	 0.140
 0.478	 0.140
 0.479	 0.140
 0.480	 0.138
 0.481	 0.140
 0.482	 0.140
 0.483	 0.140
 0.484	 0.140
 0.485	 0.138
 0.486	 0.137
 0.487	 0.137
 0.488	 0.138
 0.489	 0.138
 0.490	 0.137
 0.491	 0.137
 0.492	 0.138
 0.493	 0.141
 0.494	 0.137
 0.495	 0.137
 0.496	 0.137
 0.497	 0.140
 0.498	 0.138
 0.499	 0.138
 0.500	 0.138
 0.501	 0.136
 0.502	 0.136
 0.503	 0.136
 0.504	 0.136
 0.505	 0.136
 0.506	 0.137
 0.507	 0.137
 0.508	 0.136
 0.509	 0.137
 0.510	 0.137
 0.511	 0.136
 0.512	 0.136
 0.513	 0.137
 0.514	 0.137
 0.515	 0.135
 0.516	 0.136
 0.517	 0.137
 0.518	 0.137
 0.519	 0.137
 0.520	 0.136
 0.521	 0.136
 0.522	 0.137
 0.523	 0.137
 0.524	 0.137
 0.525	 0.135
 0.526	 0.137
 0.527	 0.137
 0.528	 0.137
 0.529	 0.136
 0.530	 0.137
 0.531	 0.136
 0.532	 0.137
 0.533	 0.134
 0.534	 0.135
 0.535	 0.135
 0.536	 0.136
 0.537	 0.134
 0.538	 0.137
 0.539	 0.137
 0.540	 0.136
 0.541	 0.136
 0.542	 0.136
 0.543	 0.135
 0.544	 0.135
 0.545	 0.136
 0.546	 0.136
 0.547	 0.136
 0.548	 0.137
 0.549	 0.137
 0.550	 0.136
 0.551	 0.136
 0.552	 0.136
 0.553	 0.136
 0.554	 0.136
 0.555	 0.138
 0.556	 0.142
 0.557	 0.142
 0.558	 0.137
 0.559	 0.137
 0.560	 0.140
 0.561	 0.138
 0.562	 0.138
 0.563	 0.138
 0.564	 0.140
 0.565	 0.140
 0.566	 0.138
 0.567	 0.138
 0.568	 0.138
 0.569	 0.138
 0.570	 0.140
 0.571	 0.141
 0.572	 0.140
 0.573	 0.140
 0.574	 0.138
 0.575	 0.138
 0.576	 0.137
 0.577	 0.138
 0.578	 0.138
 0.579	 0.137
 0.580	 0.137
 0.581	 0.138
 0.582	 0.138
 0.583	 0.138
 0.584	 0.138
 0.585	 0.137
 0.586	 0.140
 0.587	 0.140
 0.588	 0.138
 0.589	 0.137
 0.590	 0.137
 0.591	 0.136
 0.592	 0.137
 0.593	 0.137
 0.594	 0.137
 0.595	 0.137
 0.596	 0.138
 0.597	 0.136
 0.598	 0.137
 0.599	 0.137
 0.600	 0.138
 0.601	 0.138
 0.602	 0.138
 0.603	 0.137
 0.604	 0.136
 0.605	 0.138
 0.606	 0.138
 0.607	 0.138
 0.608	 0.138
 0.609	 0.138
 0.610	 0.138
 0.611	 0.137
 0.612	 0.135
 0.613	 0.135
 0.614	 0.135
 0.615	 0.135
 0.616	 0.136
 0.617	 0.136
 0.618	 0.136
 0.619	 0.136
 0.620	 0.136
 0.621	 0.135
 0.622	 0.136
 0.623	 0.137
 0.624	 0.138
 0.625	 0.137
 0.626	 0.136
 0.627	 0.136
 0.628	 0.136
 0.629	 0.135
 0.630	 0.136
 0.631	 0.137
 0.632	 0.136
 0.633	 0.135
 0.634	 0.135
 0.635	 0.136
 0.636	 0.136
 0.637	 0.137
 0.638	 0.136
 0.639	 0.137
 0.640	 0.138
 0.641	 0.136
 0.642	 0.135
 0.643	 0.135
 0.644	 0.135
 0.645	 0.136
 0.646	 0.135
 0.647	 0.135
 0.648	 0.134
 0.649	 0.135
 0.650	 0.135
 0.651	 0.137
 0.652	 0.136
 0.653	 0.137
 0.654	 0.136
 0.655	 0.136
 0.656	 0.136
 0.657	 0.135
 0.658	 0.134
 0.659	 0.136
 0.660	 0.135
 0.661	 0.135
 0.662	 0.135
 0.663	 0.137
 0.664	 0.136
 0.665	 0.135
 0.666	 0.135
 0.667	 0.134
 0.668	 0.135
 0.669	 0.136
 0.670	 0.137
 0.671	 0.137
 0.672	 0.135
 0.673	 0.134
 0.674	 0.136
 0.675	 0.135
 0.676	 0.135
 0.677	 0.135
 0.678	 0.132
 0.679	 0.132
 0.680	 0.134
 0.681	 0.135
 0.682	 0.134
 0.683	 0.134
 0.684	 0.136
 0.685	 0.135
 0.686	 0.134
 0.687	 0.136
 0.688	 0.134
 0.689	 0.134
 0.690	 0.135
 0.691	 0.135
 0.692	 0.134
 0.693	 0.134
 0.694	 0.136
 0.695	 0.135
 0.696	 0.131
 0.697	 0.131
 0.698	 0.130
 0.699	 0.135
 0.700	 0.135
 0.701	 0.135
 0.702	 0.132
 0.703	 0.132
 0.704	 0.131
 0.705	 0.132
 0.706	 0.134
 0.707	 0.132
 0.708	 0.132
 0.709	 0.131
 0.710	 0.131
 0.711	 0.131
 0.712	 0.135
 0.713	 0.136
 0.714	 0.132
 0.715	 0.131
 0.716	 0.132
 0.717	 0.134
 0.718	 0.131
 0.719	 0.131
 0.720	 0.134
 0.721	 0.132
 0.722	 0.131
 0.723	 0.131
 0.724	 0.134
 0.725	 0.135
 0.726	 0.135
 0.727	 0.134
 0.728	 0.134
 0.729	 0.134
 0.730	 0.131
 0.731	 0.134
 0.732	 0.131
 0.733	 0.134
 0.734	 0.132
 0.735	 0.135
 0.736	 0.135
 0.737	 0.135
 0.738	 0.134
 0.739	 0.134
 0.740	 0.132
 0.741	 0.135
 0.742	 0.135
 0.743	 0.134
 0.744	 0.134
 0.745	 0.134
 0.746	 0.132
 0.747	 0.131
 0.748	 0.134
 0.749	 0.132
 0.750	 0.132
 0.751	 0.135
 0.752	 0.135
 0.753	 0.134
 0.754	 0.134
 0.755	 0.134
 0.756	 0.131
 0.757	 0.134
 0.758	 0.132
 0.759	 0.132
 0.760	 0.132
 0.761	 0.132
 0.762	 0.132
 0.763	 0.131
 0.764	 0.131
 0.765	 0.134
 0.766	 0.132
 0.767	 0.134
 0.768	 0.132
 0.769	 0.135
 0.770	 0.135
 0.771	 0.135
 0.772	 0.132
 0.773	 0.132
 0.774	 0.134
 0.775	 0.134
 0.776	 0.132
 0.777	 0.132
 0.778	 0.131
 0.779	 0.131
 0.780	 0.132
 0.781	 0.132
 0.782	 0.131
 0.783	 0.132
 0.784	 0.131
 0.785	 0.131
 0.786	 0.132
 0.787	 0.132
 0.788	 0.131
 0.789	 0.131
 0.790	 0.132
 0.791	 0.132
 0.792	 0.134
 0.793	 0.131
 0.794	 0.131
 0.795	 0.132
 0.796	 0.131
 0.797	 0.131
 0.798	 0.123
 0.799	 0.114
 0.800	 0.128
 0.804	 0.128
 0.808	 0.129
 0.812	 0.128
 0.816	 0.127
 0.820	 0.127
 0.824	 0.127
 0.828	 0.126
 0.832	 0.126
 0.836	 0.126
 0.840	 0.125
 0.844	 0.125
 0.848	 0.125
 0.852	 0.125
 0.856	 0.125
 0.860	 0.125
 0.864	 0.123
 0.868	 0.123
 0.872	 0.123
 0.876	 0.123
 0.880	 0.125
 0.884	 0.123
 0.888	 0.125
 0.892	 0.123
 0.896	 0.123
 0.900	 0.123
 0.904	 0.122
 0.908	 0.123
 0.912	 0.123
 0.916	 0.121
 0.920	 0.121
 0.924	 0.121
 0.928	 0.121
 0.932	 0.121
 0.936	 0.120
 0.940	 0.120
 0.944	 0.120
 0.948	 0.118
 0.952	 0.118
 0.956	 0.120
 0.960	 0.118
 0.964	 0.118
 0.968	 0.118
 0.972	 0.117
 0.976	 0.118
 0.980	 0.118
 0.984	 0.118
 0.988	 0.120
 0.992	 0.116
 0.996	 0.116
 1.000	 0.116
 1.004	 0.115
 1.008	 0.116
 1.012	 0.116
 1.016	 0.115
 1.020	 0.115
 1.024	 0.115
 1.028	 0.115
 1.032	 0.115
 1.036	 0.115
 1.040	 0.115
 1.044	 0.117
 1.048	 0.115
 1.052	 0.115
 1.056	 0.114
 1.060	 0.114
 1.064	 0.114
 1.068	 0.114
 1.072	 0.114
 1.076	 0.112
 1.080	 0.112
 1.084	 0.114
 1.088	 0.114
 1.092	 0.114
 1.096	 0.115
 1.100	 0.114
 1.104	 0.111
 1.108	 0.112
 1.112	 0.112
 1.116	 0.111
 1.120	 0.111
 1.124	 0.111
 1.128	 0.111
 1.132	 0.111
 1.136	 0.111
 1.140	 0.110
 1.144	 0.110
 1.148	 0.110
 1.152	 0.111
 1.156	 0.110
 1.160	 0.110
 1.164	 0.110
 1.168	 0.109
 1.172	 0.109
 1.176	 0.110
 1.180	 0.109
 1.184	 0.107
 1.188	 0.109
 1.192	 0.107
 1.196	 0.107
 1.200	 0.107
 1.204	 0.107
 1.208	 0.107
 1.212	 0.107
 1.216	 0.107
 1.220	 0.106
 1.224	 0.106
 1.228	 0.106
 1.232	 0.105
 1.236	 0.106
 1.240	 0.106
 1.244	 0.106
 1.248	 0.105
 1.252	 0.106
 1.256	 0.106
 1.260	 0.106
 1.264	 0.104
 1.268	 0.104
 1.272	 0.104
 1.276	 0.101
 1.280	 0.103
 1.284	 0.101
 1.288	 0.101
 1.292	 0.101
 1.296	 0.101
 1.300	 0.101
 1.304	 0.100
 1.308	 0.101
 1.312	 0.103
 1.316	 0.103
 1.320	 0.101
 1.324	 0.101
 1.328	 0.101
 1.332	 0.101
 1.336	 0.101
 1.340	 0.101
 1.344	 0.101
 1.348	 0.100
 1.352	 0.099
 1.356	 0.099
 1.360	 0.099
 1.364	 0.100
 1.368	 0.098
 1.372	 0.098
 1.376	 0.099
 1.380	 0.099
 1.384	 0.099
 1.388	 0.099
 1.392	 0.099
 1.396	 0.099
 1.400	 0.099
 1.404	 0.096
 1.408	 0.098
 1.412	 0.098
 1.416	 0.099
 1.420	 0.098
 1.424	 0.096
 1.428	 0.096
 1.432	 0.096
 1.436	 0.096
 1.440	 0.096
 1.444	 0.096
 1.448	 0.096
 1.452	 0.096
 1.456	 0.096
 1.460	 0.096
 1.464	 0.095
 1.468	 0.095
 1.472	 0.095
 1.476	 0.095
 1.480	 0.095
 1.484	 0.094
 1.488	 0.095
 1.492	 0.094
 1.496	 0.095
 1.500	 0.094
 1.504	 0.093
 1.508	 0.094
 1.512	 0.094
 1.516	 0.094
 1.520	 0.094
 1.524	 0.093
 1.528	 0.094
 1.532	 0.095
 1.536	 0.094
 1.540	 0.094
 1.544	 0.094
 1.548	 0.093
 1.552	 0.093
 1.556	 0.093
 1.560	 0.092
 1.564	 0.092
 1.568	 0.093
 1.572	 0.093
 1.576	 0.093
 1.580	 0.093
 1.584	 0.093
 1.588	 0.092
 1.592	 0.092
 1.596	 0.092
 1.600	 0.092
 1.604	 0.092
 1.608	 0.092
 1.612	 0.092
 1.616	 0.092
 1.620	 0.092
 1.624	 0.092
 1.628	 0.090
 1.632	 0.090
 1.636	 0.092
 1.640	 0.092
 1.644	 0.090
 1.648	 0.090
 1.652	 0.090
 1.656	 0.090
 1.660	 0.090
 1.664	 0.090
 1.668	 0.090
 1.672	 0.090
 1.676	 0.090
 1.680	 0.090
 1.684	 0.090
 1.688	 0.090
 1.692	 0.090
 1.696	 0.089
 1.700	 0.090
 1.704	 0.089
 1.708	 0.088
 1.712	 0.090
 1.716	 0.089
 1.720	 0.089
 1.724	 0.089
 1.728	 0.089
 1.732	 0.089
 1.736	 0.088
 1.740	 0.088
 1.744	 0.088
 1.748	 0.088
 1.752	 0.087
 1.756	 0.085
 1.760	 0.085
 1.764	 0.085
 1.768	 0.087
 1.772	 0.085
 1.776	 0.085
 1.780	 0.085
 1.784	 0.085
 1.788	 0.085
 1.792	 0.085
 1.796	 0.085
 1.800	 0.085
 1.804	 0.085
 1.808	 0.085
 1.812	 0.085
 1.816	 0.085
 1.820	 0.085
 1.824	 0.084
 1.828	 0.084
 1.832	 0.084
 1.836	 0.083
 1.840	 0.083
 1.844	 0.083
 1.848	 0.084
 1.852	 0.084
 1.856	 0.082
 1.860	 0.082
 1.864	 0.083
 1.868	 0.083
 1.872	 0.084
 1.876	 0.083
 1.880	 0.082
 1.884	 0.082
 1.888	 0.081
 1.892	 0.081
 1.896	 0.079
 1.900	 0.079
 1.904	 0.079
 1.908	 0.079
 1.912	 0.079
 1.916	 0.079
 1.920	 0.079
 1.924	 0.079
 1.928	 0.079
 1.932	 0.078
 1.936	 0.078
 1.940	 0.078
 1.944	 0.078
 1.948	 0.077
 1.952	 0.078
 1.956	 0.078
 1.960	 0.078
 1.964	 0.079
 1.968	 0.078
 1.972	 0.078
 1.976	 0.078
 1.980	 0.078
 1.984	 0.078
 1.988	 0.078
 1.992	 0.078
 1.996	 0.078
 2.000	 0.079
 2.004	 0.079
 2.008	 0.078
 2.012	 0.079
 2.016	 0.078
 2.020	 0.079
 2.024	 0.078
 2.028	 0.078
 2.032	 0.078
 2.036	 0.078
 2.040	 0.078
 2.044	 0.078
 2.048	 0.079
 2.052	 0.081
 2.056	 0.079
 2.060	 0.079
 2.064	 0.078
 2.068	 0.079
 2.072	 0.078
 2.076	 0.078
 2.080	 0.078
 2.084	 0.078
 2.088	 0.078
 2.092	 0.078
 2.096	 0.078
 2.100	 0.078
 2.100	 0.075
 2.101	 0.075
 2.102	 0.074
 2.103	 0.074
 2.104	 0.075
 2.105	 0.077
 2.106	 0.075
 2.106	 0.075
 2.107	 0.076
 2.108	 0.075
 2.109	 0.075
 2.110	 0.073
 2.111	 0.071
 2.112	 0.073
 2.112	 0.074
 2.113	 0.073
 2.114	 0.073
 2.115	 0.073
 2.116	 0.074
 2.117	 0.075
 2.118	 0.075
 2.118	 0.074
 2.119	 0.074
 2.120	 0.075
 2.121	 0.074
 2.122	 0.075
 2.123	 0.075
 2.124	 0.076
 2.125	 0.075
 2.125	 0.075
 2.126	 0.076
 2.127	 0.076
 2.128	 0.075
 2.129	 0.075
 2.130	 0.074
 2.131	 0.073
 2.131	 0.072
 2.132	 0.073
 2.133	 0.074
 2.134	 0.074
 2.135	 0.073
 2.136	 0.074
 2.137	 0.076
 2.138	 0.076
 2.139	 0.074
 2.139	 0.075
 2.140	 0.075
 2.141	 0.073
 2.142	 0.072
 2.143	 0.074
 2.144	 0.075
 2.145	 0.076
 2.146	 0.075
 2.147	 0.075
 2.147	 0.076
 2.148	 0.075
 2.149	 0.072
 2.150	 0.073
 2.151	 0.072
 2.152	 0.070
 2.153	 0.071
 2.154	 0.073
 2.155	 0.072
 2.155	 0.073
 2.156	 0.073
 2.157	 0.074
 2.158	 0.075
 2.159	 0.076
 2.160	 0.074
 2.161	 0.074
 2.162	 0.075
 2.163	 0.074
 2.164	 0.072
 2.164	 0.073
 2.165	 0.073
 2.166	 0.074
 2.167	 0.074
 2.168	 0.073
 2.169	 0.072
 2.170	 0.073
 2.171	 0.074
 2.172	 0.073
 2.173	 0.072
 2.173	 0.072
 2.174	 0.073
 2.175	 0.074
 2.176	 0.074
 2.177	 0.075
 2.178	 0.075
 2.179	 0.076
 2.180	 0.075
 2.181	 0.073
 2.182	 0.073
 2.183	 0.073
 2.184	 0.074
 2.184	 0.074
 2.185	 0.074
 2.186	 0.074
 2.187	 0.073
 2.188	 0.072
 2.189	 0.071
 2.190	 0.073
 2.191	 0.073
 2.192	 0.074
 2.193	 0.075
 2.194	 0.075
 2.195	 0.071
 2.196	 0.070
 2.196	 0.072
 2.197	 0.073
 2.198	 0.072
 2.199	 0.073
 2.200	 0.073
 2.201	 0.075
 2.202	 0.073
 2.203	 0.073
 2.204	 0.074
 2.205	 0.075
 2.206	 0.073
 2.207	 0.073
 2.208	 0.073
 2.209	 0.072
 2.210	 0.072
 2.211	 0.073
 2.211	 0.073
 2.212	 0.073
 2.213	 0.073
 2.214	 0.075
 2.215	 0.074
 2.216	 0.072
 2.217	 0.070
 2.218	 0.072
 2.219	 0.075
 2.220	 0.075
 2.221	 0.072
 2.222	 0.073
 2.223	 0.072
 2.224	 0.072
 2.225	 0.072
 2.226	 0.073
 2.227	 0.073
 2.228	 0.072
 2.229	 0.072
 2.230	 0.075
 2.231	 0.074
 2.231	 0.072
 2.232	 0.072
 2.233	 0.072
 2.234	 0.071
 2.235	 0.072
 2.236	 0.071
 2.237	 0.070
 2.238	 0.071
 2.239	 0.073
 2.240	 0.073
 2.241	 0.071
 2.242	 0.072
 2.243	 0.072
 2.244	 0.073
 2.245	 0.074
 2.246	 0.074
 2.247	 0.073
 2.248	 0.071
 2.249	 0.071
 2.250	 0.073
 2.251	 0.073
 2.252	 0.072
 2.253	 0.071
 2.254	 0.070
 2.255	 0.070
 2.256	 0.070
 2.257	 0.071
 2.258	 0.073
 2.259	 0.074
 2.260	 0.073
 2.261	 0.073
 2.262	 0.073
 2.263	 0.072
 2.264	 0.072
 2.265	 0.072
 2.266	 0.072
 2.267	 0.072
 2.268	 0.072
 2.269	 0.072
 2.270	 0.073
 2.271	 0.073
 2.272	 0.073
 2.273	 0.074
 2.274	 0.073
 2.275	 0.072
 2.276	 0.073
 2.277	 0.072
 2.278	 0.072
 2.279	 0.073
 2.280	 0.073
 2.281	 0.071
 2.282	 0.071
 2.283	 0.071
 2.284	 0.071
 2.285	 0.073
 2.286	 0.072
 2.287	 0.071
 2.288	 0.070
 2.289	 0.070
 2.290	 0.071
 2.291	 0.071
 2.292	 0.071
 2.293	 0.071
 2.294	 0.072
 2.295	 0.073
 2.296	 0.072
 2.297	 0.070
 2.298	 0.070
 2.299	 0.070
 2.300	 0.070
 2.301	 0.070
 2.302	 0.069
 2.303	 0.069
 2.304	 0.069
 2.305	 0.071
 2.306	 0.071
 2.307	 0.071
 2.308	 0.070
 2.309	 0.071
 2.310	 0.073
 2.311	 0.071
 2.312	 0.071
 2.313	 0.071
 2.314	 0.070
 2.315	 0.071
 2.316	 0.071
 2.317	 0.072
 2.318	 0.072
 2.319	 0.072
 2.320	 0.071
 2.321	 0.071
 2.322	 0.071
 2.323	 0.071
 2.324	 0.071
 2.326	 0.070
 2.327	 0.069
 2.328	 0.069
 2.329	 0.069
 2.330	 0.070
 2.331	 0.071
 2.332	 0.073
 2.333	 0.072
 2.334	 0.070
 2.335	 0.070
 2.336	 0.072
 2.337	 0.071
 2.338	 0.070
 2.339	 0.068
 2.340	 0.068
 2.341	 0.070
 2.342	 0.070
 2.343	 0.072
 2.344	 0.073
 2.346	 0.072
 2.347	 0.070
 2.348	 0.070
 2.349	 0.070
 2.350	 0.071
 2.351	 0.071
 2.352	 0.070
 2.353	 0.069
 2.354	 0.069
 2.355	 0.070
 2.356	 0.070
 2.357	 0.070
 2.358	 0.070
 2.359	 0.069
 2.360	 0.069
 2.362	 0.071
 2.363	 0.069
 2.364	 0.070
 2.365	 0.071
 2.366	 0.072
 2.367	 0.070
 2.368	 0.069
 2.369	 0.069
 2.370	 0.070
 2.371	 0.069
 2.372	 0.069
 2.373	 0.070
 2.375	 0.071
 2.376	 0.071
 2.377	 0.070
 2.378	 0.069
 2.379	 0.070
 2.380	 0.070
 2.381	 0.070
 2.382	 0.071
 2.383	 0.072
 2.384	 0.070
 2.385	 0.069
 2.387	 0.069
 2.388	 0.070
 2.389	 0.070
 2.390	 0.070
 2.391	 0.069
 2.392	 0.069
 2.393	 0.069
 2.394	 0.070
 2.395	 0.070
 2.396	 0.070
 2.398	 0.069
 2.399	 0.069
 2.400	 0.070
 2.401	 0.071
 2.402	 0.070
 2.403	 0.070
 2.404	 0.070
 2.405	 0.070
 2.406	 0.069
 2.408	 0.069
 2.409	 0.069
 2.410	 0.068
 2.411	 0.069
 2.412	 0.070
 2.413	 0.069
 2.414	 0.068
 2.415	 0.068
 2.417	 0.069
 2.418	 0.069
 2.419	 0.069
 2.420	 0.068
 2.421	 0.070
 2.422	 0.070
 2.423	 0.069
 2.424	 0.068
 2.426	 0.068
 2.427	 0.068
 2.428	 0.070
 2.429	 0.068
 2.430	 0.068
 2.431	 0.068
 2.432	 0.067
 2.434	 0.067
 2.435	 0.068
 2.436	 0.067
 2.437	 0.067
 2.438	 0.067
 2.439	 0.067
 2.440	 0.067
 2.442	 0.069
 2.443	 0.069
 2.444	 0.068
 2.445	 0.069
 2.446	 0.068
 2.447	 0.068
 2.449	 0.068
 2.450	 0.069
 2.451	 0.068
 2.452	 0.068
 2.453	 0.068
 2.454	 0.068
 2.455	 0.068
 2.457	 0.068
 2.458	 0.068
 2.459	 0.068
 2.460	 0.067
 2.461	 0.066
 2.462	 0.066
 2.464	 0.067
 2.465	 0.068
 2.466	 0.068
 2.467	 0.067
 2.468	 0.068
 2.469	 0.069
 2.471	 0.069
 2.472	 0.067
 2.473	 0.067
 2.474	 0.067
 2.475	 0.067
 2.477	 0.066
 2.478	 0.067
 2.479	 0.066
 2.480	 0.064
 2.481	 0.065
 2.482	 0.067
 2.484	 0.067
 2.485	 0.067
 2.486	 0.067
 2.487	 0.066
 2.488	 0.066
 2.490	 0.067
 2.491	 0.067
 2.492	 0.066
 2.493	 0.067
 2.494	 0.067
 2.496	 0.067
 2.497	 0.066
 2.498	 0.067
 2.499	 0.066
 2.500	 0.065
 2.502	 0.066
 2.503	 0.067
 2.504	 0.065
 2.505	 0.065
 2.506	 0.066
 2.508	 0.065
 2.509	 0.067
 2.510	 0.068
 2.511	 0.067
 2.513	 0.066
 2.514	 0.067
 2.515	 0.067
 2.516	 0.066
 2.517	 0.066
 2.519	 0.065
 2.520	 0.066
 2.521	 0.067
 2.522	 0.066
 2.524	 0.065
 2.525	 0.064
 2.526	 0.064
 2.527	 0.065
 2.528	 0.065
 2.530	 0.066
 2.531	 0.065
 2.532	 0.065
 2.533	 0.066
 2.535	 0.065
 2.536	 0.064
 2.537	 0.065
 2.538	 0.066
 2.540	 0.065
 2.541	 0.065
 2.542	 0.066
 2.543	 0.065
 2.545	 0.067
 2.546	 0.067
 2.547	 0.066
 2.548	 0.066
 2.550	 0.067
 2.551	 0.065
 2.552	 0.064
 2.553	 0.064
 2.555	 0.065
 2.556	 0.064
 2.557	 0.064
 2.558	 0.065
 2.560	 0.064
 2.561	 0.062
 2.562	 0.063
 2.563	 0.064
 2.565	 0.063
 2.566	 0.065
 2.567	 0.066
 2.569	 0.064
 2.570	 0.065
 2.571	 0.066
 2.572	 0.065
 2.574	 0.066
 2.575	 0.067
 2.576	 0.065
 2.577	 0.068
 2.579	 0.068
 2.580	 0.066
 2.581	 0.064
 2.583	 0.062
 2.584	 0.061
 2.585	 0.064
 2.586	 0.064
 2.588	 0.066
 2.589	 0.066
 2.590	 0.065
 2.592	 0.064
 2.593	 0.062
 2.594	 0.059
 2.596	 0.061
 2.597	 0.064
 2.598	 0.065
 2.599	 0.065
 2.601	 0.063
 2.602	 0.062
 2.603	 0.063
 2.605	 0.062
 2.606	 0.063
 2.607	 0.063
 2.609	 0.063
 2.610	 0.064
 2.611	 0.065
 2.613	 0.064
 2.614	 0.064
 2.615	 0.063
 2.616	 0.061
 2.618	 0.062
 2.619	 0.062
 2.620	 0.062
 2.622	 0.064
 2.623	 0.065
 2.624	 0.065
 2.626	 0.063
 2.627	 0.064
 2.628	 0.063
 2.630	 0.063
 2.631	 0.063
 2.632	 0.063
 2.634	 0.063
 2.635	 0.064
 2.636	 0.064
 2.638	 0.064
 2.639	 0.064
 2.640	 0.064
 2.642	 0.064
 2.643	 0.064
 2.645	 0.062
 2.646	 0.061
 2.647	 0.063
 2.649	 0.064
 2.650	 0.063
 2.651	 0.063
 2.653	 0.063
 2.654	 0.063
 2.655	 0.062
 2.657	 0.062
 2.658	 0.063
 2.659	 0.062
 2.661	 0.060
 2.662	 0.060
 2.664	 0.060
 2.665	 0.059
 2.666	 0.059
 2.668	 0.060
 2.669	 0.059
 2.670	 0.058
 2.672	 0.060
 2.673	 0.061
 2.675	 0.061
 2.676	 0.059
 2.677	 0.057
 2.679	 0.059
 2.680	 0.061
 2.681	 0.061
 2.683	 0.058
 2.684	 0.057
 2.686	 0.057
 2.687	 0.057
 2.688	 0.056
 2.690	 0.055
 2.691	 0.056
 2.693	 0.055
 2.694	 0.051
 2.695	 0.052
 2.697	 0.052
 2.698	 0.052
 2.700	 0.051
 2.701	 0.050
 2.702	 0.050
 2.704	 0.050
 2.705	 0.048
 2.707	 0.047
 2.708	 0.045
 2.709	 0.044
 2.711	 0.043
 2.712	 0.043
 2.714	 0.042
 2.715	 0.042
 2.717	 0.043
 2.718	 0.044
 2.719	 0.042
 2.721	 0.038
 2.722	 0.036
 2.724	 0.037
 2.725	 0.037
 2.727	 0.039
 2.728	 0.039
 2.729	 0.039
 2.731	 0.039
 2.732	 0.038
 2.734	 0.037
 2.735	 0.036
 2.737	 0.035
 2.738	 0.035
 2.740	 0.036
 2.741	 0.036
 2.742	 0.036
 2.744	 0.036
 2.745	 0.036
 2.747	 0.036
 2.748	 0.037
 2.750	 0.038
 2.751	 0.037
 2.753	 0.036
 2.754	 0.035
 2.756	 0.035
 2.757	 0.035
 2.758	 0.034
 2.760	 0.035
 2.761	 0.035
 2.763	 0.036
 2.764	 0.036
 2.766	 0.036
 2.767	 0.036
 2.769	 0.036
 2.770	 0.036
 2.772	 0.037
 2.773	 0.036
 2.775	 0.035
 2.776	 0.035
 2.778	 0.035
 2.779	 0.036
 2.781	 0.036
 2.782	 0.035
 2.784	 0.035
 2.785	 0.034
 2.787	 0.034
 2.788	 0.036
 2.790	 0.036
 2.791	 0.035
 2.793	 0.035
 2.794	 0.036
 2.796	 0.036
 2.797	 0.035
 2.799	 0.035
 2.800	 0.035
 2.802	 0.035
 2.803	 0.035
 2.805	 0.035
 2.806	 0.036
 2.808	 0.034
 2.809	 0.034
 2.811	 0.034
 2.812	 0.035
 2.814	 0.035
 2.815	 0.035
 2.817	 0.035
 2.818	 0.034
 2.820	 0.034
 2.821	 0.036
 2.823	 0.035
 2.825	 0.035
 2.826	 0.035
 2.828	 0.035
 2.829	 0.036
 2.831	 0.036
 2.832	 0.035
 2.834	 0.035
 2.835	 0.035
 2.837	 0.035
 2.838	 0.035
 2.840	 0.036
 2.842	 0.035
 2.843	 0.036
 2.845	 0.035
 2.846	 0.035
 2.848	 0.035
 2.849	 0.035
 2.851	 0.035
 2.853	 0.035
 2.854	 0.034
 2.856	 0.035
 2.857	 0.036
 2.859	 0.036
 2.860	 0.035
 2.862	 0.035
 2.864	 0.035
 2.865	 0.036
 2.867	 0.036
 2.868	 0.035
 2.870	 0.035
 2.871	 0.036
 2.873	 0.035
 2.875	 0.035
 2.876	 0.036
 2.878	 0.035
 2.879	 0.035
 2.881	 0.035
 2.883	 0.036
 2.884	 0.036
 2.886	 0.036
 2.887	 0.035
 2.889	 0.035
 2.891	 0.036
 2.892	 0.035
 2.894	 0.035
 2.896	 0.035
 2.897	 0.035
 2.899	 0.035
 2.900	 0.036
 2.902	 0.035
 2.904	 0.035
 2.905	 0.035
 2.907	 0.036
 2.909	 0.035
 2.910	 0.035
 2.912	 0.035
 2.913	 0.035
 2.915	 0.036
 2.917	 0.036
 2.918	 0.036
 2.920	 0.036
 2.922	 0.036
 2.923	 0.035
 2.925	 0.034
 2.927	 0.035
 2.928	 0.035
 2.930	 0.036
 2.932	 0.037
 2.933	 0.036
 2.935	 0.036
 2.937	 0.036
 2.938	 0.035
 2.940	 0.035
 2.942	 0.035
 2.943	 0.036
 2.945	 0.036
 2.947	 0.035
 2.948	 0.036
 2.950	 0.037
 2.952	 0.036
 2.953	 0.035
 2.955	 0.035
 2.957	 0.036
 2.958	 0.036
 2.960	 0.035
 2.962	 0.034
 2.963	 0.035
 2.965	 0.035
 2.967	 0.035
 2.968	 0.035
 2.970	 0.036
 2.972	 0.036
 2.974	 0.035
 2.975	 0.036
 2.977	 0.036
 2.979	 0.035
 2.980	 0.035
 2.982	 0.035
 2.984	 0.036
 2.986	 0.036
 2.987	 0.036
 2.989	 0.036
 2.991	 0.036
 2.992	 0.036
 2.994	 0.036
 2.996	 0.035
 2.998	 0.035
 2.999	 0.035
 3.001	 0.035
 3.003	 0.035
 3.005	 0.035
 3.006	 0.035
 3.008	 0.035
 3.010	 0.035
 3.012	 0.036
 3.013	 0.036
 3.015	 0.037
 3.017	 0.037
 3.019	 0.038
 3.020	 0.036
 3.022	 0.035
 3.024	 0.034
 3.026	 0.035
 3.027	 0.036
 3.029	 0.038
 3.031	 0.037
 3.033	 0.037
 3.034	 0.036
 3.036	 0.036
 3.038	 0.036
 3.040	 0.036
 3.042	 0.035
 3.043	 0.036
 3.045	 0.036
 3.047	 0.036
 3.049	 0.035
 3.051	 0.036
 3.052	 0.036
 3.054	 0.037
 3.056	 0.036
 3.058	 0.036
 3.060	 0.037
 3.061	 0.037
 3.063	 0.035
 3.065	 0.035
 3.067	 0.035
 3.069	 0.036
 3.070	 0.037
 3.072	 0.036
 3.074	 0.036
 3.076	 0.036
 3.078	 0.036
 3.079	 0.036
 3.081	 0.035
 3.083	 0.035
 3.085	 0.036
 3.087	 0.037
 3.089	 0.037
 3.091	 0.036
 3.092	 0.036
 3.094	 0.036
 3.096	 0.036
 3.098	 0.036
 3.100	 0.036
 3.102	 0.036
 3.103	 0.036
 3.105	 0.036
 3.107	 0.036
 3.109	 0.036
 3.111	 0.036
 3.113	 0.036
 3.115	 0.037
 3.116	 0.037
 3.118	 0.037
 3.120	 0.036
 3.122	 0.036
 3.124	 0.037
 3.126	 0.037
 3.128	 0.037
 3.130	 0.037
 3.132	 0.037
 3.133	 0.036
 3.135	 0.036
 3.137	 0.037
 3.139	 0.037
 3.141	 0.037
 3.143	 0.036
 3.145	 0.037
 3.147	 0.037
 3.149	 0.037
 3.151	 0.037
 3.152	 0.037
 3.154	 0.037
 3.156	 0.037
 3.158	 0.037
 3.160	 0.037
 3.162	 0.038
 3.164	 0.038
 3.166	 0.038
 3.168	 0.037
 3.170	 0.037
 3.172	 0.037
 3.174	 0.038
 3.176	 0.038
 3.178	 0.038
 3.180	 0.038
 3.182	 0.038
 3.183	 0.038
 3.185	 0.038
 3.187	 0.038
 3.189	 0.038
 3.191	 0.037
 3.193	 0.037
 3.195	 0.037
 3.197	 0.037
 3.199	 0.037
 3.201	 0.038
 3.203	 0.038
 3.205	 0.038
 3.207	 0.038
 3.209	 0.039
 3.211	 0.039
 3.213	 0.039
 3.215	 0.038
 3.217	 0.038
 3.219	 0.038
 3.221	 0.038
 3.223	 0.038
 3.225	 0.038
 3.227	 0.038
 3.229	 0.039
 3.231	 0.039
 3.233	 0.039
 3.235	 0.039
 3.237	 0.039
 3.239	 0.038
 3.241	 0.038
 3.243	 0.039
 3.245	 0.039
 3.247	 0.038
 3.249	 0.038
 3.251	 0.038
 3.253	 0.039
 3.255	 0.039
 3.257	 0.038
 3.259	 0.038
 3.262	 0.039
 3.264	 0.039
 3.266	 0.039
 3.268	 0.039
 3.270	 0.039
 3.272	 0.039
 3.274	 0.039
 3.276	 0.040
 3.278	 0.040
 3.280	 0.040
 3.282	 0.040
 3.284	 0.039
 3.286	 0.039
 3.288	 0.039
 3.291	 0.039
 3.293	 0.039
 3.295	 0.040
 3.297	 0.040
 3.299	 0.039
 3.301	 0.039
 3.303	 0.040
 3.305	 0.040
 3.307	 0.039
 3.309	 0.040
 3.312	 0.040
 3.314	 0.040
 3.316	 0.040
 3.318	 0.040
 3.320	 0.040
 3.322	 0.040
 3.324	 0.040
 3.326	 0.040
 3.329	 0.040
 3.331	 0.040
 3.333	 0.040
 3.335	 0.041
 3.337	 0.041
 3.339	 0.041
 3.341	 0.041
 3.344	 0.041
 3.346	 0.041
 3.348	 0.041
 3.350	 0.041
 3.352	 0.041
 3.354	 0.040
 3.357	 0.040
 3.359	 0.041
 3.361	 0.041
 3.363	 0.042
 3.365	 0.041
 3.367	 0.041
 3.370	 0.042
 3.372	 0.042
 3.374	 0.041
 3.376	 0.041
 3.378	 0.041
 3.381	 0.042
 3.383	 0.042
 3.385	 0.043
 3.387	 0.042
 3.389	 0.042
 3.392	 0.042
 3.394	 0.042
 3.396	 0.043
 3.398	 0.043
 3.401	 0.042
 3.403	 0.042
 3.405	 0.042
 3.407	 0.042
 3.409	 0.043
 3.412	 0.043
 3.414	 0.043
 3.416	 0.044
 3.418	 0.043
 3.421	 0.043
 3.423	 0.043
 3.425	 0.043
 3.428	 0.043
 3.430	 0.043
 3.432	 0.043
 3.434	 0.043
 3.437	 0.043
 3.439	 0.042
 3.441	 0.043
 3.443	 0.043
 3.446	 0.043
 3.448	 0.044
 3.450	 0.044
 3.453	 0.044
 3.455	 0.043
 3.457	 0.043
 3.460	 0.043
 3.462	 0.044
 3.464	 0.043
 3.466	 0.044
 3.469	 0.043
 3.471	 0.043
 3.473	 0.043
 3.476	 0.043
 3.478	 0.043
 3.480	 0.043
 3.483	 0.044
 3.485	 0.043
 3.487	 0.044
 3.490	 0.045
 3.492	 0.045
 3.494	 0.044
 3.497	 0.044
 3.499	 0.044
 3.502	 0.044
 3.504	 0.044
 3.506	 0.044
 3.509	 0.045
 3.511	 0.045
 3.513	 0.045
 3.516	 0.044
 3.518	 0.044
 3.521	 0.045
 3.523	 0.045
 3.525	 0.044
 3.528	 0.045
 3.530	 0.045
 3.533	 0.045
 3.535	 0.046
 3.537	 0.046
 3.540	 0.046
 3.542	 0.046
 3.545	 0.045
 3.547	 0.046
 3.550	 0.046
 3.552	 0.046
 3.554	 0.046
 3.557	 0.046
 3.559	 0.045
 3.562	 0.045
 3.564	 0.046
 3.567	 0.046
 3.569	 0.046
 3.571	 0.045
 3.574	 0.046
 3.576	 0.046
 3.579	 0.046
 3.581	 0.047
 3.584	 0.047
 3.586	 0.047
 3.589	 0.046
 3.591	 0.047
 3.594	 0.047
 3.596	 0.047
 3.599	 0.047
 3.601	 0.047
 3.604	 0.047
 3.606	 0.047
 3.609	 0.048
 3.611	 0.047
 3.614	 0.048
 3.616	 0.048
 3.619	 0.048
 3.621	 0.048
 3.624	 0.048
 3.626	 0.047
 3.629	 0.047
 3.632	 0.048
 3.634	 0.047
 3.637	 0.048
 3.639	 0.048
 3.642	 0.048
 3.644	 0.048
 3.647	 0.048
 3.649	 0.048
 3.652	 0.048
 3.655	 0.048
 3.657	 0.048
 3.660	 0.048
 3.662	 0.048
 3.665	 0.049
 3.667	 0.048
 3.670	 0.048
 3.673	 0.048
 3.675	 0.048
 3.678	 0.048
 3.680	 0.048
 3.683	 0.048
 3.686	 0.048
 3.688	 0.049
 3.691	 0.049
 3.694	 0.049
 3.696	 0.049
 3.699	 0.048
 3.701	 0.048
 3.704	 0.049
 3.707	 0.049
 3.709	 0.048
 3.712	 0.047
 3.715	 0.048
 3.717	 0.049
 3.720	 0.049
 3.723	 0.048
 3.725	 0.048
 3.728	 0.048
 3.731	 0.048
 3.733	 0.049
 3.736	 0.049
 3.739	 0.049
 3.742	 0.048
 3.744	 0.048
 3.747	 0.048
 3.750	 0.048
 3.752	 0.048
 3.755	 0.048
 3.758	 0.048
 3.761	 0.048
 3.763	 0.049
 3.766	 0.048
 3.769	 0.048
 3.771	 0.048
 3.774	 0.048
 3.777	 0.048
 3.780	 0.047
 3.782	 0.048
 3.785	 0.049
 3.788	 0.049
 3.791	 0.048
 3.794	 0.048
 3.796	 0.048
 3.799	 0.048
 3.802	 0.049
 3.805	 0.048
 3.807	 0.048
 3.810	 0.048
 3.813	 0.048
 3.816	 0.048
 3.819	 0.048
 3.822	 0.048
 3.824	 0.049
 3.827	 0.049
 3.830	 0.049
 3.833	 0.049
 3.836	 0.048
 3.838	 0.048
 3.841	 0.048
 3.844	 0.048
 3.847	 0.048
 3.850	 0.048
 3.853	 0.049
 3.856	 0.049
 3.858	 0.048
 3.861	 0.048
 3.864	 0.049
 3.867	 0.049
 3.870	 0.048
 3.873	 0.049
 3.876	 0.049
 3.879	 0.048
 3.882	 0.048
 3.884	 0.048
 3.887	 0.048
 3.890	 0.048
 3.893	 0.048
 3.896	 0.048
 3.899	 0.048
 3.902	 0.048
 3.905	 0.049
 3.908	 0.048
 3.911	 0.048
 3.914	 0.047
 3.917	 0.048
 3.920	 0.048
 3.923	 0.048
 3.926	 0.048
 3.929	 0.047
 3.932	 0.047
 3.935	 0.048
 3.938	 0.047
 3.941	 0.047
 3.944	 0.047
 3.947	 0.047
 3.950	 0.048
 3.953	 0.048
 3.956	 0.048
 3.959	 0.048
 3.962	 0.047
 3.965	 0.047
 3.968	 0.047
 3.971	 0.048
 3.974	 0.047
 3.977	 0.047
 3.980	 0.047
 3.983	 0.048
 3.986	 0.048
 3.989	 0.047
 3.992	 0.047
 3.995	 0.048
 3.998	 0.048
 4.001	 0.048
 4.004	 0.048
 4.008	 0.048
 4.011	 0.048
 4.014	 0.048
 4.017	 0.048
 4.020	 0.047
 4.023	 0.047
 4.026	 0.047
 4.029	 0.047
 4.032	 0.047
 4.036	 0.048
 4.039	 0.048
 4.042	 0.048
 4.045	 0.048
 4.048	 0.048
 4.051	 0.048
 4.055	 0.048
 4.058	 0.049
 4.061	 0.048
 4.064	 0.048
 4.067	 0.048
 4.070	 0.048
 4.074	 0.047
 4.077	 0.047
 4.080	 0.048
 4.083	 0.048
 4.087	 0.048
 4.090	 0.047
 4.093	 0.047
 4.096	 0.047
 4.099	 0.047
 4.103	 0.047
 4.106	 0.047
 4.109	 0.047
 4.112	 0.047
 4.116	 0.047
 4.119	 0.048
 4.122	 0.048
 4.126	 0.047
 4.129	 0.047
 4.132	 0.047
 4.135	 0.047
 4.139	 0.047
 4.142	 0.047
 4.145	 0.046
 4.149	 0.047
 4.152	 0.047
 4.155	 0.046
 4.159	 0.046
 4.162	 0.047
 4.165	 0.047
 4.169	 0.046
 4.172	 0.047
 4.175	 0.047
 4.179	 0.047
 4.182	 0.047
 4.185	 0.047
 4.189	 0.047
 4.192	 0.046
 4.196	 0.046
 4.199	 0.046
 4.202	 0.045
 4.206	 0.045
 4.209	 0.045
 4.213	 0.044
 4.216	 0.044
 4.219	 0.044
 4.223	 0.045
 4.226	 0.044
 4.230	 0.043
 4.233	 0.043
 4.237	 0.043
 4.240	 0.044
 4.244	 0.044
 4.247	 0.044
 4.251	 0.044
 4.254	 0.045
 4.258	 0.044
 4.261	 0.044
 4.265	 0.044
 4.268	 0.044
 4.272	 0.043
 4.275	 0.043
 4.279	 0.043
 4.282	 0.043
 4.286	 0.043
 4.289	 0.043
 4.293	 0.044
 4.296	 0.044
 4.300	 0.043
 4.304	 0.044
 4.307	 0.044
 4.311	 0.044
 4.314	 0.044
 4.318	 0.045
 4.321	 0.044
 4.325	 0.044
 4.329	 0.044
 4.332	 0.044
 4.336	 0.044
 4.340	 0.044
 4.343	 0.044
 4.347	 0.044
 4.350	 0.044
 4.354	 0.044
 4.358	 0.045
 4.361	 0.044
 4.365	 0.043
 4.369	 0.043
 4.372	 0.044
 4.376	 0.044
 4.380	 0.043
 4.384	 0.043
 4.387	 0.044
 4.391	 0.044
 4.395	 0.044
 4.398	 0.043
 4.402	 0.043
 4.406	 0.043
 4.410	 0.043
 4.413	 0.044
 4.417	 0.043
 4.421	 0.043
 4.425	 0.043
 4.428	 0.044
 4.432	 0.043
 4.436	 0.043
 4.440	 0.042
 4.444	 0.042
 4.447	 0.043
 4.451	 0.042
 4.455	 0.042
 4.459	 0.042
 4.463	 0.042
 4.467	 0.043
 4.470	 0.043
 4.474	 0.043
 4.478	 0.043
 4.482	 0.042
 4.486	 0.042
 4.490	 0.042
 4.494	 0.042
 4.498	 0.042
 4.502	 0.042
 4.505	 0.041
 4.509	 0.041
 4.513	 0.042
 4.517	 0.042
 4.521	 0.042
 4.525	 0.041
 4.529	 0.041
 4.533	 0.041
 4.537	 0.041
 4.541	 0.041
 4.545	 0.041
 4.549	 0.040
 4.553	 0.040
 4.557	 0.041
 4.561	 0.041
 4.565	 0.041
 4.569	 0.041
 4.573	 0.040
 4.577	 0.040
 4.581	 0.040
 4.585	 0.040
 4.589	 0.040
 4.593	 0.040
 4.597	 0.040
 4.601	 0.040
 4.605	 0.040
 4.610	 0.040
 4.614	 0.040
 4.618	 0.039
 4.622	 0.039
 4.626	 0.039
 4.630	 0.039
 4.634	 0.039
 4.638	 0.039
 4.643	 0.039
 4.647	 0.039
 4.651	 0.039
 4.655	 0.039
 4.659	 0.039
 4.663	 0.038
 4.668	 0.038
 4.672	 0.038
 4.676	 0.039
 4.680	 0.038
 4.684	 0.038
 4.689	 0.038
 4.693	 0.038
 4.697	 0.038
 4.701	 0.039
 4.706	 0.038
 4.710	 0.038
 4.714	 0.038
 4.719	 0.038
 4.723	 0.038
 4.727	 0.038
 4.731	 0.038
 4.736	 0.038
 4.740	 0.038
 4.744	 0.038
 4.749	 0.038
 4.753	 0.038
 4.758	 0.038
 4.762	 0.038
 4.766	 0.038
 4.771	 0.038
 4.775	 0.037
 4.779	 0.038
 4.784	 0.038
 4.788	 0.038
 4.793	 0.037
 4.797	 0.037
 4.802	 0.037
 4.806	 0.037
 4.810	 0.037
 4.815	 0.037
 4.819	 0.037
 4.824	 0.037
 4.828	 0.037
 4.833	 0.037
 4.837	 0.037
 4.842	 0.037
 4.846	 0.037
 4.851	 0.037
 4.856	 0.037
 4.860	 0.037
 4.865	 0.037
 4.869	 0.036
 4.874	 0.036
 4.878	 0.036
 4.883	 0.036
 4.888	 0.037
 4.892	 0.037
 4.897	 0.036
 4.901	 0.036
 4.906	 0.036
 4.911	 0.036
 4.915	 0.036
 4.920	 0.035
 4.925	 0.035
 4.929	 0.035
 4.934	 0.035
 4.939	 0.036
 4.943	 0.036
 4.948	 0.036
 4.953	 0.036
 4.958	 0.036
 4.962	 0.036
 4.967	 0.035
 4.972	 0.035
 4.977	 0.035
 4.981	 0.035
 4.986	 0.035
 4.991	 0.035
 4.996	 0.035
 5.001	 0.035
 5.005	 0.035
 5.010	 0.035
 5.015	 0.035
 5.020	 0.035
 5.025	 0.035
 5.030	 0.035
 5.035	 0.035
 5.040	 0.035
 5.044	 0.035
 5.049	 0.034
 5.054	 0.034
 5.059	 0.034
 5.064	 0.034
 5.069	 0.034
 5.074	 0.034
 5.079	 0.034
 5.084	 0.034
 5.089	 0.034
 5.094	 0.034
 5.099	 0.034
 5.104	 0.034
 5.109	 0.034
 5.114	 0.034
 5.119	 0.034
 5.124	 0.034
 5.129	 0.034
 5.134	 0.034
 5.139	 0.033
 5.145	 0.033
 5.150	 0.033
 5.155	 0.033
 5.160	 0.033
 5.165	 0.033
 5.170	 0.033
 5.175	 0.033
 5.180	 0.033
 5.186	 0.033
 5.191	 0.033
 5.196	 0.033
 5.201	 0.033
 5.206	 0.032
 5.212	 0.032
 5.217	 0.033
 5.222	 0.033
 5.227	 0.033
 5.233	 0.033
 5.238	 0.033
 5.243	 0.033
 5.249	 0.032
 5.254	 0.032
 5.259	 0.032
 5.265	 0.032
 5.270	 0.032
 5.275	 0.032
 5.281	 0.032
 5.286	 0.032
 5.291	 0.031
 5.297	 0.031
 5.302	 0.032
 5.308	 0.032
 5.313	 0.032
 5.319	 0.031
 5.324	 0.031
 5.330	 0.031
 5.335	 0.031
 5.341	 0.031
 5.346	 0.031
 5.352	 0.031
 5.357	 0.031
 5.363	 0.031
 5.368	 0.031
 5.374	 0.031
 5.379	 0.031
 5.385	 0.031
 5.390	 0.031
 5.396	 0.031
 5.402	 0.031
 5.407	 0.030
 5.413	 0.030
 5.419	 0.029
 5.424	 0.030
 5.430	 0.030
 5.436	 0.030
 5.441	 0.030
 5.447	 0.030
 5.453	 0.030
 5.459	 0.029
 5.464	 0.029
 5.470	 0.029
 5.476	 0.029
 5.482	 0.029
 5.487	 0.029
 5.493	 0.029
 5.499	 0.029
 5.505	 0.029
 5.511	 0.029
 5.517	 0.028
 5.523	 0.028
 5.528	 0.029
 5.534	 0.029
 5.540	 0.028
 5.546	 0.028
 5.552	 0.028
 5.558	 0.028
 5.564	 0.028
 5.570	 0.028
 5.576	 0.027
 5.582	 0.028
 5.588	 0.028
 5.594	 0.028
 5.600	 0.028
 5.606	 0.028
 5.612	 0.028
 5.618	 0.028
 5.624	 0.028
 5.630	 0.027
 5.637	 0.027
 5.643	 0.027
 5.649	 0.027
 5.655	 0.027
 5.661	 0.028
 5.667	 0.027
 5.674	 0.027
 5.680	 0.027
 5.686	 0.027
 5.692	 0.027
 5.698	 0.027
 5.705	 0.027
 5.711	 0.026
 5.717	 0.027
 5.724	 0.027
 5.730	 0.027
 5.736	 0.027
 5.743	 0.027
 5.749	 0.027
 5.755	 0.027
 5.762	 0.026
 5.768	 0.026
 5.775	 0.026
 5.781	 0.026
 5.788	 0.026
 5.794	 0.026
 5.800	 0.026
 5.807	 0.026
 5.813	 0.025
 5.820	 0.024
 5.827	 0.025
 5.833	 0.026
 5.840	 0.026
 5.846	 0.026
 5.853	 0.025
 5.859	 0.025
 5.866	 0.024
 5.873	 0.023
 5.879	 0.023
 5.886	 0.024
 5.893	 0.024
 5.899	 0.025
 5.906	 0.024
 5.913	 0.024
 5.920	 0.024
 5.926	 0.023
 5.933	 0.023
 5.940	 0.023
 5.947	 0.023
 5.954	 0.024
 5.960	 0.023
 5.967	 0.023
 5.974	 0.023
 5.981	 0.022
 5.988	 0.023
 5.995	 0.024
 6.002	 0.024
 6.009	 0.023
 6.016	 0.023
 6.023	 0.023
 6.030	 0.023
 6.037	 0.022
 6.044	 0.021
 6.051	 0.022
 6.058	 0.023
 6.065	 0.022
 6.072	 0.023
 6.079	 0.023
 6.086	 0.023
 6.094	 0.024
 6.101	 0.023
 6.108	 0.023
 6.115	 0.023
 6.122	 0.024
 6.130	 0.023
 6.137	 0.023
 6.144	 0.023
 6.151	 0.024
 6.159	 0.024
 6.166	 0.024
 6.173	 0.024
 6.181	 0.023
 6.188	 0.024
 6.195	 0.025
 6.203	 0.025
 6.210	 0.024
 6.218	 0.024
 6.225	 0.024
 6.233	 0.024
 6.240	 0.024
 6.248	 0.025
 6.255	 0.025
 6.263	 0.026
 6.270	 0.027
 6.278	 0.027
 6.286	 0.027
 6.293	 0.027
 6.301	 0.028
 6.308	 0.028
 6.316	 0.028
 6.324	 0.029
 6.332	 0.028
 6.339	 0.028
 6.347	 0.029
 6.355	 0.031
 6.363	 0.031
 6.370	 0.032
 6.378	 0.033
 6.386	 0.033
 6.394	 0.033
 6.402	 0.032
 6.410	 0.032
 6.418	 0.033
 6.426	 0.034
 6.434	 0.035
 6.442	 0.035
 6.450	 0.036
 6.458	 0.036
 6.466	 0.035
 6.474	 0.034
 6.482	 0.033
 6.490	 0.034
 6.498	 0.035
 6.506	 0.035
 6.514	 0.034
 6.523	 0.035
 6.531	 0.035
 6.539	 0.034
 6.547	 0.034
 6.556	 0.035
 6.564	 0.034
 6.572	 0.034
 6.581	 0.034
 6.589	 0.034
 6.597	 0.034
 6.606	 0.034
 6.614	 0.034
 6.623	 0.033
 6.631	 0.032
 6.640	 0.032
 6.648	 0.033
 6.657	 0.033
 6.665	 0.032
 6.674	 0.032
 6.682	 0.032
 6.691	 0.033
 6.700	 0.032
 6.708	 0.031
 6.717	 0.031
 6.726	 0.031
 6.734	 0.031
 6.743	 0.031
 6.752	 0.031
 6.761	 0.031
 6.770	 0.030
 6.778	 0.030
 6.787	 0.029
 6.796	 0.030
 6.805	 0.030
 6.814	 0.030
 6.823	 0.030
 6.832	 0.030
 6.841	 0.029
 6.850	 0.028
 6.859	 0.028
 6.868	 0.029
 6.877	 0.029
 6.886	 0.029
 6.896	 0.028
 6.905	 0.028
 6.914	 0.028
 6.923	 0.028
 6.932	 0.028
 6.942	 0.028
 6.951	 0.028
 6.960	 0.027
 6.970	 0.027
 6.979	 0.026
 6.989	 0.026
 6.998	 0.026
 7.007	 0.026
 7.017	 0.027
 7.026	 0.026
 7.036	 0.025
 7.046	 0.025
 7.055	 0.026
 7.065	 0.026
 7.074	 0.025
 7.084	 0.024
 7.094	 0.025
 7.103	 0.024
 7.113	 0.024
 7.123	 0.024
 7.133	 0.024
 7.143	 0.023
 7.152	 0.023
 7.162	 0.023
 7.172	 0.023
 7.182	 0.023
 7.192	 0.023
 7.202	 0.022
 7.212	 0.022
 7.222	 0.022
 7.232	 0.022
 7.242	 0.021
 7.252	 0.022
 7.263	 0.021
 7.273	 0.021
 7.283	 0.021
 7.293	 0.022
 7.303	 0.021
 7.314	 0.021
 7.324	 0.021
 7.334	 0.021
 7.345	 0.021
 7.355	 0.021
 7.366	 0.020
 7.376	 0.020
 7.387	 0.020
 7.397	 0.020
 7.408	 0.020
 7.418	 0.020
 7.429	 0.020
 7.440	 0.020
 7.450	 0.019
 7.461	 0.019
 7.472	 0.019
 7.483	 0.019
 7.493	 0.019
 7.504	 0.019
 7.515	 0.019
 7.526	 0.019
 7.537	 0.019
 7.548	 0.018
 7.559	 0.018
 7.570	 0.019
 7.581	 0.019
 7.592	 0.018
 7.603	 0.018
 7.614	 0.018
 7.626	 0.018
 7.637	 0.018
 7.648	 0.017
 7.659	 0.017
 7.671	 0.017
 7.682	 0.017
 7.694	 0.017
 7.705	 0.017
 7.716	 0.017
 7.728	 0.017
 7.739	 0.017
 7.751	 0.017
 7.763	 0.017
 7.774	 0.017
 7.786	 0.016
 7.798	 0.017
 7.809	 0.017
 7.821	 0.017
 7.833	 0.017
 7.845	 0.016
 7.857	 0.016
 7.869	 0.016
 7.881	 0.016
 7.893	 0.016
 7.905	 0.017
 7.917	 0.017
 7.929	 0.016
 7.941	 0.017
 7.953	 0.017
 7.965	 0.017
 7.978	 0.016
 7.990	 0.017
 8.002	 0.017
 8.015	 0.018
 8.027	 0.018
 8.039	 0.019
 8.052	 0.019
 8.064	 0.019
 8.077	 0.019
 8.090	 0.020
 8.102	 0.020
 8.115	 0.020
 8.128	 0.021
 8.140	 0.022
 8.153	 0.023
 8.166	 0.023
 8.179	 0.024
 8.192	 0.026
 8.205	 0.027
 8.218	 0.029
 8.231	 0.031
 8.244	 0.032
 8.257	 0.033
 8.270	 0.035
 8.283	 0.037
 8.297	 0.040
 8.310	 0.042
 8.323	 0.043
 8.337	 0.045
 8.350	 0.047
 8.364	 0.048
 8.377	 0.049
 8.391	 0.049
 8.404	 0.050
 8.418	 0.051
 8.431	 0.053
 8.445	 0.054
 8.459	 0.055
 8.473	 0.056
 8.487	 0.057
 8.501	 0.058
 8.515	 0.058
 8.529	 0.058
 8.543	 0.059
 8.557	 0.060
 8.571	 0.061
 8.585	 0.062
 8.599	 0.064
 8.614	 0.065
 8.628	 0.066
 8.642	 0.066
 8.657	 0.066
 8.671	 0.067
 8.686	 0.068
 8.700	 0.069
 8.715	 0.070
 8.730	 0.071
 8.744	 0.071
 8.759	 0.072
 8.774	 0.074
 8.789	 0.074
 8.804	 0.075
 8.819	 0.076
 8.834	 0.078
 8.849	 0.078
 8.864	 0.079
 8.879	 0.081
 8.894	 0.082
 8.909	 0.083
 8.925	 0.085
 8.940	 0.086
 8.956	 0.087
 8.971	 0.086
 8.987	 0.087
 9.002	 0.087
 9.018	 0.087
 9.034	 0.087
 9.049	 0.088
 9.065	 0.088
 9.081	 0.088
 9.097	 0.088
 9.113	 0.089
 9.129	 0.089
 9.145	 0.089
 9.161	 0.089
 9.178	 0.089
 9.194	 0.088
 9.210	 0.089
 9.226	 0.091
 9.243	 0.093
 9.259	 0.095
 9.276	 0.097
 9.293	 0.098
 9.309	 0.100
 9.326	 0.102
 9.343	 0.105
 9.360	 0.107
 9.377	 0.109
 9.394	 0.112
 9.411	 0.114
 9.428	 0.115
 9.445	 0.117
 9.462	 0.119
 9.479	 0.120
 9.497	 0.121
 9.514	 0.122
 9.532	 0.123
 9.549	 0.124
 9.567	 0.126
 9.585	 0.126
 9.602	 0.126
 9.620	 0.127
 9.638	 0.126
 9.656	 0.127
 9.674	 0.126
 9.692	 0.126
 9.710	 0.125
 9.728	 0.125
 9.747	 0.124
 9.765	 0.125
 9.783	 0.124
 9.802	 0.124
 9.821	 0.123
 9.839	 0.122
 9.858	 0.121
 9.877	 0.120
 9.895	 0.119
 9.914	 0.117
 9.933	 0.115
 9.952	 0.116
 9.972	 0.115
 9.991	 0.114
10.010	 0.113
10.029	 0.112
10.049	 0.110
10.068	 0.109
10.088	 0.108
10.108	 0.108
10.127	 0.107
10.147	 0.107
10.167	 0.106
10.187	 0.106
10.207	 0.105
10.227	 0.105
10.247	 0.105
10.268	 0.106
10.288	 0.105
10.309	 0.104
10.329	 0.103
10.350	 0.102
10.370	 0.101
10.391	 0.100
10.412	 0.099
10.433	 0.099
10.454	 0.098
10.475	 0.098
10.496	 0.098
10.518	 0.099
10.539	 0.098
10.560	 0.098
10.582	 0.097
10.604	 0.098
10.625	 0.098
10.647	 0.098
10.669	 0.097
10.691	 0.097
10.713	 0.097
10.735	 0.098
10.758	 0.098
10.780	 0.097
10.802	 0.096
10.825	 0.096
10.848	 0.096
10.870	 0.096
10.893	 0.095
10.916	 0.095
10.939	 0.094
10.962	 0.094
10.985	 0.093
11.009	 0.092
11.032	 0.091
11.056	 0.091
11.079	 0.090
11.103	 0.090
11.127	 0.089
11.151	 0.089
11.175	 0.088
11.199	 0.088
11.223	 0.086
11.248	 0.086
11.272	 0.085
11.296	 0.084
11.321	 0.083
11.346	 0.082
11.371	 0.081
11.396	 0.080
11.421	 0.078
11.446	 0.078
11.471	 0.076
11.497	 0.074
11.522	 0.073
11.548	 0.071
11.574	 0.069
11.600	 0.068
11.626	 0.066
11.652	 0.065
11.678	 0.063
11.704	 0.062
11.731	 0.060
11.757	 0.059
11.784	 0.057
11.811	 0.056
11.838	 0.055
11.865	 0.054
11.892	 0.053
11.920	 0.053
11.947	 0.053
11.975	 0.053
12.002	 0.052
12.030	 0.052
12.058	 0.051
12.086	 0.049
12.115	 0.047
12.143	 0.048
12.171	 0.047
12.200	 0.046
12.229	 0.045
12.258	 0.044
12.287	 0.043
12.316	 0.043
12.345	 0.042
12.375	 0.042
12.404	 0.041
12.434	 0.040
12.464	 0.039
12.494	 0.039
12.524	 0.038
12.554	 0.038
12.585	 0.038
12.616	 0.039
12.646	 0.039
12.677	 0.038
12.708	 0.037
12.739	 0.037
12.771	 0.037
12.802	 0.037
12.834	 0.037
12.866	 0.037
12.898	 0.036
12.930	 0.036
12.962	 0.036
12.995	 0.037
13.027	 0.037
13.060	 0.038
13.093	 0.037
13.126	 0.038
13.160	 0.036
13.193	 0.036
13.227	 0.035
13.261	 0.036
13.295	 0.035
13.329	 0.036
13.363	 0.036
13.398	 0.036
13.432	 0.036
13.467	 0.035
13.502	 0.035
13.538	 0.036
13.573	 0.035
13.609	 0.037
13.644	 0.036
13.680	 0.037
13.717	 0.036
13.753	 0.036
13.790	 0.035
13.826	 0.034
13.863	 0.035
13.900	 0.037
13.938	 0.034
13.975	 0.034
14.013	 0.034
