Name:  ALHA 77005
Type:  Stony Meteorites
Class:  Achondrite
Subclass:  Shergottite
Particle Size:  0-75 micrometers
Sample No.:  ALHA 77005
Owner:  JHU
Wavelength range:  IR
Origin:  Meteorite found in Antarctica in 1977.  Smithsonian sample (USNM sample No. ALHA 77005.38).
Collection Date: N/A
Description:  None.
Measurement:  Bidirectional reflectance
First Column:  X
Second Column:  Y
X Units:  Wavelength (micrometers)
Y Units:  Reflectance (percent)
First X Value:  25.044
Last X Value:  2.0795
Number of X Values:  2286
Additional Information: jhu.becknic.meteorite.achondrite.shergottite.fine.a77005.ancillary.txt

25.044	 1.879
24.924	 1.791
24.805	 1.869
24.686	 1.725
24.569	 1.797
24.454	 1.866
24.339	 1.853
24.225	 1.924
24.112	 1.922
24.001	 1.690
23.890	 1.528
23.781	 1.519
23.672	 1.500
23.564	 1.487
23.458	 1.510
23.352	 1.380
23.247	 1.405
23.144	 1.369
23.041	 1.219
22.939	 1.127
22.838	 1.132
22.738	 1.121
22.638	 1.076
22.540	 1.020
22.442	 0.993
22.345	 0.997
22.250	 0.989
22.154	 1.008
22.060	 1.086
21.967	 1.019
21.874	 1.026
21.782	 1.066
21.691	 1.086
21.601	 1.062
21.511	 1.134
21.422	 1.193
21.334	 1.194
21.247	 1.159
21.160	 1.106
21.074	 1.085
20.988	 1.158
20.904	 1.232
20.820	 1.284
20.737	 1.330
20.654	 1.343
20.572	 1.414
20.491	 1.504
20.410	 1.523
20.330	 1.544
20.251	 1.621
20.172	 1.647
20.094	 1.573
20.016	 1.570
19.939	 1.634
19.863	 1.625
19.787	 1.622
19.712	 1.653
19.637	 1.674
19.563	 1.667
19.489	 1.650
19.416	 1.672
19.344	 1.737
19.272	 1.748
19.201	 1.735
19.130	 1.716
19.059	 1.732
18.990	 1.735
18.920	 1.658
18.851	 1.626
18.783	 1.641
18.715	 1.668
18.648	 1.692
18.581	 1.658
18.515	 1.625
18.449	 1.633
18.384	 1.575
18.319	 1.456
18.254	 1.435
18.190	 1.466
18.126	 1.451
18.063	 1.416
18.001	 1.373
17.938	 1.320
17.876	 1.268
17.815	 1.262
17.754	 1.234
17.693	 1.184
17.633	 1.185
17.573	 1.161
17.514	 1.144
17.455	 1.135
17.396	 1.086
17.338	 1.048
17.280	 1.035
17.223	 1.029
17.166	 1.022
17.109	 1.020
17.053	 1.030
16.997	 1.006
16.942	 0.993
16.886	 1.016
16.832	 1.041
16.777	 1.050
16.723	 1.050
16.669	 1.022
16.616	 1.026
16.563	 1.050
16.510	 1.066
16.458	 1.067
16.406	 1.052
16.354	 1.064
16.302	 1.093
16.251	 1.092
16.200	 1.065
16.150	 1.046
16.100	 1.039
16.050	 1.053
16.000	 1.022
15.951	 0.991
15.902	 0.975
15.854	 0.959
15.805	 0.956
15.757	 0.928
15.710	 0.895
15.662	 0.866
15.615	 0.842
15.568	 0.806
15.521	 0.775
15.475	 0.781
15.429	 0.814
15.383	 0.830
15.338	 0.800
15.292	 0.777
15.248	 0.824
15.203	 0.876
15.158	 0.845
15.114	 0.833
15.070	 0.865
15.027	 0.869
14.983	 0.889
14.940	 0.914
14.897	 0.931
14.854	 0.966
14.812	 0.981
14.770	 0.990
14.728	 1.008
14.686	 1.052
14.645	 1.081
14.603	 1.101
14.562	 1.140
14.521	 1.192
14.481	 1.239
14.441	 1.279
14.400	 1.311
14.361	 1.335
14.321	 1.382
14.281	 1.410
14.242	 1.420
14.203	 1.449
14.164	 1.472
14.126	 1.487
14.087	 1.499
14.049	 1.487
14.011	 1.508
13.973	 1.536
13.936	 1.536
13.899	 1.524
13.861	 1.502
13.824	 1.518
13.788	 1.550
13.751	 1.557
13.715	 1.537
13.679	 1.534
13.643	 1.559
13.607	 1.575
13.571	 1.568
13.536	 1.599
13.500	 1.671
13.465	 1.720
13.430	 1.742
13.396	 1.762
13.361	 1.785
13.327	 1.848
13.293	 1.886
13.259	 1.887
13.225	 1.894
13.191	 1.929
13.158	 1.975
13.124	 1.986
13.091	 1.978
13.058	 1.988
13.026	 1.995
12.993	 2.005
12.960	 2.019
12.928	 2.010
12.896	 1.998
12.864	 1.995
12.832	 1.962
12.800	 1.941
12.769	 1.944
12.737	 1.941
12.706	 1.905
12.675	 1.878
12.644	 1.877
12.614	 1.852
12.583	 1.828
12.552	 1.819
12.522	 1.812
12.492	 1.785
12.462	 1.756
12.432	 1.742
12.402	 1.712
12.373	 1.680
12.343	 1.667
12.314	 1.646
12.285	 1.601
12.256	 1.558
12.227	 1.511
12.198	 1.460
12.169	 1.440
12.141	 1.430
12.113	 1.399
12.084	 1.364
12.056	 1.348
12.028	 1.322
12.000	 1.307
11.973	 1.292
11.945	 1.248
11.918	 1.215
11.890	 1.186
11.863	 1.192
11.836	 1.231
11.809	 1.264
11.782	 1.282
11.755	 1.306
11.729	 1.321
11.702	 1.339
11.676	 1.364
11.650	 1.406
11.624	 1.447
11.598	 1.506
11.572	 1.556
11.546	 1.576
11.520	 1.618
11.495	 1.703
11.469	 1.779
11.444	 1.819
11.419	 1.836
11.394	 1.864
11.369	 1.903
11.344	 1.917
11.319	 1.939
11.294	 1.967
11.270	 1.969
11.245	 1.971
11.221	 1.962
11.197	 1.967
11.173	 1.971
11.149	 1.956
11.125	 1.952
11.101	 1.957
11.077	 1.987
11.054	 2.005
11.030	 2.003
11.007	 2.003
10.983	 2.020
10.960	 2.032
10.937	 2.051
10.914	 2.070
10.891	 2.087
10.868	 2.121
10.846	 2.139
10.823	 2.137
10.800	 2.143
10.778	 2.158
10.755	 2.170
10.733	 2.167
10.711	 2.147
10.689	 2.139
10.667	 2.133
10.645	 2.096
10.623	 2.045
10.602	 2.010
10.580	 1.965
10.558	 1.880
10.537	 1.799
10.516	 1.740
10.494	 1.688
10.473	 1.647
10.452	 1.635
10.431	 1.625
10.410	 1.599
10.389	 1.589
10.368	 1.598
10.348	 1.602
10.327	 1.610
10.306	 1.629
10.286	 1.635
10.266	 1.630
10.245	 1.623
10.225	 1.605
10.205	 1.579
10.185	 1.560
10.165	 1.535
10.145	 1.501
10.125	 1.478
10.106	 1.468
10.086	 1.466
10.066	 1.458
10.047	 1.448
10.027	 1.454
10.008	 1.450
 9.989	 1.445
 9.970	 1.443
 9.950	 1.444
 9.931	 1.450
 9.912	 1.448
 9.893	 1.446
 9.875	 1.446
 9.856	 1.451
 9.837	 1.451
 9.819	 1.453
 9.800	 1.461
 9.781	 1.473
 9.763	 1.475
 9.745	 1.491
 9.726	 1.515
 9.708	 1.505
 9.690	 1.506
 9.672	 1.534
 9.654	 1.551
 9.636	 1.557
 9.618	 1.577
 9.600	 1.595
 9.582	 1.595
 9.565	 1.604
 9.547	 1.619
 9.530	 1.628
 9.512	 1.627
 9.495	 1.637
 9.477	 1.643
 9.460	 1.650
 9.443	 1.644
 9.426	 1.619
 9.409	 1.586
 9.392	 1.563
 9.375	 1.524
 9.358	 1.495
 9.341	 1.470
 9.324	 1.437
 9.307	 1.405
 9.291	 1.377
 9.274	 1.349
 9.257	 1.328
 9.241	 1.307
 9.225	 1.292
 9.208	 1.274
 9.192	 1.272
 9.175	 1.272
 9.159	 1.270
 9.143	 1.274
 9.127	 1.275
 9.111	 1.275
 9.095	 1.273
 9.079	 1.280
 9.063	 1.299
 9.047	 1.299
 9.032	 1.292
 9.016	 1.304
 9.000	 1.309
 8.985	 1.293
 8.969	 1.288
 8.954	 1.298
 8.938	 1.300
 8.923	 1.295
 8.908	 1.297
 8.892	 1.292
 8.877	 1.271
 8.862	 1.262
 8.847	 1.240
 8.832	 1.207
 8.817	 1.194
 8.802	 1.189
 8.787	 1.182
 8.772	 1.169
 8.757	 1.167
 8.742	 1.160
 8.727	 1.157
 8.713	 1.165
 8.698	 1.158
 8.684	 1.139
 8.669	 1.136
 8.655	 1.134
 8.640	 1.124
 8.626	 1.132
 8.612	 1.147
 8.597	 1.156
 8.583	 1.163
 8.569	 1.175
 8.555	 1.193
 8.541	 1.215
 8.527	 1.233
 8.513	 1.245
 8.499	 1.266
 8.485	 1.292
 8.471	 1.324
 8.457	 1.353
 8.443	 1.377
 8.430	 1.402
 8.416	 1.429
 8.402	 1.457
 8.389	 1.498
 8.375	 1.538
 8.361	 1.572
 8.348	 1.610
 8.335	 1.662
 8.321	 1.704
 8.308	 1.742
 8.295	 1.789
 8.281	 1.834
 8.268	 1.874
 8.255	 1.925
 8.242	 1.984
 8.229	 2.039
 8.216	 2.100
 8.203	 2.164
 8.190	 2.224
 8.177	 2.283
 8.164	 2.354
 8.151	 2.424
 8.138	 2.481
 8.126	 2.544
 8.113	 2.620
 8.100	 2.691
 8.088	 2.756
 8.075	 2.833
 8.062	 2.909
 8.050	 2.972
 8.037	 3.044
 8.025	 3.116
 8.013	 3.180
 8.000	 3.249
 7.988	 3.324
 7.976	 3.382
 7.963	 3.446
 7.951	 3.524
 7.939	 3.583
 7.927	 3.627
 7.915	 3.681
 7.903	 3.745
 7.891	 3.792
 7.879	 3.836
 7.867	 3.892
 7.855	 3.945
 7.843	 3.994
 7.831	 4.043
 7.819	 4.095
 7.808	 4.141
 7.796	 4.192
 7.784	 4.239
 7.772	 4.280
 7.761	 4.320
 7.749	 4.360
 7.737	 4.397
 7.726	 4.428
 7.715	 4.468
 7.703	 4.502
 7.692	 4.526
 7.680	 4.548
 7.669	 4.580
 7.657	 4.604
 7.646	 4.628
 7.635	 4.660
 7.624	 4.689
 7.613	 4.721
 7.601	 4.749
 7.590	 4.777
 7.579	 4.808
 7.568	 4.854
 7.557	 4.902
 7.546	 4.938
 7.535	 4.982
 7.524	 5.025
 7.513	 5.064
 7.502	 5.106
 7.492	 5.150
 7.481	 5.190
 7.470	 5.224
 7.459	 5.272
 7.449	 5.324
 7.438	 5.362
 7.427	 5.402
 7.417	 5.447
 7.406	 5.492
 7.395	 5.528
 7.385	 5.570
 7.374	 5.609
 7.364	 5.638
 7.353	 5.665
 7.343	 5.705
 7.333	 5.729
 7.322	 5.749
 7.312	 5.781
 7.302	 5.803
 7.291	 5.822
 7.281	 5.851
 7.271	 5.879
 7.261	 5.902
 7.251	 5.931
 7.240	 5.966
 7.230	 5.987
 7.220	 6.011
 7.210	 6.045
 7.200	 6.072
 7.190	 6.094
 7.180	 6.112
 7.170	 6.134
 7.160	 6.156
 7.151	 6.173
 7.141	 6.195
 7.131	 6.211
 7.121	 6.229
 7.111	 6.257
 7.102	 6.277
 7.092	 6.297
 7.082	 6.329
 7.072	 6.363
 7.063	 6.391
 7.053	 6.415
 7.044	 6.445
 7.034	 6.483
 7.025	 6.520
 7.015	 6.558
 7.006	 6.587
 6.996	 6.605
 6.987	 6.634
 6.977	 6.659
 6.968	 6.668
 6.959	 6.688
 6.949	 6.725
 6.940	 6.746
 6.931	 6.762
 6.921	 6.773
 6.912	 6.778
 6.903	 6.787
 6.894	 6.814
 6.885	 6.829
 6.875	 6.832
 6.866	 6.839
 6.857	 6.863
 6.848	 6.899
 6.839	 6.921
 6.830	 6.938
 6.821	 6.955
 6.812	 6.973
 6.803	 6.996
 6.794	 7.017
 6.785	 7.037
 6.777	 7.061
 6.768	 7.086
 6.759	 7.098
 6.750	 7.110
 6.741	 7.117
 6.733	 7.118
 6.724	 7.122
 6.715	 7.132
 6.707	 7.129
 6.698	 7.114
 6.689	 7.103
 6.681	 7.092
 6.672	 7.088
 6.663	 7.091
 6.655	 7.090
 6.646	 7.060
 6.638	 7.027
 6.629	 7.036
 6.621	 7.050
 6.612	 7.042
 6.604	 7.043
 6.596	 7.047
 6.587	 7.049
 6.579	 7.040
 6.571	 7.037
 6.562	 7.046
 6.554	 7.051
 6.546	 7.062
 6.537	 7.070
 6.529	 7.067
 6.521	 7.067
 6.513	 7.076
 6.505	 7.065
 6.496	 7.038
 6.488	 7.042
 6.480	 7.058
 6.472	 7.062
 6.464	 7.063
 6.456	 7.059
 6.448	 7.053
 6.440	 7.048
 6.432	 7.038
 6.424	 7.017
 6.416	 6.987
 6.408	 6.988
 6.400	 6.997
 6.392	 6.992
 6.384	 6.987
 6.377	 6.968
 6.369	 6.937
 6.361	 6.925
 6.353	 6.912
 6.345	 6.887
 6.338	 6.876
 6.330	 6.873
 6.322	 6.857
 6.314	 6.845
 6.307	 6.843
 6.299	 6.844
 6.291	 6.830
 6.284	 6.822
 6.276	 6.820
 6.269	 6.805
 6.261	 6.797
 6.253	 6.803
 6.246	 6.794
 6.239	 6.789
 6.231	 6.797
 6.223	 6.801
 6.216	 6.798
 6.209	 6.798
 6.201	 6.800
 6.194	 6.795
 6.186	 6.786
 6.179	 6.794
 6.172	 6.801
 6.164	 6.802
 6.157	 6.806
 6.150	 6.811
 6.142	 6.807
 6.135	 6.798
 6.128	 6.784
 6.121	 6.750
 6.113	 6.710
 6.106	 6.686
 6.099	 6.651
 6.092	 6.605
 6.085	 6.554
 6.078	 6.489
 6.070	 6.429
 6.063	 6.372
 6.056	 6.305
 6.049	 6.234
 6.042	 6.216
 6.035	 6.216
 6.028	 6.204
 6.021	 6.190
 6.014	 6.189
 6.007	 6.210
 6.000	 6.226
 5.993	 6.247
 5.986	 6.280
 5.979	 6.316
 5.973	 6.350
 5.966	 6.379
 5.959	 6.414
 5.952	 6.449
 5.945	 6.472
 5.938	 6.479
 5.931	 6.506
 5.925	 6.550
 5.918	 6.583
 5.911	 6.603
 5.904	 6.613
 5.898	 6.628
 5.891	 6.659
 5.884	 6.677
 5.878	 6.697
 5.871	 6.733
 5.864	 6.758
 5.858	 6.784
 5.851	 6.806
 5.845	 6.824
 5.838	 6.840
 5.831	 6.859
 5.825	 6.867
 5.818	 6.885
 5.812	 6.920
 5.805	 6.941
 5.799	 6.954
 5.792	 6.961
 5.786	 6.966
 5.779	 6.963
 5.773	 6.943
 5.767	 6.927
 5.760	 6.920
 5.754	 6.901
 5.747	 6.867
 5.741	 6.839
 5.735	 6.804
 5.728	 6.765
 5.722	 6.726
 5.716	 6.675
 5.709	 6.634
 5.703	 6.602
 5.697	 6.561
 5.691	 6.515
 5.684	 6.482
 5.678	 6.453
 5.672	 6.433
 5.666	 6.422
 5.660	 6.414
 5.653	 6.421
 5.647	 6.429
 5.641	 6.440
 5.635	 6.475
 5.629	 6.517
 5.623	 6.564
 5.617	 6.606
 5.611	 6.654
 5.604	 6.705
 5.598	 6.767
 5.592	 6.824
 5.586	 6.871
 5.580	 6.912
 5.574	 6.951
 5.568	 6.992
 5.562	 7.037
 5.556	 7.067
 5.551	 7.084
 5.545	 7.104
 5.539	 7.123
 5.533	 7.132
 5.527	 7.140
 5.521	 7.154
 5.515	 7.162
 5.509	 7.167
 5.503	 7.179
 5.497	 7.187
 5.492	 7.186
 5.486	 7.191
 5.480	 7.202
 5.474	 7.211
 5.468	 7.226
 5.463	 7.250
 5.457	 7.273
 5.451	 7.291
 5.446	 7.309
 5.440	 7.336
 5.434	 7.358
 5.428	 7.384
 5.423	 7.407
 5.417	 7.426
 5.411	 7.453
 5.406	 7.479
 5.400	 7.500
 5.394	 7.516
 5.389	 7.530
 5.383	 7.544
 5.378	 7.559
 5.372	 7.575
 5.367	 7.588
 5.361	 7.598
 5.356	 7.599
 5.350	 7.609
 5.345	 7.621
 5.339	 7.620
 5.333	 7.619
 5.328	 7.626
 5.322	 7.627
 5.317	 7.628
 5.312	 7.627
 5.306	 7.621
 5.301	 7.620
 5.295	 7.619
 5.290	 7.609
 5.285	 7.613
 5.279	 7.619
 5.274	 7.620
 5.268	 7.624
 5.263	 7.631
 5.258	 7.638
 5.252	 7.644
 5.247	 7.652
 5.242	 7.667
 5.237	 7.684
 5.231	 7.699
 5.226	 7.715
 5.221	 7.723
 5.215	 7.729
 5.210	 7.739
 5.205	 7.751
 5.200	 7.765
 5.194	 7.782
 5.189	 7.795
 5.184	 7.803
 5.179	 7.824
 5.174	 7.841
 5.169	 7.843
 5.163	 7.862
 5.158	 7.891
 5.153	 7.910
 5.148	 7.927
 5.143	 7.950
 5.138	 7.976
 5.133	 7.991
 5.128	 8.011
 5.123	 8.036
 5.118	 8.056
 5.113	 8.073
 5.107	 8.095
 5.103	 8.114
 5.098	 8.126
 5.093	 8.143
 5.088	 8.161
 5.082	 8.177
 5.077	 8.193
 5.073	 8.210
 5.068	 8.228
 5.063	 8.242
 5.058	 8.258
 5.053	 8.273
 5.048	 8.283
 5.043	 8.296
 5.038	 8.312
 5.033	 8.326
 5.028	 8.338
 5.023	 8.350
 5.019	 8.362
 5.014	 8.380
 5.009	 8.393
 5.004	 8.404
 4.999	 8.418
 4.994	 8.435
 4.990	 8.454
 4.985	 8.481
 4.980	 8.503
 4.975	 8.530
 4.970	 8.564
 4.966	 8.596
 4.961	 8.636
 4.956	 8.680
 4.951	 8.722
 4.947	 8.759
 4.942	 8.799
 4.937	 8.835
 4.933	 8.879
 4.928	 8.929
 4.923	 8.973
 4.919	 9.011
 4.914	 9.051
 4.909	 9.090
 4.905	 9.122
 4.900	 9.167
 4.895	 9.209
 4.891	 9.239
 4.886	 9.265
 4.881	 9.298
 4.877	 9.330
 4.872	 9.354
 4.868	 9.380
 4.863	 9.408
 4.859	 9.430
 4.854	 9.448
 4.849	 9.478
 4.845	 9.502
 4.840	 9.528
 4.836	 9.556
 4.832	 9.577
 4.827	 9.598
 4.822	 9.619
 4.818	 9.634
 4.814	 9.657
 4.809	 9.680
 4.805	 9.700
 4.800	 9.726
 4.796	 9.755
 4.791	 9.777
 4.787	 9.796
 4.782	 9.813
 4.778	 9.834
 4.774	 9.852
 4.769	 9.868
 4.765	 9.893
 4.761	 9.915
 4.756	 9.937
 4.752	 9.959
 4.747	 9.972
 4.743	 9.992
 4.739	10.013
 4.734	10.034
 4.730	10.053
 4.726	10.061
 4.721	10.080
 4.717	10.104
 4.713	10.117
 4.709	10.136
 4.704	10.165
 4.700	10.176
 4.696	10.185
 4.691	10.212
 4.687	10.235
 4.683	10.254
 4.679	10.277
 4.675	10.302
 4.670	10.323
 4.666	10.337
 4.662	10.357
 4.658	10.380
 4.654	10.402
 4.649	10.422
 4.645	10.450
 4.641	10.468
 4.637	10.486
 4.633	10.518
 4.629	10.535
 4.625	10.550
 4.620	10.574
 4.616	10.592
 4.612	10.605
 4.608	10.624
 4.604	10.647
 4.600	10.659
 4.596	10.676
 4.592	10.698
 4.588	10.714
 4.584	10.734
 4.580	10.752
 4.576	10.768
 4.572	10.782
 4.567	10.788
 4.564	10.808
 4.559	10.828
 4.556	10.842
 4.551	10.855
 4.548	10.863
 4.543	10.870
 4.540	10.885
 4.536	10.898
 4.532	10.906
 4.528	10.921
 4.524	10.931
 4.520	10.932
 4.516	10.947
 4.512	10.960
 4.508	10.968
 4.504	10.978
 4.500	10.988
 4.496	10.997
 4.492	11.005
 4.488	11.012
 4.485	11.019
 4.481	11.027
 4.477	11.032
 4.473	11.037
 4.469	11.046
 4.465	11.060
 4.461	11.063
 4.458	11.066
 4.454	11.073
 4.450	11.083
 4.446	11.092
 4.442	11.099
 4.439	11.113
 4.435	11.123
 4.431	11.127
 4.427	11.129
 4.423	11.132
 4.420	11.132
 4.416	11.141
 4.412	11.152
 4.408	11.161
 4.404	11.165
 4.401	11.168
 4.397	11.174
 4.393	11.175
 4.390	11.186
 4.386	11.197
 4.382	11.194
 4.378	11.198
 4.375	11.211
 4.371	11.213
 4.367	11.209
 4.364	11.218
 4.360	11.226
 4.356	11.229
 4.353	11.233
 4.349	11.244
 4.346	11.246
 4.342	11.246
 4.338	11.254
 4.335	11.250
 4.331	11.250
 4.327	11.264
 4.324	11.267
 4.320	11.265
 4.316	11.266
 4.313	11.267
 4.309	11.274
 4.306	11.287
 4.302	11.298
 4.299	11.299
 4.295	11.302
 4.292	11.313
 4.288	11.315
 4.284	11.312
 4.281	11.320
 4.277	11.327
 4.274	11.334
 4.270	11.337
 4.267	11.337
 4.263	11.350
 4.260	11.360
 4.256	11.359
 4.253	11.368
 4.249	11.371
 4.246	11.368
 4.242	11.374
 4.239	11.382
 4.235	11.392
 4.232	11.392
 4.229	11.396
 4.225	11.401
 4.222	11.412
 4.218	11.415
 4.215	11.415
 4.211	11.427
 4.208	11.442
 4.205	11.440
 4.201	11.436
 4.198	11.445
 4.194	11.455
 4.191	11.461
 4.188	11.464
 4.184	11.471
 4.181	11.472
 4.177	11.476
 4.174	11.487
 4.171	11.484
 4.167	11.481
 4.164	11.490
 4.161	11.500
 4.157	11.495
 4.154	11.500
 4.151	11.505
 4.147	11.507
 4.144	11.511
 4.141	11.512
 4.137	11.513
 4.134	11.522
 4.131	11.527
 4.128	11.530
 4.124	11.532
 4.121	11.535
 4.118	11.540
 4.114	11.539
 4.111	11.543
 4.108	11.551
 4.105	11.553
 4.101	11.557
 4.098	11.556
 4.095	11.556
 4.092	11.559
 4.088	11.568
 4.085	11.576
 4.082	11.578
 4.079	11.583
 4.076	11.583
 4.072	11.587
 4.069	11.596
 4.066	11.596
 4.063	11.594
 4.060	11.601
 4.056	11.607
 4.053	11.608
 4.050	11.612
 4.047	11.614
 4.044	11.611
 4.041	11.616
 4.037	11.614
 4.034	11.618
 4.031	11.621
 4.028	11.620
 4.025	11.635
 4.022	11.638
 4.019	11.636
 4.016	11.637
 4.013	11.637
 4.009	11.636
 4.006	11.642
 4.003	11.648
 4.000	11.648
 3.997	11.647
 3.994	11.647
 3.991	11.651
 3.988	11.654
 3.985	11.658
 3.982	11.657
 3.979	11.657
 3.976	11.657
 3.973	11.656
 3.970	11.651
 3.966	11.649
 3.963	11.659
 3.960	11.661
 3.957	11.653
 3.954	11.658
 3.951	11.663
 3.948	11.660
 3.945	11.663
 3.942	11.667
 3.939	11.662
 3.936	11.658
 3.933	11.656
 3.930	11.658
 3.927	11.662
 3.924	11.669
 3.921	11.673
 3.918	11.665
 3.916	11.660
 3.913	11.663
 3.910	11.668
 3.907	11.671
 3.904	11.677
 3.901	11.672
 3.898	11.662
 3.895	11.668
 3.892	11.669
 3.889	11.662
 3.886	11.656
 3.883	11.663
 3.880	11.663
 3.877	11.658
 3.875	11.660
 3.872	11.656
 3.869	11.653
 3.866	11.653
 3.863	11.661
 3.860	11.659
 3.857	11.650
 3.854	11.651
 3.852	11.649
 3.849	11.651
 3.846	11.650
 3.843	11.646
 3.840	11.642
 3.837	11.650
 3.834	11.653
 3.832	11.648
 3.829	11.647
 3.826	11.645
 3.823	11.649
 3.820	11.650
 3.817	11.646
 3.815	11.647
 3.812	11.636
 3.809	11.627
 3.806	11.634
 3.804	11.641
 3.801	11.635
 3.798	11.626
 3.795	11.623
 3.792	11.631
 3.790	11.632
 3.787	11.628
 3.784	11.621
 3.781	11.628
 3.779	11.635
 3.776	11.629
 3.773	11.625
 3.770	11.623
 3.768	11.622
 3.765	11.617
 3.762	11.610
 3.759	11.606
 3.757	11.608
 3.754	11.611
 3.751	11.615
 3.748	11.614
 3.746	11.612
 3.743	11.604
 3.740	11.601
 3.738	11.605
 3.735	11.599
 3.732	11.595
 3.730	11.597
 3.727	11.601
 3.724	11.599
 3.722	11.595
 3.719	11.594
 3.716	11.590
 3.714	11.576
 3.711	11.572
 3.708	11.581
 3.706	11.587
 3.703	11.576
 3.700	11.566
 3.698	11.571
 3.695	11.572
 3.692	11.570
 3.690	11.561
 3.687	11.562
 3.684	11.560
 3.682	11.552
 3.679	11.550
 3.677	11.554
 3.674	11.565
 3.671	11.562
 3.669	11.547
 3.666	11.548
 3.664	11.552
 3.661	11.553
 3.659	11.547
 3.656	11.540
 3.653	11.537
 3.651	11.531
 3.648	11.525
 3.646	11.536
 3.643	11.537
 3.641	11.531
 3.638	11.532
 3.635	11.533
 3.633	11.532
 3.630	11.524
 3.628	11.524
 3.625	11.517
 3.623	11.511
 3.620	11.505
 3.618	11.506
 3.615	11.506
 3.613	11.505
 3.610	11.495
 3.608	11.496
 3.605	11.502
 3.603	11.503
 3.600	11.487
 3.598	11.482
 3.595	11.479
 3.593	11.468
 3.590	11.469
 3.588	11.471
 3.585	11.464
 3.583	11.455
 3.580	11.455
 3.578	11.449
 3.575	11.435
 3.573	11.431
 3.570	11.434
 3.568	11.421
 3.565	11.415
 3.563	11.409
 3.561	11.407
 3.558	11.408
 3.556	11.399
 3.553	11.387
 3.551	11.377
 3.548	11.375
 3.546	11.372
 3.543	11.366
 3.541	11.361
 3.539	11.356
 3.536	11.347
 3.534	11.338
 3.531	11.336
 3.529	11.334
 3.527	11.313
 3.524	11.299
 3.522	11.287
 3.519	11.272
 3.517	11.251
 3.515	11.225
 3.512	11.203
 3.510	11.183
 3.507	11.156
 3.505	11.129
 3.503	11.106
 3.500	11.102
 3.498	11.110
 3.496	11.120
 3.493	11.128
 3.491	11.129
 3.489	11.131
 3.486	11.132
 3.484	11.132
 3.482	11.136
 3.479	11.135
 3.477	11.127
 3.475	11.127
 3.472	11.120
 3.470	11.116
 3.468	11.121
 3.465	11.111
 3.463	11.100
 3.461	11.098
 3.458	11.093
 3.456	11.083
 3.454	11.065
 3.451	11.057
 3.449	11.048
 3.447	11.040
 3.445	11.022
 3.442	10.998
 3.440	10.981
 3.438	10.969
 3.436	10.958
 3.433	10.940
 3.431	10.912
 3.429	10.891
 3.426	10.874
 3.424	10.846
 3.422	10.814
 3.420	10.794
 3.417	10.779
 3.415	10.776
 3.413	10.784
 3.411	10.792
 3.408	10.799
 3.406	10.816
 3.404	10.837
 3.402	10.851
 3.399	10.871
 3.397	10.880
 3.395	10.880
 3.393	10.885
 3.391	10.893
 3.388	10.900
 3.386	10.893
 3.384	10.882
 3.382	10.879
 3.380	10.874
 3.377	10.861
 3.375	10.857
 3.373	10.866
 3.371	10.869
 3.369	10.873
 3.366	10.885
 3.364	10.898
 3.362	10.914
 3.360	10.930
 3.358	10.929
 3.355	10.925
 3.353	10.931
 3.351	10.936
 3.349	10.941
 3.347	10.938
 3.345	10.931
 3.342	10.928
 3.340	10.925
 3.338	10.927
 3.336	10.923
 3.334	10.915
 3.332	10.912
 3.330	10.915
 3.327	10.915
 3.325	10.915
 3.323	10.912
 3.321	10.906
 3.319	10.906
 3.317	10.903
 3.315	10.889
 3.313	10.880
 3.310	10.879
 3.308	10.878
 3.306	10.873
 3.304	10.869
 3.302	10.861
 3.300	10.849
 3.298	10.850
 3.296	10.850
 3.294	10.844
 3.292	10.840
 3.289	10.835
 3.287	10.832
 3.285	10.826
 3.283	10.817
 3.281	10.812
 3.279	10.803
 3.277	10.792
 3.275	10.779
 3.273	10.782
 3.271	10.787
 3.269	10.768
 3.267	10.750
 3.265	10.755
 3.263	10.752
 3.260	10.743
 3.258	10.748
 3.256	10.747
 3.254	10.737
 3.252	10.729
 3.250	10.716
 3.248	10.713
 3.246	10.709
 3.244	10.702
 3.242	10.697
 3.240	10.699
 3.238	10.696
 3.236	10.686
 3.234	10.676
 3.232	10.667
 3.230	10.670
 3.228	10.664
 3.226	10.653
 3.224	10.648
 3.222	10.647
 3.220	10.637
 3.218	10.637
 3.216	10.641
 3.214	10.634
 3.212	10.620
 3.210	10.614
 3.208	10.611
 3.206	10.608
 3.204	10.601
 3.202	10.593
 3.200	10.588
 3.198	10.566
 3.196	10.560
 3.194	10.563
 3.192	10.552
 3.190	10.544
 3.188	10.546
 3.186	10.543
 3.184	10.531
 3.182	10.532
 3.180	10.521
 3.179	10.500
 3.177	10.491
 3.175	10.498
 3.173	10.492
 3.171	10.488
 3.169	10.481
 3.167	10.476
 3.165	10.461
 3.163	10.457
 3.161	10.456
 3.159	10.455
 3.157	10.439
 3.155	10.423
 3.153	10.422
 3.151	10.423
 3.150	10.426
 3.148	10.417
 3.146	10.400
 3.144	10.396
 3.142	10.395
 3.140	10.393
 3.138	10.376
 3.136	10.365
 3.134	10.354
 3.132	10.350
 3.131	10.355
 3.129	10.356
 3.127	10.352
 3.125	10.345
 3.123	10.337
 3.121	10.324
 3.119	10.317
 3.117	10.317
 3.115	10.307
 3.114	10.289
 3.112	10.290
 3.110	10.293
 3.108	10.288
 3.106	10.270
 3.104	10.268
 3.102	10.264
 3.101	10.256
 3.099	10.243
 3.097	10.245
 3.095	10.256
 3.093	10.245
 3.091	10.223
 3.090	10.222
 3.088	10.239
 3.086	10.226
 3.084	10.206
 3.082	10.210
 3.080	10.207
 3.079	10.189
 3.077	10.188
 3.075	10.198
 3.073	10.194
 3.071	10.186
 3.069	10.183
 3.067	10.177
 3.066	10.175
 3.064	10.157
 3.062	10.146
 3.060	10.142
 3.058	10.148
 3.057	10.150
 3.055	10.146
 3.053	10.144
 3.051	10.143
 3.050	10.139
 3.048	10.129
 3.046	10.120
 3.044	10.102
 3.042	10.101
 3.041	10.106
 3.039	10.103
 3.037	10.095
 3.035	10.087
 3.033	10.093
 3.032	10.087
 3.030	10.071
 3.028	10.058
 3.026	10.050
 3.025	10.058
 3.023	10.067
 3.021	10.048
 3.019	10.040
 3.018	10.044
 3.016	10.040
 3.014	10.031
 3.012	10.033
 3.010	10.020
 3.009	10.013
 3.007	10.022
 3.005	10.022
 3.004	10.009
 3.002	10.009
 3.000	10.006
 2.998	10.011
 2.997	10.007
 2.995	 9.987
 2.993	 9.970
 2.991	 9.967
 2.990	 9.955
 2.988	 9.958
 2.986	 9.968
 2.985	 9.955
 2.983	 9.946
 2.981	 9.952
 2.979	 9.957
 2.978	 9.954
 2.976	 9.952
 2.974	 9.934
 2.973	 9.909
 2.971	 9.910
 2.969	 9.917
 2.967	 9.904
 2.966	 9.905
 2.964	 9.913
 2.962	 9.908
 2.961	 9.884
 2.959	 9.872
 2.957	 9.873
 2.956	 9.869
 2.954	 9.857
 2.952	 9.851
 2.951	 9.857
 2.949	 9.854
 2.947	 9.847
 2.946	 9.853
 2.944	 9.845
 2.942	 9.825
 2.941	 9.815
 2.939	 9.829
 2.937	 9.837
 2.936	 9.838
 2.934	 9.840
 2.932	 9.850
 2.931	 9.842
 2.929	 9.846
 2.927	 9.868
 2.926	 9.879
 2.924	 9.874
 2.922	 9.866
 2.921	 9.864
 2.919	 9.879
 2.917	 9.888
 2.916	 9.897
 2.914	 9.892
 2.912	 9.886
 2.911	 9.897
 2.909	 9.898
 2.908	 9.906
 2.906	 9.920
 2.904	 9.918
 2.903	 9.916
 2.901	 9.924
 2.899	 9.923
 2.898	 9.931
 2.896	 9.941
 2.895	 9.928
 2.893	 9.919
 2.891	 9.935
 2.890	 9.954
 2.888	 9.953
 2.886	 9.947
 2.885	 9.952
 2.883	 9.959
 2.882	 9.974
 2.880	 9.980
 2.878	 9.974
 2.877	 9.966
 2.875	 9.965
 2.874	 9.981
 2.872	 9.998
 2.870	10.001
 2.869	10.008
 2.867	10.018
 2.866	10.028
 2.864	10.030
 2.863	10.034
 2.861	10.030
 2.859	10.046
 2.858	10.053
 2.856	10.050
 2.855	10.050
 2.853	10.063
 2.852	10.076
 2.850	10.083
 2.848	10.087
 2.847	10.089
 2.845	10.088
 2.844	10.085
 2.842	10.106
 2.841	10.122
 2.839	10.124
 2.837	10.127
 2.836	10.129
 2.834	10.137
 2.833	10.137
 2.831	10.145
 2.830	10.149
 2.828	10.154
 2.827	10.156
 2.825	10.155
 2.824	10.167
 2.822	10.173
 2.821	10.178
 2.819	10.185
 2.817	10.192
 2.816	10.191
 2.814	10.186
 2.813	10.196
 2.811	10.216
 2.810	10.235
 2.808	10.243
 2.807	10.242
 2.805	10.243
 2.804	10.259
 2.802	10.285
 2.801	10.292
 2.799	10.314
 2.798	10.338
 2.796	10.355
 2.795	10.360
 2.793	10.354
 2.792	10.377
 2.790	10.405
 2.789	10.419
 2.787	10.427
 2.786	10.427
 2.784	10.445
 2.783	10.456
 2.781	10.473
 2.780	10.491
 2.778	10.510
 2.777	10.519
 2.775	10.540
 2.774	10.582
 2.772	10.600
 2.771	10.601
 2.769	10.622
 2.768	10.642
 2.766	10.650
 2.765	10.667
 2.763	10.667
 2.762	10.667
 2.760	10.686
 2.759	10.710
 2.757	10.741
 2.756	10.752
 2.755	10.774
 2.753	10.815
 2.752	10.835
 2.750	10.860
 2.749	10.878
 2.747	10.882
 2.746	10.896
 2.744	10.924
 2.743	10.939
 2.741	10.938
 2.740	10.957
 2.739	10.985
 2.737	11.004
 2.736	11.009
 2.734	11.026
 2.733	11.049
 2.731	11.066
 2.730	11.083
 2.728	11.108
 2.727	11.116
 2.726	11.108
 2.724	11.110
 2.723	11.138
 2.721	11.134
 2.720	11.133
 2.719	11.177
 2.717	11.194
 2.716	11.194
 2.714	11.202
 2.713	11.216
 2.711	11.215
 2.710	11.221
 2.708	11.235
 2.707	11.234
 2.706	11.253
 2.704	11.266
 2.703	11.273
 2.701	11.281
 2.700	11.284
 2.699	11.296
 2.697	11.297
 2.696	11.291
 2.695	11.295
 2.693	11.310
 2.692	11.338
 2.690	11.342
 2.689	11.339
 2.688	11.322
 2.686	11.329
 2.685	11.359
 2.683	11.344
 2.682	11.327
 2.680	11.349
 2.679	11.351
 2.678	11.354
 2.676	11.357
 2.675	11.354
 2.674	11.354
 2.672	11.361
 2.671	11.330
 2.670	11.329
 2.668	11.351
 2.667	11.327
 2.665	11.323
 2.664	11.352
 2.663	11.362
 2.661	11.355
 2.660	11.342
 2.659	11.340
 2.657	11.346
 2.656	11.344
 2.655	11.347
 2.653	11.351
 2.652	11.340
 2.650	11.336
 2.649	11.354
 2.648	11.350
 2.646	11.327
 2.645	11.329
 2.644	11.328
 2.642	11.313
 2.641	11.305
 2.640	11.317
 2.638	11.320
 2.637	11.302
 2.636	11.292
 2.634	11.300
 2.633	11.302
 2.631	11.273
 2.630	11.269
 2.629	11.299
 2.627	11.296
 2.626	11.269
 2.625	11.284
 2.624	11.302
 2.622	11.281
 2.621	11.234
 2.620	11.223
 2.618	11.234
 2.617	11.250
 2.616	11.268
 2.614	11.259
 2.613	11.260
 2.612	11.256
 2.610	11.236
 2.609	11.228
 2.608	11.228
 2.606	11.211
 2.605	11.203
 2.604	11.224
 2.603	11.199
 2.601	11.179
 2.600	11.213
 2.599	11.233
 2.597	11.220
 2.596	11.186
 2.595	11.126
 2.593	11.128
 2.592	11.173
 2.591	11.193
 2.590	11.171
 2.588	11.162
 2.587	11.148
 2.586	11.148
 2.584	11.162
 2.583	11.164
 2.582	11.156
 2.580	11.165
 2.579	11.182
 2.578	11.150
 2.577	11.129
 2.575	11.124
 2.574	11.126
 2.573	11.131
 2.571	11.144
 2.570	11.127
 2.569	11.108
 2.568	11.114
 2.566	11.113
 2.565	11.111
 2.564	11.105
 2.563	11.101
 2.561	11.102
 2.560	11.104
 2.559	11.088
 2.558	11.106
 2.556	11.106
 2.555	11.086
 2.554	11.073
 2.553	11.067
 2.551	11.063
 2.550	11.075
 2.549	11.073
 2.547	11.053
 2.546	11.033
 2.545	11.047
 2.544	11.061
 2.542	11.039
 2.541	11.020
 2.540	10.987
 2.539	10.991
 2.538	11.011
 2.536	11.005
 2.535	10.986
 2.534	10.996
 2.533	10.996
 2.531	10.992
 2.530	10.984
 2.529	10.990
 2.528	10.997
 2.526	10.999
 2.525	10.983
 2.524	10.983
 2.523	10.971
 2.522	10.941
 2.520	10.939
 2.519	10.938
 2.518	10.950
 2.517	10.958
 2.515	10.932
 2.514	10.901
 2.513	10.894
 2.512	10.893
 2.510	10.893
 2.509	10.877
 2.508	10.874
 2.507	10.888
 2.506	10.882
 2.504	10.868
 2.503	10.871
 2.502	10.869
 2.501	10.850
 2.500	10.848
 2.498	10.851
 2.497	10.838
 2.496	10.843
 2.495	10.840
 2.494	10.817
 2.492	10.804
 2.491	10.796
 2.490	10.792
 2.489	10.803
 2.488	10.815
 2.486	10.816
 2.485	10.801
 2.484	10.776
 2.483	10.771
 2.482	10.782
 2.481	10.775
 2.479	10.755
 2.478	10.763
 2.477	10.765
 2.476	10.765
 2.474	10.759
 2.473	10.723
 2.472	10.730
 2.471	10.747
 2.470	10.748
 2.469	10.730
 2.467	10.729
 2.466	10.713
 2.465	10.700
 2.464	10.697
 2.463	10.702
 2.462	10.689
 2.460	10.679
 2.459	10.683
 2.458	10.677
 2.457	10.663
 2.456	10.661
 2.455	10.675
 2.454	10.665
 2.452	10.656
 2.451	10.631
 2.450	10.636
 2.449	10.653
 2.448	10.649
 2.446	10.613
 2.445	10.592
 2.444	10.599
 2.443	10.609
 2.442	10.618
 2.441	10.598
 2.440	10.586
 2.438	10.580
 2.437	10.564
 2.436	10.561
 2.435	10.561
 2.434	10.564
 2.433	10.558
 2.432	10.565
 2.430	10.572
 2.429	10.536
 2.428	10.518
 2.427	10.562
 2.426	10.565
 2.425	10.551
 2.424	10.563
 2.422	10.553
 2.421	10.527
 2.420	10.514
 2.419	10.525
 2.418	10.524
 2.417	10.503
 2.416	10.492
 2.415	10.481
 2.413	10.469
 2.412	10.496
 2.411	10.484
 2.410	10.474
 2.409	10.471
 2.408	10.462
 2.407	10.454
 2.406	10.460
 2.405	10.456
 2.403	10.438
 2.402	10.420
 2.401	10.436
 2.400	10.449
 2.399	10.449
 2.398	10.438
 2.397	10.422
 2.396	10.396
 2.394	10.394
 2.393	10.421
 2.392	10.428
 2.391	10.411
 2.390	10.395
 2.389	10.405
 2.388	10.413
 2.387	10.399
 2.386	10.394
 2.385	10.390
 2.384	10.384
 2.382	10.401
 2.381	10.389
 2.380	10.362
 2.379	10.384
 2.378	10.371
 2.377	10.365
 2.376	10.370
 2.375	10.351
 2.374	10.326
 2.373	10.327
 2.372	10.326
 2.370	10.333
 2.369	10.337
 2.368	10.334
 2.367	10.290
 2.366	10.277
 2.365	10.301
 2.364	10.316
 2.363	10.319
 2.362	10.320
 2.361	10.315
 2.360	10.280
 2.359	10.295
 2.357	10.315
 2.356	10.269
 2.355	10.269
 2.354	10.281
 2.353	10.266
 2.352	10.241
 2.351	10.273
 2.350	10.290
 2.349	10.266
 2.348	10.269
 2.347	10.260
 2.346	10.240
 2.345	10.251
 2.344	10.226
 2.343	10.205
 2.341	10.218
 2.341	10.191
 2.339	10.163
 2.338	10.172
 2.337	10.199
 2.336	10.222
 2.335	10.200
 2.334	10.163
 2.333	10.184
 2.332	10.199
 2.331	10.175
 2.330	10.146
 2.329	10.144
 2.328	10.162
 2.327	10.165
 2.326	10.175
 2.325	10.166
 2.324	10.117
 2.323	10.139
 2.322	10.139
 2.321	10.109
 2.320	10.114
 2.318	10.113
 2.317	10.104
 2.316	10.123
 2.315	10.113
 2.314	10.079
 2.313	10.083
 2.312	10.080
 2.311	10.080
 2.310	10.068
 2.309	10.063
 2.308	10.081
 2.307	10.122
 2.306	10.105
 2.305	10.091
 2.304	10.087
 2.303	10.064
 2.302	10.061
 2.301	10.069
 2.300	10.053
 2.299	10.062
 2.298	10.070
 2.297	10.055
 2.296	10.061
 2.295	10.068
 2.294	10.045
 2.293	10.021
 2.292	10.036
 2.291	10.025
 2.290	10.044
 2.289	10.044
 2.288	 9.996
 2.287	 9.998
 2.286	10.030
 2.285	10.018
 2.284	 9.979
 2.283	 9.975
 2.282	10.011
 2.281	10.038
 2.280	10.008
 2.279	10.003
 2.278	 9.975
 2.277	 9.960
 2.276	 9.986
 2.275	 9.982
 2.274	 9.963
 2.273	 9.960
 2.272	 9.968
 2.271	 9.961
 2.270	 9.967
 2.269	 9.970
 2.268	 9.986
 2.267	 9.987
 2.266	 9.929
 2.265	 9.943
 2.264	 9.980
 2.263	 9.963
 2.262	 9.923
 2.261	 9.941
 2.260	 9.936
 2.259	 9.920
 2.258	 9.888
 2.257	 9.862
 2.256	 9.855
 2.255	 9.877
 2.254	 9.917
 2.253	 9.924
 2.252	 9.917
 2.251	 9.921
 2.250	 9.957
 2.249	 9.944
 2.248	 9.944
 2.247	 9.937
 2.246	 9.922
 2.245	 9.913
 2.244	 9.899
 2.243	 9.883
 2.242	 9.904
 2.241	 9.898
 2.240	 9.884
 2.239	 9.886
 2.238	 9.890
 2.237	 9.870
 2.236	 9.868
 2.236	 9.866
 2.235	 9.905
 2.234	 9.914
 2.233	 9.890
 2.232	 9.903
 2.231	 9.913
 2.230	 9.913
 2.229	 9.897
 2.228	 9.840
 2.227	 9.822
 2.226	 9.847
 2.225	 9.848
 2.224	 9.872
 2.223	 9.885
 2.222	 9.853
 2.221	 9.852
 2.220	 9.873
 2.219	 9.850
 2.218	 9.823
 2.217	 9.820
 2.216	 9.819
 2.216	 9.849
 2.215	 9.851
 2.214	 9.828
 2.213	 9.838
 2.212	 9.827
 2.211	 9.808
 2.210	 9.826
 2.209	 9.835
 2.208	 9.802
 2.207	 9.805
 2.206	 9.838
 2.205	 9.825
 2.204	 9.796
 2.203	 9.785
 2.202	 9.790
 2.201	 9.802
 2.200	 9.834
 2.200	 9.838
 2.199	 9.820
 2.198	 9.788
 2.197	 9.767
 2.196	 9.773
 2.195	 9.777
 2.194	 9.784
 2.193	 9.752
 2.192	 9.737
 2.191	 9.753
 2.190	 9.765
 2.189	 9.775
 2.188	 9.751
 2.187	 9.741
 2.187	 9.750
 2.186	 9.754
 2.185	 9.761
 2.184	 9.753
 2.183	 9.723
 2.182	 9.729
 2.181	 9.763
 2.180	 9.720
 2.179	 9.657
 2.178	 9.665
 2.177	 9.707
 2.176	 9.709
 2.175	 9.702
 2.175	 9.705
 2.174	 9.695
 2.173	 9.724
 2.172	 9.679
 2.171	 9.640
 2.170	 9.628
 2.169	 9.660
 2.168	 9.690
 2.167	 9.678
 2.166	 9.647
 2.166	 9.657
 2.165	 9.660
 2.164	 9.668
 2.163	 9.674
 2.162	 9.647
 2.161	 9.628
 2.160	 9.633
 2.159	 9.614
 2.158	 9.614
 2.157	 9.639
 2.156	 9.690
 2.156	 9.696
 2.155	 9.659
 2.154	 9.646
 2.153	 9.636
 2.152	 9.629
 2.151	 9.598
 2.150	 9.599
 2.149	 9.646
 2.148	 9.644
 2.147	 9.605
 2.147	 9.592
 2.146	 9.623
 2.145	 9.641
 2.144	 9.605
 2.143	 9.584
 2.142	 9.619
 2.141	 9.614
 2.140	 9.584
 2.140	 9.597
 2.139	 9.615
 2.138	 9.617
 2.137	 9.585
 2.136	 9.549
 2.135	 9.541
 2.134	 9.584
 2.133	 9.599
 2.132	 9.607
 2.132	 9.598
 2.131	 9.580
 2.130	 9.575
 2.129	 9.564
 2.128	 9.570
 2.127	 9.572
 2.126	 9.576
 2.126	 9.570
 2.125	 9.566
 2.124	 9.601
 2.123	 9.605
 2.122	 9.610
 2.121	 9.594
 2.120	 9.595
 2.119	 9.573
 2.119	 9.560
 2.118	 9.543
 2.117	 9.542
 2.116	 9.566
 2.115	 9.572
 2.114	 9.571
 2.113	 9.531
 2.112	 9.551
 2.112	 9.546
 2.111	 9.546
 2.110	 9.557
 2.109	 9.540
 2.108	 9.517
 2.107	 9.525
 2.107	 9.550
 2.106	 9.563
 2.105	 9.534
 2.104	 9.545
 2.103	 9.521
 2.102	 9.479
 2.101	 9.517
 2.100	 9.497
 2.100	 9.478
 2.099	 9.517
 2.098	 9.486
 2.097	 9.498
 2.096	 9.519
 2.095	 9.518
 2.095	 9.511
 2.094	 9.513
 2.093	 9.501
 2.092	 9.480
 2.091	 9.478
 2.090	 9.510
 2.090	 9.492
 2.089	 9.499
 2.088	 9.486
 2.087	 9.427
 2.086	 9.459
 2.085	 9.476
 2.084	 9.478
 2.084	 9.486
 2.083	 9.479
 2.082	 9.452
 2.081	 9.453
 2.080	 9.445
 2.079	 9.486
	
