Name: Beaucarnea recurvata
Type: vegetation
Class: Tree
Genus: Beaucarnea
Species: recurvata
Sample No.: JPL068
Owner: JPL
Wavelength Range: All
Origin: 34.12603; - 118.11015; WGS84
Collection Date: 2/2/2016
Description: Samples were collected at the Huntington Garden in San Marino California as part of a JPL Subcontract studying HyTES imagery. Samples were taken to JPL and processed within 48 hours of collection. The same leaves were processed in the Nicolet and then measured using the ASD.
Measurement: Bidirectional and directional hemispherical reflectance
First Column: X
Second Column: Y
X Units: Wavelength (micrometer)
Y Units: Reflectance (percentage)
First X Value: 0.35
Last X Value: 15.3869
Number of X Values: 3889
Additional Information: 

 0.350	 7.359
 0.351	 7.202
 0.352	 6.633
 0.353	 5.321
 0.354	 3.606
 0.355	 3.648
 0.356	 4.374
 0.357	 5.465
 0.358	 6.835
 0.359	 6.150
 0.360	 5.902
 0.361	 6.730
 0.362	 6.058
 0.363	 5.512
 0.364	 5.554
 0.365	 6.102
 0.366	 6.433
 0.367	 6.236
 0.368	 5.608
 0.369	 4.979
 0.370	 4.950
 0.371	 5.342
 0.372	 5.831
 0.373	 6.140
 0.374	 6.147
 0.375	 6.009
 0.376	 5.914
 0.377	 5.615
 0.378	 5.355
 0.379	 5.423
 0.380	 6.023
 0.381	 6.028
 0.382	 5.719
 0.383	 5.598
 0.384	 6.205
 0.385	 5.834
 0.386	 5.344
 0.387	 6.054
 0.388	 6.173
 0.389	 6.079
 0.390	 6.022
 0.391	 5.960
 0.392	 5.457
 0.393	 5.162
 0.394	 5.511
 0.395	 5.924
 0.396	 5.830
 0.397	 5.573
 0.398	 5.801
 0.399	 5.710
 0.400	 5.743
 0.401	 5.986
 0.402	 5.925
 0.403	 5.966
 0.404	 6.026
 0.405	 5.993
 0.406	 6.097
 0.407	 6.048
 0.408	 6.017
 0.409	 6.392
 0.410	 6.565
 0.411	 6.566
 0.412	 6.470
 0.413	 6.263
 0.414	 6.127
 0.415	 6.119
 0.416	 6.239
 0.417	 6.526
 0.418	 6.645
 0.419	 6.561
 0.420	 6.511
 0.421	 6.333
 0.422	 6.287
 0.423	 6.499
 0.424	 6.597
 0.425	 6.701
 0.426	 6.728
 0.427	 6.571
 0.428	 6.656
 0.429	 6.730
 0.430	 6.667
 0.431	 6.599
 0.432	 6.599
 0.433	 6.582
 0.434	 6.485
 0.435	 6.506
 0.436	 6.595
 0.437	 6.669
 0.438	 6.633
 0.439	 6.631
 0.440	 6.638
 0.441	 6.630
 0.442	 6.638
 0.443	 6.677
 0.444	 6.749
 0.445	 6.828
 0.446	 6.791
 0.447	 6.790
 0.448	 6.854
 0.449	 6.849
 0.450	 6.807
 0.451	 6.793
 0.452	 6.846
 0.453	 6.910
 0.454	 6.966
 0.455	 7.006
 0.456	 7.025
 0.457	 6.995
 0.458	 6.995
 0.459	 7.034
 0.460	 6.975
 0.461	 6.992
 0.462	 7.070
 0.463	 7.129
 0.464	 7.106
 0.465	 7.084
 0.466	 7.094
 0.467	 7.098
 0.468	 7.091
 0.469	 7.094
 0.470	 7.115
 0.471	 7.106
 0.472	 7.110
 0.473	 7.115
 0.474	 7.092
 0.475	 7.106
 0.476	 7.135
 0.477	 7.161
 0.478	 7.180
 0.479	 7.205
 0.480	 7.212
 0.481	 7.186
 0.482	 7.194
 0.483	 7.187
 0.484	 7.169
 0.485	 7.188
 0.486	 7.198
 0.487	 7.235
 0.488	 7.302
 0.489	 7.281
 0.490	 7.311
 0.491	 7.373
 0.492	 7.379
 0.493	 7.397
 0.494	 7.451
 0.495	 7.540
 0.496	 7.636
 0.497	 7.669
 0.498	 7.697
 0.499	 7.797
 0.500	 7.943
 0.501	 8.037
 0.502	 8.091
 0.503	 8.211
 0.504	 8.369
 0.505	 8.515
 0.506	 8.635
 0.507	 8.813
 0.508	 9.018
 0.509	 9.229
 0.510	 9.436
 0.511	 9.645
 0.512	 9.877
 0.513	10.132
 0.514	10.386
 0.515	10.645
 0.516	10.935
 0.517	11.263
 0.518	11.559
 0.519	11.847
 0.520	12.141
 0.521	12.453
 0.522	12.832
 0.523	13.163
 0.524	13.399
 0.525	13.680
 0.526	13.992
 0.527	14.299
 0.528	14.557
 0.529	14.749
 0.530	14.965
 0.531	15.220
 0.532	15.423
 0.533	15.585
 0.534	15.726
 0.535	15.865
 0.536	15.982
 0.537	16.087
 0.538	16.184
 0.539	16.274
 0.540	16.364
 0.541	16.471
 0.542	16.586
 0.543	16.645
 0.544	16.687
 0.545	16.734
 0.546	16.795
 0.547	16.820
 0.548	16.819
 0.549	16.820
 0.550	16.869
 0.551	16.925
 0.552	16.944
 0.553	16.905
 0.554	16.855
 0.555	16.820
 0.556	16.786
 0.557	16.713
 0.558	16.632
 0.559	16.539
 0.560	16.438
 0.561	16.373
 0.562	16.252
 0.563	16.089
 0.564	15.937
 0.565	15.787
 0.566	15.633
 0.567	15.464
 0.568	15.276
 0.569	15.097
 0.570	14.929
 0.571	14.762
 0.572	14.577
 0.573	14.401
 0.574	14.233
 0.575	14.058
 0.576	13.925
 0.577	13.817
 0.578	13.715
 0.579	13.618
 0.580	13.519
 0.581	13.414
 0.582	13.301
 0.583	13.176
 0.584	13.074
 0.585	12.995
 0.586	12.903
 0.587	12.825
 0.588	12.758
 0.589	12.692
 0.590	12.635
 0.591	12.578
 0.592	12.531
 0.593	12.503
 0.594	12.452
 0.595	12.403
 0.596	12.369
 0.597	12.338
 0.598	12.313
 0.599	12.278
 0.600	12.218
 0.601	12.163
 0.602	12.129
 0.603	12.098
 0.604	12.023
 0.605	11.943
 0.606	11.867
 0.607	11.798
 0.608	11.730
 0.609	11.635
 0.610	11.529
 0.611	11.446
 0.612	11.343
 0.613	11.232
 0.614	11.127
 0.615	11.031
 0.616	10.932
 0.617	10.852
 0.618	10.801
 0.619	10.715
 0.620	10.650
 0.621	10.606
 0.622	10.549
 0.623	10.509
 0.624	10.477
 0.625	10.443
 0.626	10.414
 0.627	10.398
 0.628	10.388
 0.629	10.378
 0.630	10.387
 0.631	10.379
 0.632	10.348
 0.633	10.323
 0.634	10.290
 0.635	10.249
 0.636	10.199
 0.637	10.129
 0.638	10.052
 0.639	 9.964
 0.640	 9.853
 0.641	 9.746
 0.642	 9.649
 0.643	 9.549
 0.644	 9.415
 0.645	 9.299
 0.646	 9.197
 0.647	 9.093
 0.648	 9.000
 0.649	 8.917
 0.650	 8.847
 0.651	 8.793
 0.652	 8.725
 0.653	 8.677
 0.654	 8.659
 0.655	 8.612
 0.656	 8.549
 0.657	 8.480
 0.658	 8.412
 0.659	 8.337
 0.660	 8.247
 0.661	 8.150
 0.662	 8.068
 0.663	 7.976
 0.664	 7.886
 0.665	 7.813
 0.666	 7.762
 0.667	 7.728
 0.668	 7.698
 0.669	 7.662
 0.670	 7.640
 0.671	 7.630
 0.672	 7.630
 0.673	 7.650
 0.674	 7.670
 0.675	 7.694
 0.676	 7.726
 0.677	 7.750
 0.678	 7.791
 0.679	 7.853
 0.680	 7.931
 0.681	 8.028
 0.682	 8.121
 0.683	 8.217
 0.684	 8.369
 0.685	 8.523
 0.686	 8.704
 0.687	 8.947
 0.688	 9.220
 0.689	 9.547
 0.690	 9.939
 0.691	10.392
 0.692	10.917
 0.693	11.518
 0.694	12.196
 0.695	12.940
 0.696	13.743
 0.697	14.588
 0.698	15.461
 0.699	16.378
 0.700	17.330
 0.701	18.302
 0.702	19.270
 0.703	20.232
 0.704	21.192
 0.705	22.151
 0.706	23.103
 0.707	24.037
 0.708	24.967
 0.709	25.908
 0.710	26.824
 0.711	27.718
 0.712	28.604
 0.713	29.505
 0.714	30.416
 0.715	31.322
 0.716	32.209
 0.717	33.080
 0.718	33.963
 0.719	34.836
 0.720	35.670
 0.721	36.507
 0.722	37.321
 0.723	38.111
 0.724	38.899
 0.725	39.654
 0.726	40.377
 0.727	41.073
 0.728	41.741
 0.729	42.390
 0.730	43.017
 0.731	43.606
 0.732	44.155
 0.733	44.673
 0.734	45.170
 0.735	45.662
 0.736	46.093
 0.737	46.492
 0.738	46.887
 0.739	47.254
 0.740	47.585
 0.741	47.880
 0.742	48.146
 0.743	48.397
 0.744	48.620
 0.745	48.832
 0.746	49.076
 0.747	49.252
 0.748	49.377
 0.749	49.489
 0.750	49.627
 0.751	49.728
 0.752	49.816
 0.753	49.925
 0.754	50.005
 0.755	50.066
 0.756	50.111
 0.757	50.137
 0.758	50.218
 0.759	50.277
 0.760	50.283
 0.761	50.313
 0.762	50.341
 0.763	50.369
 0.764	50.394
 0.765	50.389
 0.766	50.392
 0.767	50.400
 0.768	50.395
 0.769	50.412
 0.770	50.420
 0.771	50.413
 0.772	50.431
 0.773	50.433
 0.774	50.420
 0.775	50.406
 0.776	50.400
 0.777	50.407
 0.778	50.411
 0.779	50.397
 0.780	50.406
 0.781	50.421
 0.782	50.424
 0.783	50.404
 0.784	50.402
 0.785	50.394
 0.786	50.372
 0.787	50.391
 0.788	50.401
 0.789	50.394
 0.790	50.377
 0.791	50.377
 0.792	50.378
 0.793	50.375
 0.794	50.370
 0.795	50.380
 0.796	50.380
 0.797	50.365
 0.798	50.358
 0.799	50.342
 0.800	50.336
 0.801	50.352
 0.802	50.337
 0.803	50.310
 0.804	50.294
 0.805	50.306
 0.806	50.310
 0.807	50.296
 0.808	50.274
 0.809	50.258
 0.810	50.247
 0.811	50.246
 0.812	50.250
 0.813	50.240
 0.814	50.207
 0.815	50.197
 0.816	50.224
 0.817	50.180
 0.818	50.158
 0.819	50.163
 0.820	50.153
 0.821	50.110
 0.822	50.093
 0.823	50.111
 0.824	50.123
 0.825	50.102
 0.826	50.068
 0.827	50.039
 0.828	50.012
 0.829	50.015
 0.830	50.030
 0.831	50.029
 0.832	50.005
 0.833	49.990
 0.834	49.988
 0.835	49.985
 0.836	49.981
 0.837	49.980
 0.838	49.974
 0.839	49.944
 0.840	49.943
 0.841	49.954
 0.842	49.964
 0.843	49.972
 0.844	49.981
 0.845	49.994
 0.846	50.002
 0.847	49.968
 0.848	49.958
 0.849	49.965
 0.850	49.963
 0.851	49.964
 0.852	49.993
 0.853	50.023
 0.854	50.010
 0.855	50.003
 0.856	50.005
 0.857	50.014
 0.858	50.026
 0.859	50.042
 0.860	50.062
 0.861	50.079
 0.862	50.075
 0.863	50.069
 0.864	50.068
 0.865	50.073
 0.866	50.078
 0.867	50.099
 0.868	50.124
 0.869	50.132
 0.870	50.113
 0.871	50.112
 0.872	50.125
 0.873	50.127
 0.874	50.141
 0.875	50.156
 0.876	50.170
 0.877	50.189
 0.878	50.196
 0.879	50.178
 0.880	50.154
 0.881	50.178
 0.882	50.197
 0.883	50.192
 0.884	50.174
 0.885	50.198
 0.886	50.215
 0.887	50.222
 0.888	50.225
 0.889	50.201
 0.890	50.196
 0.891	50.219
 0.892	50.246
 0.893	50.216
 0.894	50.205
 0.895	50.225
 0.896	50.238
 0.897	50.197
 0.898	50.181
 0.899	50.217
 0.900	50.266
 0.901	50.224
 0.902	50.193
 0.903	50.215
 0.904	50.214
 0.905	50.182
 0.906	50.159
 0.907	50.164
 0.908	50.157
 0.909	50.172
 0.910	50.194
 0.911	50.200
 0.912	50.200
 0.913	50.179
 0.914	50.144
 0.915	50.111
 0.916	50.069
 0.917	50.077
 0.918	50.110
 0.919	50.108
 0.920	50.037
 0.921	49.985
 0.922	49.969
 0.923	49.958
 0.924	49.946
 0.925	49.916
 0.926	49.874
 0.927	49.835
 0.928	49.746
 0.929	49.721
 0.930	49.761
 0.931	49.753
 0.932	49.677
 0.933	49.588
 0.934	49.528
 0.935	49.497
 0.936	49.434
 0.937	49.372
 0.938	49.325
 0.939	49.252
 0.940	49.206
 0.941	49.181
 0.942	49.146
 0.943	49.060
 0.944	48.955
 0.945	48.874
 0.946	48.833
 0.947	48.784
 0.948	48.636
 0.949	48.495
 0.950	48.440
 0.951	48.331
 0.952	48.238
 0.953	48.142
 0.954	48.015
 0.955	47.896
 0.956	47.725
 0.957	47.590
 0.958	47.555
 0.959	47.445
 0.960	47.339
 0.961	47.264
 0.962	47.217
 0.963	47.164
 0.964	47.109
 0.965	47.030
 0.966	46.929
 0.967	46.921
 0.968	46.925
 0.969	46.934
 0.970	46.955
 0.971	46.885
 0.972	46.870
 0.973	46.875
 0.974	46.812
 0.975	46.790
 0.976	46.783
 0.977	46.770
 0.978	46.735
 0.979	46.666
 0.980	46.682
 0.981	46.743
 0.982	46.742
 0.983	46.706
 0.984	46.695
 0.985	46.733
 0.986	46.804
 0.987	46.781
 0.988	46.827
 0.989	46.886
 0.990	46.843
 0.991	46.887
 0.992	46.911
 0.993	46.922
 0.994	46.972
 0.995	46.995
 0.996	47.020
 0.997	47.061
 0.998	47.109
 0.999	47.079
 1.000	47.130
 1.001	46.986
 1.002	47.031
 1.003	47.097
 1.004	47.158
 1.005	47.168
 1.006	47.199
 1.007	47.229
 1.008	47.273
 1.009	47.352
 1.010	47.410
 1.011	47.453
 1.012	47.503
 1.013	47.561
 1.014	47.606
 1.015	47.643
 1.016	47.679
 1.017	47.728
 1.018	47.746
 1.019	47.795
 1.020	47.860
 1.021	47.878
 1.022	47.934
 1.023	47.987
 1.024	48.040
 1.025	48.079
 1.026	48.128
 1.027	48.165
 1.028	48.174
 1.029	48.200
 1.030	48.239
 1.031	48.277
 1.032	48.307
 1.033	48.360
 1.034	48.407
 1.035	48.433
 1.036	48.470
 1.037	48.491
 1.038	48.519
 1.039	48.549
 1.040	48.589
 1.041	48.633
 1.042	48.668
 1.043	48.699
 1.044	48.737
 1.045	48.775
 1.046	48.811
 1.047	48.858
 1.048	48.897
 1.049	48.933
 1.050	48.954
 1.051	48.958
 1.052	48.977
 1.053	48.990
 1.054	48.988
 1.055	48.998
 1.056	49.017
 1.057	49.035
 1.058	49.056
 1.059	49.072
 1.060	49.088
 1.061	49.109
 1.062	49.130
 1.063	49.149
 1.064	49.179
 1.065	49.195
 1.066	49.187
 1.067	49.198
 1.068	49.215
 1.069	49.242
 1.070	49.246
 1.071	49.256
 1.072	49.254
 1.073	49.228
 1.074	49.214
 1.075	49.198
 1.076	49.196
 1.077	49.187
 1.078	49.204
 1.079	49.274
 1.080	49.292
 1.081	49.307
 1.082	49.305
 1.083	49.256
 1.084	49.227
 1.085	49.195
 1.086	49.174
 1.087	49.162
 1.088	49.164
 1.089	49.159
 1.090	49.160
 1.091	49.159
 1.092	49.158
 1.093	49.147
 1.094	49.145
 1.095	49.122
 1.096	49.070
 1.097	49.038
 1.098	48.991
 1.099	48.969
 1.100	48.977
 1.101	48.973
 1.102	48.986
 1.103	48.987
 1.104	48.951
 1.105	48.922
 1.106	48.893
 1.107	48.853
 1.108	48.822
 1.109	48.796
 1.110	48.776
 1.111	48.765
 1.112	48.741
 1.113	48.726
 1.114	48.693
 1.115	48.630
 1.116	48.590
 1.117	48.573
 1.118	48.531
 1.119	48.479
 1.120	48.438
 1.121	48.367
 1.122	48.279
 1.123	48.218
 1.124	48.139
 1.125	48.058
 1.126	47.986
 1.127	47.881
 1.128	47.759
 1.129	47.631
 1.130	47.485
 1.131	47.333
 1.132	47.180
 1.133	47.010
 1.134	46.824
 1.135	46.631
 1.136	46.436
 1.137	46.217
 1.138	45.981
 1.139	45.750
 1.140	45.503
 1.141	45.271
 1.142	45.039
 1.143	44.787
 1.144	44.546
 1.145	44.293
 1.146	44.066
 1.147	43.859
 1.148	43.644
 1.149	43.436
 1.150	43.231
 1.151	43.009
 1.152	42.823
 1.153	42.657
 1.154	42.504
 1.155	42.370
 1.156	42.252
 1.157	42.142
 1.158	42.045
 1.159	41.953
 1.160	41.857
 1.161	41.760
 1.162	41.679
 1.163	41.613
 1.164	41.552
 1.165	41.496
 1.166	41.449
 1.167	41.403
 1.168	41.364
 1.169	41.320
 1.170	41.279
 1.171	41.236
 1.172	41.185
 1.173	41.145
 1.174	41.110
 1.175	41.077
 1.176	41.050
 1.177	41.015
 1.178	40.974
 1.179	40.938
 1.180	40.912
 1.181	40.889
 1.182	40.860
 1.183	40.828
 1.184	40.784
 1.185	40.735
 1.186	40.696
 1.187	40.667
 1.188	40.636
 1.189	40.607
 1.190	40.582
 1.191	40.561
 1.192	40.534
 1.193	40.503
 1.194	40.483
 1.195	40.465
 1.196	40.446
 1.197	40.443
 1.198	40.438
 1.199	40.425
 1.200	40.422
 1.201	40.410
 1.202	40.402
 1.203	40.398
 1.204	40.388
 1.205	40.396
 1.206	40.397
 1.207	40.397
 1.208	40.412
 1.209	40.427
 1.210	40.455
 1.211	40.483
 1.212	40.516
 1.213	40.550
 1.214	40.582
 1.215	40.626
 1.216	40.682
 1.217	40.733
 1.218	40.781
 1.219	40.826
 1.220	40.860
 1.221	40.904
 1.222	40.959
 1.223	41.017
 1.224	41.075
 1.225	41.133
 1.226	41.178
 1.227	41.218
 1.228	41.253
 1.229	41.282
 1.230	41.330
 1.231	41.381
 1.232	41.437
 1.233	41.504
 1.234	41.560
 1.235	41.615
 1.236	41.657
 1.237	41.691
 1.238	41.716
 1.239	41.739
 1.240	41.763
 1.241	41.798
 1.242	41.835
 1.243	41.865
 1.244	41.902
 1.245	41.944
 1.246	41.980
 1.247	42.015
 1.248	42.044
 1.249	42.064
 1.250	42.086
 1.251	42.109
 1.252	42.146
 1.253	42.178
 1.254	42.197
 1.255	42.220
 1.256	42.235
 1.257	42.247
 1.258	42.264
 1.259	42.279
 1.260	42.290
 1.261	42.301
 1.262	42.307
 1.263	42.323
 1.264	42.339
 1.265	42.358
 1.266	42.384
 1.267	42.391
 1.268	42.381
 1.269	42.366
 1.270	42.346
 1.271	42.323
 1.272	42.307
 1.273	42.300
 1.274	42.285
 1.275	42.282
 1.276	42.279
 1.277	42.266
 1.278	42.245
 1.279	42.208
 1.280	42.186
 1.281	42.170
 1.282	42.138
 1.283	42.104
 1.284	42.066
 1.285	42.017
 1.286	41.965
 1.287	41.918
 1.288	41.878
 1.289	41.832
 1.290	41.793
 1.291	41.765
 1.292	41.731
 1.293	41.697
 1.294	41.653
 1.295	41.598
 1.296	41.548
 1.297	41.475
 1.298	41.384
 1.299	41.306
 1.300	41.219
 1.301	41.130
 1.302	41.046
 1.303	40.946
 1.304	40.849
 1.305	40.757
 1.306	40.662
 1.307	40.567
 1.308	40.464
 1.309	40.356
 1.310	40.237
 1.311	40.111
 1.312	39.987
 1.313	39.848
 1.314	39.707
 1.315	39.570
 1.316	39.425
 1.317	39.271
 1.318	39.116
 1.319	38.959
 1.320	38.789
 1.321	38.620
 1.322	38.442
 1.323	38.265
 1.324	38.097
 1.325	37.920
 1.326	37.742
 1.327	37.564
 1.328	37.372
 1.329	37.178
 1.330	36.986
 1.331	36.792
 1.332	36.601
 1.333	36.413
 1.334	36.222
 1.335	36.018
 1.336	35.810
 1.337	35.606
 1.338	35.406
 1.339	35.220
 1.340	35.045
 1.341	34.871
 1.342	34.694
 1.343	34.519
 1.344	34.343
 1.345	34.168
 1.346	33.987
 1.347	33.823
 1.348	33.669
 1.349	33.511
 1.350	33.361
 1.351	33.211
 1.352	33.051
 1.353	32.892
 1.354	32.738
 1.355	32.583
 1.356	32.435
 1.357	32.282
 1.358	32.118
 1.359	31.958
 1.360	31.792
 1.361	31.620
 1.362	31.446
 1.363	31.264
 1.364	31.076
 1.365	30.878
 1.366	30.678
 1.367	30.474
 1.368	30.259
 1.369	30.029
 1.370	29.781
 1.371	29.524
 1.372	29.250
 1.373	28.963
 1.374	28.668
 1.375	28.357
 1.376	28.024
 1.377	27.672
 1.378	27.293
 1.379	26.893
 1.380	26.477
 1.381	26.043
 1.382	25.596
 1.383	25.135
 1.384	24.663
 1.385	24.177
 1.386	23.683
 1.387	23.173
 1.388	22.670
 1.389	22.160
 1.390	21.646
 1.391	21.149
 1.392	20.663
 1.393	20.184
 1.394	19.719
 1.395	19.259
 1.396	18.806
 1.397	18.371
 1.398	17.958
 1.399	17.572
 1.400	17.199
 1.401	16.841
 1.402	16.499
 1.403	16.167
 1.404	15.857
 1.405	15.565
 1.406	15.286
 1.407	15.029
 1.408	14.787
 1.409	14.561
 1.410	14.348
 1.411	14.144
 1.412	13.957
 1.413	13.785
 1.414	13.630
 1.415	13.495
 1.416	13.365
 1.417	13.243
 1.418	13.130
 1.419	13.014
 1.420	12.905
 1.421	12.803
 1.422	12.708
 1.423	12.624
 1.424	12.548
 1.425	12.477
 1.426	12.414
 1.427	12.351
 1.428	12.290
 1.429	12.235
 1.430	12.184
 1.431	12.139
 1.432	12.103
 1.433	12.068
 1.434	12.036
 1.435	12.005
 1.436	11.978
 1.437	11.948
 1.438	11.919
 1.439	11.898
 1.440	11.875
 1.441	11.856
 1.442	11.846
 1.443	11.834
 1.444	11.829
 1.445	11.825
 1.446	11.816
 1.447	11.818
 1.448	11.816
 1.449	11.815
 1.450	11.820
 1.451	11.818
 1.452	11.819
 1.453	11.825
 1.454	11.830
 1.455	11.837
 1.456	11.848
 1.457	11.860
 1.458	11.871
 1.459	11.886
 1.460	11.903
 1.461	11.920
 1.462	11.941
 1.463	11.967
 1.464	11.994
 1.465	12.024
 1.466	12.055
 1.467	12.086
 1.468	12.122
 1.469	12.161
 1.470	12.205
 1.471	12.255
 1.472	12.303
 1.473	12.357
 1.474	12.413
 1.475	12.466
 1.476	12.525
 1.477	12.586
 1.478	12.646
 1.479	12.716
 1.480	12.780
 1.481	12.846
 1.482	12.917
 1.483	12.983
 1.484	13.054
 1.485	13.121
 1.486	13.187
 1.487	13.261
 1.488	13.334
 1.489	13.412
 1.490	13.490
 1.491	13.570
 1.492	13.646
 1.493	13.720
 1.494	13.798
 1.495	13.875
 1.496	13.955
 1.497	14.037
 1.498	14.121
 1.499	14.202
 1.500	14.289
 1.501	14.385
 1.502	14.473
 1.503	14.559
 1.504	14.648
 1.505	14.735
 1.506	14.823
 1.507	14.914
 1.508	15.000
 1.509	15.084
 1.510	15.166
 1.511	15.251
 1.512	15.345
 1.513	15.434
 1.514	15.524
 1.515	15.611
 1.516	15.696
 1.517	15.785
 1.518	15.876
 1.519	15.971
 1.520	16.067
 1.521	16.162
 1.522	16.258
 1.523	16.349
 1.524	16.432
 1.525	16.512
 1.526	16.590
 1.527	16.674
 1.528	16.764
 1.529	16.858
 1.530	16.956
 1.531	17.046
 1.532	17.130
 1.533	17.216
 1.534	17.301
 1.535	17.385
 1.536	17.477
 1.537	17.564
 1.538	17.646
 1.539	17.731
 1.540	17.811
 1.541	17.894
 1.542	17.975
 1.543	18.059
 1.544	18.147
 1.545	18.225
 1.546	18.311
 1.547	18.396
 1.548	18.474
 1.549	18.560
 1.550	18.645
 1.551	18.724
 1.552	18.803
 1.553	18.883
 1.554	18.957
 1.555	19.036
 1.556	19.117
 1.557	19.189
 1.558	19.266
 1.559	19.342
 1.560	19.424
 1.561	19.511
 1.562	19.593
 1.563	19.670
 1.564	19.741
 1.565	19.807
 1.566	19.876
 1.567	19.948
 1.568	20.024
 1.569	20.094
 1.570	20.160
 1.571	20.226
 1.572	20.293
 1.573	20.368
 1.574	20.447
 1.575	20.524
 1.576	20.601
 1.577	20.669
 1.578	20.737
 1.579	20.806
 1.580	20.870
 1.581	20.935
 1.582	20.999
 1.583	21.064
 1.584	21.135
 1.585	21.204
 1.586	21.272
 1.587	21.341
 1.588	21.404
 1.589	21.468
 1.590	21.541
 1.591	21.613
 1.592	21.690
 1.593	21.766
 1.594	21.834
 1.595	21.897
 1.596	21.958
 1.597	22.022
 1.598	22.084
 1.599	22.149
 1.600	22.215
 1.601	22.275
 1.602	22.342
 1.603	22.411
 1.604	22.476
 1.605	22.545
 1.606	22.612
 1.607	22.672
 1.608	22.732
 1.609	22.792
 1.610	22.850
 1.611	22.907
 1.612	22.959
 1.613	23.018
 1.614	23.074
 1.615	23.124
 1.616	23.184
 1.617	23.239
 1.618	23.288
 1.619	23.347
 1.620	23.397
 1.621	23.440
 1.622	23.494
 1.623	23.549
 1.624	23.601
 1.625	23.656
 1.626	23.703
 1.627	23.744
 1.628	23.792
 1.629	23.842
 1.630	23.893
 1.631	23.941
 1.632	23.993
 1.633	24.038
 1.634	24.079
 1.635	24.119
 1.636	24.149
 1.637	24.186
 1.638	24.227
 1.639	24.267
 1.640	24.312
 1.641	24.347
 1.642	24.375
 1.643	24.403
 1.644	24.422
 1.645	24.449
 1.646	24.474
 1.647	24.501
 1.648	24.529
 1.649	24.554
 1.650	24.576
 1.651	24.594
 1.652	24.618
 1.653	24.645
 1.654	24.664
 1.655	24.687
 1.656	24.702
 1.657	24.709
 1.658	24.721
 1.659	24.732
 1.660	24.738
 1.661	24.746
 1.662	24.763
 1.663	24.776
 1.664	24.791
 1.665	24.800
 1.666	24.792
 1.667	24.783
 1.668	24.764
 1.669	24.749
 1.670	24.748
 1.671	24.741
 1.672	24.739
 1.673	24.739
 1.674	24.725
 1.675	24.704
 1.676	24.684
 1.677	24.658
 1.678	24.631
 1.679	24.610
 1.680	24.589
 1.681	24.570
 1.682	24.545
 1.683	24.516
 1.684	24.489
 1.685	24.454
 1.686	24.419
 1.687	24.382
 1.688	24.341
 1.689	24.305
 1.690	24.263
 1.691	24.223
 1.692	24.174
 1.693	24.111
 1.694	24.062
 1.695	24.021
 1.696	23.971
 1.697	23.927
 1.698	23.877
 1.699	23.815
 1.700	23.758
 1.701	23.704
 1.702	23.645
 1.703	23.580
 1.704	23.519
 1.705	23.460
 1.706	23.397
 1.707	23.334
 1.708	23.273
 1.709	23.212
 1.710	23.149
 1.711	23.085
 1.712	23.024
 1.713	22.962
 1.714	22.904
 1.715	22.848
 1.716	22.785
 1.717	22.724
 1.718	22.660
 1.719	22.590
 1.720	22.531
 1.721	22.473
 1.722	22.419
 1.723	22.378
 1.724	22.329
 1.725	22.271
 1.726	22.218
 1.727	22.167
 1.728	22.127
 1.729	22.100
 1.730	22.063
 1.731	22.036
 1.732	22.005
 1.733	21.985
 1.734	21.993
 1.735	21.980
 1.736	21.962
 1.737	21.943
 1.738	21.911
 1.739	21.885
 1.740	21.863
 1.741	21.838
 1.742	21.816
 1.743	21.780
 1.744	21.737
 1.745	21.692
 1.746	21.636
 1.747	21.582
 1.748	21.527
 1.749	21.472
 1.750	21.417
 1.751	21.353
 1.752	21.286
 1.753	21.218
 1.754	21.136
 1.755	21.076
 1.756	21.019
 1.757	20.964
 1.758	20.910
 1.759	20.851
 1.760	20.796
 1.761	20.736
 1.762	20.681
 1.763	20.623
 1.764	20.575
 1.765	20.540
 1.766	20.504
 1.767	20.480
 1.768	20.448
 1.769	20.411
 1.770	20.378
 1.771	20.342
 1.772	20.314
 1.773	20.296
 1.774	20.274
 1.775	20.260
 1.776	20.235
 1.777	20.198
 1.778	20.175
 1.779	20.152
 1.780	20.136
 1.781	20.133
 1.782	20.123
 1.783	20.109
 1.784	20.103
 1.785	20.101
 1.786	20.098
 1.787	20.101
 1.788	20.100
 1.789	20.099
 1.790	20.098
 1.791	20.096
 1.792	20.089
 1.793	20.087
 1.794	20.090
 1.795	20.090
 1.796	20.094
 1.797	20.094
 1.798	20.083
 1.799	20.087
 1.800	20.097
 1.801	20.111
 1.802	20.141
 1.803	20.162
 1.804	20.183
 1.805	20.198
 1.806	20.209
 1.807	20.216
 1.808	20.214
 1.809	20.218
 1.810	20.220
 1.811	20.228
 1.812	20.240
 1.813	20.244
 1.814	20.242
 1.815	20.244
 1.816	20.248
 1.817	20.253
 1.818	20.271
 1.819	20.290
 1.820	20.304
 1.821	20.330
 1.822	20.336
 1.823	20.327
 1.824	20.311
 1.825	20.266
 1.826	20.251
 1.827	20.249
 1.828	20.241
 1.829	20.251
 1.830	20.250
 1.831	20.298
 1.832	20.309
 1.833	20.294
 1.834	20.255
 1.835	20.208
 1.836	20.162
 1.837	20.106
 1.838	20.058
 1.839	20.014
 1.840	19.988
 1.841	19.940
 1.842	19.889
 1.843	19.822
 1.844	19.763
 1.845	19.668
 1.846	19.600
 1.847	19.532
 1.848	19.420
 1.849	19.316
 1.850	19.202
 1.851	19.068
 1.852	18.937
 1.853	18.806
 1.854	18.663
 1.855	18.503
 1.856	18.313
 1.857	18.143
 1.858	17.968
 1.859	17.782
 1.860	17.589
 1.861	17.406
 1.862	17.190
 1.863	16.953
 1.864	16.721
 1.865	16.472
 1.866	16.211
 1.867	15.943
 1.868	15.670
 1.869	15.368
 1.870	15.070
 1.871	14.768
 1.872	14.474
 1.873	14.160
 1.874	13.856
 1.875	13.529
 1.876	13.198
 1.877	12.884
 1.878	12.575
 1.879	12.279
 1.880	11.981
 1.881	11.689
 1.882	11.393
 1.883	11.095
 1.884	10.798
 1.885	10.497
 1.886	10.191
 1.887	 9.895
 1.888	 9.621
 1.889	 9.387
 1.890	 9.165
 1.891	 8.949
 1.892	 8.748
 1.893	 8.558
 1.894	 8.366
 1.895	 8.197
 1.896	 8.047
 1.897	 7.914
 1.898	 7.789
 1.899	 7.665
 1.900	 7.549
 1.901	 7.432
 1.902	 7.333
 1.903	 7.250
 1.904	 7.176
 1.905	 7.103
 1.906	 7.042
 1.907	 6.971
 1.908	 6.915
 1.909	 6.883
 1.910	 6.840
 1.911	 6.794
 1.912	 6.747
 1.913	 6.711
 1.914	 6.666
 1.915	 6.648
 1.916	 6.633
 1.917	 6.605
 1.918	 6.596
 1.919	 6.579
 1.920	 6.581
 1.921	 6.604
 1.922	 6.606
 1.923	 6.595
 1.924	 6.594
 1.925	 6.599
 1.926	 6.580
 1.927	 6.563
 1.928	 6.549
 1.929	 6.517
 1.930	 6.493
 1.931	 6.503
 1.932	 6.510
 1.933	 6.513
 1.934	 6.530
 1.935	 6.536
 1.936	 6.532
 1.937	 6.528
 1.938	 6.520
 1.939	 6.513
 1.940	 6.511
 1.941	 6.517
 1.942	 6.542
 1.943	 6.591
 1.944	 6.629
 1.945	 6.683
 1.946	 6.712
 1.947	 6.723
 1.948	 6.738
 1.949	 6.735
 1.950	 6.756
 1.951	 6.780
 1.952	 6.796
 1.953	 6.826
 1.954	 6.841
 1.955	 6.857
 1.956	 6.872
 1.957	 6.887
 1.958	 6.891
 1.959	 6.912
 1.960	 6.950
 1.961	 6.979
 1.962	 7.012
 1.963	 7.041
 1.964	 7.061
 1.965	 7.076
 1.966	 7.104
 1.967	 7.133
 1.968	 7.163
 1.969	 7.200
 1.970	 7.233
 1.971	 7.268
 1.972	 7.295
 1.973	 7.320
 1.974	 7.336
 1.975	 7.361
 1.976	 7.389
 1.977	 7.425
 1.978	 7.460
 1.979	 7.486
 1.980	 7.500
 1.981	 7.524
 1.982	 7.547
 1.983	 7.581
 1.984	 7.617
 1.985	 7.663
 1.986	 7.730
 1.987	 7.777
 1.988	 7.827
 1.989	 7.869
 1.990	 7.873
 1.991	 7.890
 1.992	 7.917
 1.993	 7.940
 1.994	 7.978
 1.995	 8.045
 1.996	 8.085
 1.997	 8.120
 1.998	 8.152
 1.999	 8.174
 2.000	 8.188
 2.001	 8.218
 2.002	 8.257
 2.003	 8.309
 2.004	 8.366
 2.005	 8.408
 2.006	 8.446
 2.007	 8.481
 2.008	 8.497
 2.009	 8.527
 2.010	 8.569
 2.011	 8.601
 2.012	 8.628
 2.013	 8.660
 2.014	 8.692
 2.015	 8.730
 2.016	 8.761
 2.017	 8.797
 2.018	 8.832
 2.019	 8.862
 2.020	 8.891
 2.021	 8.916
 2.022	 8.948
 2.023	 8.978
 2.024	 9.015
 2.025	 9.064
 2.026	 9.114
 2.027	 9.182
 2.028	 9.219
 2.029	 9.256
 2.030	 9.307
 2.031	 9.345
 2.032	 9.369
 2.033	 9.402
 2.034	 9.447
 2.035	 9.466
 2.036	 9.463
 2.037	 9.480
 2.038	 9.486
 2.039	 9.509
 2.040	 9.566
 2.041	 9.602
 2.042	 9.638
 2.043	 9.661
 2.044	 9.683
 2.045	 9.687
 2.046	 9.724
 2.047	 9.779
 2.048	 9.818
 2.049	 9.871
 2.050	 9.906
 2.051	 9.919
 2.052	 9.943
 2.053	 9.974
 2.054	 9.998
 2.055	10.018
 2.056	10.038
 2.057	10.051
 2.058	10.065
 2.059	10.093
 2.060	10.133
 2.061	10.160
 2.062	10.196
 2.063	10.221
 2.064	10.230
 2.065	10.250
 2.066	10.270
 2.067	10.301
 2.068	10.344
 2.069	10.379
 2.070	10.427
 2.071	10.460
 2.072	10.470
 2.073	10.490
 2.074	10.521
 2.075	10.554
 2.076	10.583
 2.077	10.626
 2.078	10.654
 2.079	10.663
 2.080	10.689
 2.081	10.724
 2.082	10.750
 2.083	10.775
 2.084	10.800
 2.085	10.816
 2.086	10.842
 2.087	10.874
 2.088	10.915
 2.089	10.946
 2.090	10.979
 2.091	11.008
 2.092	11.024
 2.093	11.060
 2.094	11.109
 2.095	11.149
 2.096	11.203
 2.097	11.239
 2.098	11.257
 2.099	11.281
 2.100	11.296
 2.101	11.320
 2.102	11.343
 2.103	11.376
 2.104	11.418
 2.105	11.469
 2.106	11.506
 2.107	11.547
 2.108	11.586
 2.109	11.616
 2.110	11.648
 2.111	11.686
 2.112	11.719
 2.113	11.742
 2.114	11.772
 2.115	11.812
 2.116	11.842
 2.117	11.869
 2.118	11.895
 2.119	11.909
 2.120	11.934
 2.121	11.958
 2.122	12.000
 2.123	12.029
 2.124	12.058
 2.125	12.098
 2.126	12.138
 2.127	12.173
 2.128	12.225
 2.129	12.251
 2.130	12.244
 2.131	12.268
 2.132	12.298
 2.133	12.330
 2.134	12.389
 2.135	12.424
 2.136	12.444
 2.137	12.469
 2.138	12.489
 2.139	12.511
 2.140	12.543
 2.141	12.557
 2.142	12.584
 2.143	12.607
 2.144	12.643
 2.145	12.699
 2.146	12.728
 2.147	12.751
 2.148	12.772
 2.149	12.772
 2.150	12.793
 2.151	12.836
 2.152	12.859
 2.153	12.879
 2.154	12.896
 2.155	12.896
 2.156	12.908
 2.157	12.927
 2.158	12.945
 2.159	12.970
 2.160	12.996
 2.161	12.996
 2.162	13.015
 2.163	13.027
 2.164	13.025
 2.165	13.044
 2.166	13.081
 2.167	13.108
 2.168	13.139
 2.169	13.168
 2.170	13.198
 2.171	13.219
 2.172	13.233
 2.173	13.250
 2.174	13.258
 2.175	13.269
 2.176	13.283
 2.177	13.294
 2.178	13.306
 2.179	13.310
 2.180	13.295
 2.181	13.302
 2.182	13.315
 2.183	13.331
 2.184	13.361
 2.185	13.420
 2.186	13.455
 2.187	13.494
 2.188	13.511
 2.189	13.517
 2.190	13.517
 2.191	13.487
 2.192	13.488
 2.193	13.498
 2.194	13.510
 2.195	13.536
 2.196	13.559
 2.197	13.576
 2.198	13.602
 2.199	13.656
 2.200	13.675
 2.201	13.673
 2.202	13.678
 2.203	13.646
 2.204	13.642
 2.205	13.655
 2.206	13.683
 2.207	13.697
 2.208	13.724
 2.209	13.718
 2.210	13.682
 2.211	13.675
 2.212	13.664
 2.213	13.655
 2.214	13.660
 2.215	13.658
 2.216	13.639
 2.217	13.637
 2.218	13.653
 2.219	13.655
 2.220	13.648
 2.221	13.648
 2.222	13.664
 2.223	13.651
 2.224	13.615
 2.225	13.600
 2.226	13.582
 2.227	13.556
 2.228	13.554
 2.229	13.535
 2.230	13.484
 2.231	13.448
 2.232	13.403
 2.233	13.362
 2.234	13.320
 2.235	13.273
 2.236	13.234
 2.237	13.201
 2.238	13.173
 2.239	13.152
 2.240	13.122
 2.241	13.101
 2.242	13.058
 2.243	12.997
 2.244	12.939
 2.245	12.869
 2.246	12.810
 2.247	12.745
 2.248	12.695
 2.249	12.651
 2.250	12.608
 2.251	12.568
 2.252	12.544
 2.253	12.556
 2.254	12.527
 2.255	12.486
 2.256	12.442
 2.257	12.356
 2.258	12.291
 2.259	12.241
 2.260	12.192
 2.261	12.132
 2.262	12.093
 2.263	12.082
 2.264	12.055
 2.265	12.027
 2.266	11.995
 2.267	11.947
 2.268	11.875
 2.269	11.809
 2.270	11.729
 2.271	11.685
 2.272	11.649
 2.273	11.616
 2.274	11.624
 2.275	11.582
 2.276	11.502
 2.277	11.458
 2.278	11.403
 2.279	11.378
 2.280	11.382
 2.281	11.395
 2.282	11.446
 2.283	11.448
 2.284	11.452
 2.285	11.423
 2.286	11.330
 2.287	11.278
 2.288	11.231
 2.289	11.189
 2.290	11.161
 2.291	11.128
 2.292	11.097
 2.293	11.057
 2.294	11.022
 2.295	10.977
 2.296	10.908
 2.297	10.862
 2.298	10.834
 2.299	10.791
 2.300	10.723
 2.301	10.686
 2.302	10.640
 2.303	10.569
 2.304	10.557
 2.305	10.546
 2.306	10.533
 2.307	10.551
 2.308	10.529
 2.309	10.514
 2.310	10.506
 2.311	10.466
 2.312	10.443
 2.313	10.434
 2.314	10.417
 2.315	10.381
 2.316	10.394
 2.317	10.444
 2.318	10.446
 2.319	10.445
 2.320	10.456
 2.321	10.454
 2.322	10.449
 2.323	10.465
 2.324	10.470
 2.325	10.435
 2.326	10.424
 2.327	10.449
 2.328	10.437
 2.329	10.384
 2.330	10.373
 2.331	10.398
 2.332	10.367
 2.333	10.314
 2.334	10.285
 2.335	10.214
 2.336	10.182
 2.337	10.221
 2.338	10.214
 2.339	10.180
 2.340	10.150
 2.341	10.094
 2.342	10.066
 2.343	10.068
 2.344	10.049
 2.345	10.033
 2.346	10.015
 2.347	 9.982
 2.348	 9.950
 2.349	 9.935
 2.350	 9.897
 2.351	 9.821
 2.352	 9.777
 2.353	 9.735
 2.354	 9.704
 2.355	 9.705
 2.356	 9.719
 2.357	 9.730
 2.358	 9.721
 2.359	 9.668
 2.360	 9.655
 2.361	 9.615
 2.362	 9.569
 2.363	 9.552
 2.364	 9.504
 2.365	 9.550
 2.366	 9.585
 2.367	 9.586
 2.368	 9.641
 2.369	 9.594
 2.370	 9.554
 2.371	 9.600
 2.372	 9.596
 2.373	 9.549
 2.374	 9.532
 2.375	 9.484
 2.376	 9.394
 2.377	 9.363
 2.378	 9.336
 2.379	 9.343
 2.380	 9.398
 2.381	 9.449
 2.382	 9.478
 2.383	 9.394
 2.384	 9.292
 2.385	 9.237
 2.386	 9.162
 2.387	 9.168
 2.388	 9.269
 2.389	 9.260
 2.390	 9.242
 2.391	 9.232
 2.392	 9.126
 2.393	 9.101
 2.394	 9.085
 2.395	 9.055
 2.396	 9.062
 2.397	 9.072
 2.398	 9.075
 2.399	 9.115
 2.400	 9.194
 2.401	 9.156
 2.402	 9.104
 2.403	 9.036
 2.404	 8.951
 2.405	 8.899
 2.406	 8.906
 2.407	 8.974
 2.408	 8.907
 2.409	 8.850
 2.410	 8.828
 2.411	 8.765
 2.412	 8.785
 2.413	 8.889
 2.414	 8.984
 2.415	 8.911
 2.416	 8.865
 2.417	 8.837
 2.418	 8.692
 2.419	 8.704
 2.420	 8.722
 2.421	 8.621
 2.422	 8.547
 2.423	 8.442
 2.424	 8.367
 2.425	 8.361
 2.426	 8.379
 2.427	 8.412
 2.428	 8.418
 2.429	 8.451
 2.430	 8.438
 2.431	 8.368
 2.432	 8.349
 2.433	 8.269
 2.434	 8.260
 2.435	 8.404
 2.436	 8.489
 2.437	 8.584
 2.438	 8.628
 2.439	 8.555
 2.440	 8.472
 2.441	 8.379
 2.442	 8.358
 2.443	 8.334
 2.444	 8.356
 2.445	 8.390
 2.446	 8.293
 2.447	 8.264
 2.448	 8.255
 2.449	 8.177
 2.450	 8.141
 2.451	 8.154
 2.452	 8.074
 2.453	 8.039
 2.454	 8.051
 2.455	 7.917
 2.456	 7.833
 2.457	 7.729
 2.458	 7.679
 2.459	 7.740
 2.460	 7.772
 2.461	 7.851
 2.462	 7.761
 2.463	 7.542
 2.464	 7.370
 2.465	 7.155
 2.466	 7.119
 2.467	 7.292
 2.468	 7.513
 2.469	 7.722
 2.470	 7.841
 2.471	 7.822
 2.472	 7.790
 2.473	 7.791
 2.474	 7.719
 2.475	 7.528
 2.476	 7.517
 2.477	 7.536
 2.478	 7.593
 2.479	 7.775
 2.480	 7.891
 2.481	 7.979
 2.482	 7.938
 2.483	 7.949
 2.484	 7.764
 2.485	 7.737
 2.486	 7.794
 2.487	 7.751
 2.488	 7.633
 2.489	 7.513
 2.490	 7.223
 2.491	 7.071
 2.492	 7.354
 2.493	 7.432
 2.494	 7.617
 2.495	 8.044
 2.496	 8.241
 2.497	 8.395
 2.498	 8.515
 2.499	 8.379
 2.500	 8.020
 2.500	 5.042
 2.501	 5.036
 2.503	 5.016
 2.504	 5.012
 2.505	 4.991
 2.506	 5.028
 2.507	 5.038
 2.509	 4.989
 2.510	 4.974
 2.511	 5.012
 2.512	 5.005
 2.514	 4.987
 2.515	 4.933
 2.516	 4.931
 2.517	 4.915
 2.518	 4.969
 2.520	 4.941
 2.521	 4.964
 2.522	 4.947
 2.523	 4.971
 2.525	 4.900
 2.526	 4.949
 2.527	 5.059
 2.528	 5.074
 2.530	 4.982
 2.531	 4.956
 2.532	 4.979
 2.533	 5.040
 2.534	 5.013
 2.536	 4.972
 2.537	 4.961
 2.538	 4.992
 2.539	 4.963
 2.541	 4.959
 2.542	 4.981
 2.543	 5.051
 2.544	 5.017
 2.546	 5.019
 2.547	 5.010
 2.548	 5.020
 2.549	 4.971
 2.551	 5.031
 2.552	 5.091
 2.553	 5.110
 2.554	 5.071
 2.556	 5.110
 2.557	 5.046
 2.558	 5.076
 2.559	 5.064
 2.561	 5.072
 2.562	 5.113
 2.563	 5.100
 2.565	 5.015
 2.566	 5.034
 2.567	 5.048
 2.568	 5.085
 2.570	 5.072
 2.571	 5.123
 2.572	 5.112
 2.573	 5.081
 2.575	 5.063
 2.576	 5.091
 2.577	 5.075
 2.579	 5.056
 2.580	 5.052
 2.581	 5.168
 2.582	 5.232
 2.584	 5.166
 2.585	 5.015
 2.586	 4.994
 2.588	 5.057
 2.589	 5.147
 2.590	 5.068
 2.591	 5.040
 2.593	 5.076
 2.594	 5.143
 2.595	 5.069
 2.597	 5.018
 2.598	 5.018
 2.599	 5.069
 2.601	 5.035
 2.602	 5.041
 2.603	 4.973
 2.604	 5.002
 2.606	 4.996
 2.607	 5.004
 2.608	 4.975
 2.610	 5.015
 2.611	 5.002
 2.612	 5.022
 2.614	 5.044
 2.615	 5.018
 2.616	 4.948
 2.618	 4.947
 2.619	 4.871
 2.620	 4.860
 2.622	 4.866
 2.623	 4.902
 2.624	 4.845
 2.626	 4.848
 2.627	 4.847
 2.628	 4.880
 2.630	 4.896
 2.631	 4.898
 2.632	 4.827
 2.634	 4.841
 2.635	 4.819
 2.636	 4.766
 2.638	 4.719
 2.639	 4.729
 2.640	 4.675
 2.642	 4.691
 2.643	 4.661
 2.644	 4.696
 2.646	 4.741
 2.647	 4.767
 2.648	 4.730
 2.650	 4.678
 2.651	 4.651
 2.652	 4.646
 2.654	 4.572
 2.655	 4.560
 2.657	 4.522
 2.658	 4.558
 2.659	 4.545
 2.661	 4.554
 2.662	 4.465
 2.663	 4.410
 2.665	 4.434
 2.666	 4.478
 2.667	 4.406
 2.669	 4.397
 2.670	 4.405
 2.672	 4.436
 2.673	 4.442
 2.674	 4.395
 2.676	 4.325
 2.677	 4.389
 2.678	 4.400
 2.680	 4.384
 2.681	 4.307
 2.683	 4.299
 2.684	 4.307
 2.685	 4.288
 2.687	 4.259
 2.688	 4.287
 2.690	 4.263
 2.691	 4.227
 2.692	 4.159
 2.694	 4.099
 2.695	 4.095
 2.697	 4.187
 2.698	 4.143
 2.699	 4.134
 2.701	 4.128
 2.702	 4.099
 2.704	 3.958
 2.705	 3.959
 2.706	 3.970
 2.708	 3.992
 2.709	 3.986
 2.711	 3.974
 2.712	 3.959
 2.713	 3.984
 2.715	 3.949
 2.716	 3.967
 2.718	 3.948
 2.719	 3.939
 2.721	 3.894
 2.722	 3.896
 2.723	 3.844
 2.725	 3.844
 2.726	 3.812
 2.728	 3.829
 2.729	 3.801
 2.731	 3.759
 2.732	 3.772
 2.734	 3.836
 2.735	 3.796
 2.736	 3.800
 2.738	 3.792
 2.739	 3.831
 2.741	 3.822
 2.742	 3.774
 2.744	 3.689
 2.745	 3.730
 2.747	 3.769
 2.748	 3.794
 2.749	 3.742
 2.751	 3.780
 2.752	 3.783
 2.754	 3.777
 2.755	 3.773
 2.757	 3.800
 2.758	 3.794
 2.760	 3.783
 2.761	 3.697
 2.763	 3.691
 2.764	 3.694
 2.766	 3.741
 2.767	 3.711
 2.769	 3.714
 2.770	 3.716
 2.772	 3.683
 2.773	 3.549
 2.774	 3.614
 2.776	 3.643
 2.777	 3.606
 2.779	 3.533
 2.780	 3.606
 2.782	 3.652
 2.783	 3.639
 2.785	 3.606
 2.786	 3.648
 2.788	 3.578
 2.789	 3.620
 2.791	 3.632
 2.792	 3.579
 2.794	 3.554
 2.795	 3.586
 2.797	 3.540
 2.798	 3.518
 2.800	 3.498
 2.801	 3.559
 2.803	 3.583
 2.804	 3.599
 2.806	 3.543
 2.808	 3.573
 2.809	 3.521
 2.811	 3.482
 2.812	 3.479
 2.814	 3.551
 2.815	 3.485
 2.817	 3.480
 2.818	 3.476
 2.820	 3.522
 2.821	 3.542
 2.823	 3.529
 2.824	 3.452
 2.826	 3.487
 2.827	 3.463
 2.829	 3.465
 2.831	 3.509
 2.832	 3.560
 2.834	 3.536
 2.835	 3.480
 2.837	 3.445
 2.838	 3.550
 2.840	 3.544
 2.841	 3.571
 2.843	 3.584
 2.844	 3.549
 2.846	 3.439
 2.848	 3.496
 2.849	 3.507
 2.851	 3.523
 2.852	 3.513
 2.854	 3.534
 2.855	 3.523
 2.857	 3.525
 2.859	 3.460
 2.860	 3.493
 2.862	 3.518
 2.863	 3.518
 2.865	 3.420
 2.866	 3.437
 2.868	 3.509
 2.870	 3.565
 2.871	 3.487
 2.873	 3.436
 2.874	 3.389
 2.876	 3.505
 2.878	 3.523
 2.879	 3.511
 2.881	 3.560
 2.882	 3.588
 2.884	 3.546
 2.886	 3.568
 2.887	 3.564
 2.889	 3.590
 2.890	 3.521
 2.892	 3.483
 2.894	 3.511
 2.895	 3.571
 2.897	 3.585
 2.899	 3.572
 2.900	 3.553
 2.902	 3.610
 2.903	 3.553
 2.905	 3.581
 2.907	 3.624
 2.908	 3.660
 2.910	 3.611
 2.912	 3.606
 2.913	 3.597
 2.915	 3.593
 2.916	 3.521
 2.918	 3.527
 2.920	 3.570
 2.921	 3.675
 2.923	 3.705
 2.925	 3.637
 2.926	 3.583
 2.928	 3.596
 2.930	 3.571
 2.931	 3.541
 2.933	 3.512
 2.935	 3.547
 2.936	 3.542
 2.938	 3.521
 2.940	 3.489
 2.941	 3.550
 2.943	 3.644
 2.945	 3.651
 2.946	 3.545
 2.948	 3.616
 2.950	 3.668
 2.951	 3.642
 2.953	 3.597
 2.955	 3.627
 2.956	 3.630
 2.958	 3.677
 2.960	 3.656
 2.961	 3.622
 2.963	 3.604
 2.965	 3.601
 2.967	 3.602
 2.968	 3.669
 2.970	 3.715
 2.972	 3.700
 2.973	 3.666
 2.975	 3.650
 2.977	 3.601
 2.978	 3.644
 2.980	 3.626
 2.982	 3.676
 2.984	 3.684
 2.985	 3.656
 2.987	 3.603
 2.989	 3.660
 2.990	 3.698
 2.992	 3.683
 2.994	 3.664
 2.996	 3.739
 2.997	 3.784
 2.999	 3.812
 3.001	 3.748
 3.003	 3.717
 3.004	 3.664
 3.006	 3.698
 3.008	 3.695
 3.010	 3.684
 3.011	 3.709
 3.013	 3.715
 3.015	 3.666
 3.017	 3.713
 3.018	 3.718
 3.020	 3.753
 3.022	 3.740
 3.024	 3.755
 3.025	 3.731
 3.027	 3.719
 3.029	 3.722
 3.031	 3.721
 3.032	 3.683
 3.034	 3.730
 3.036	 3.726
 3.038	 3.771
 3.040	 3.736
 3.041	 3.738
 3.043	 3.754
 3.045	 3.799
 3.047	 3.772
 3.048	 3.792
 3.050	 3.736
 3.052	 3.698
 3.054	 3.628
 3.056	 3.687
 3.057	 3.748
 3.059	 3.762
 3.061	 3.734
 3.063	 3.772
 3.065	 3.767
 3.067	 3.769
 3.068	 3.738
 3.070	 3.792
 3.072	 3.776
 3.074	 3.769
 3.076	 3.783
 3.077	 3.819
 3.079	 3.762
 3.081	 3.743
 3.083	 3.708
 3.085	 3.754
 3.087	 3.756
 3.088	 3.769
 3.090	 3.735
 3.092	 3.746
 3.094	 3.770
 3.096	 3.782
 3.098	 3.695
 3.100	 3.637
 3.101	 3.676
 3.103	 3.754
 3.105	 3.693
 3.107	 3.705
 3.109	 3.734
 3.111	 3.766
 3.113	 3.753
 3.114	 3.724
 3.116	 3.722
 3.118	 3.756
 3.120	 3.689
 3.122	 3.718
 3.124	 3.738
 3.126	 3.741
 3.128	 3.726
 3.129	 3.752
 3.131	 3.703
 3.133	 3.702
 3.135	 3.711
 3.137	 3.727
 3.139	 3.718
 3.141	 3.707
 3.143	 3.660
 3.145	 3.677
 3.147	 3.673
 3.148	 3.693
 3.150	 3.668
 3.152	 3.663
 3.154	 3.684
 3.156	 3.700
 3.158	 3.653
 3.160	 3.680
 3.162	 3.673
 3.164	 3.677
 3.166	 3.647
 3.168	 3.653
 3.170	 3.639
 3.172	 3.698
 3.173	 3.663
 3.175	 3.634
 3.177	 3.614
 3.179	 3.659
 3.181	 3.694
 3.183	 3.662
 3.185	 3.602
 3.187	 3.626
 3.189	 3.614
 3.191	 3.638
 3.193	 3.656
 3.195	 3.669
 3.197	 3.637
 3.199	 3.653
 3.201	 3.653
 3.203	 3.654
 3.205	 3.562
 3.207	 3.586
 3.209	 3.616
 3.211	 3.675
 3.213	 3.651
 3.215	 3.624
 3.217	 3.657
 3.219	 3.664
 3.221	 3.634
 3.223	 3.650
 3.225	 3.623
 3.227	 3.621
 3.229	 3.602
 3.231	 3.585
 3.233	 3.512
 3.235	 3.559
 3.237	 3.608
 3.239	 3.623
 3.241	 3.598
 3.243	 3.599
 3.245	 3.565
 3.247	 3.556
 3.249	 3.557
 3.251	 3.600
 3.253	 3.561
 3.255	 3.542
 3.257	 3.525
 3.259	 3.564
 3.261	 3.555
 3.263	 3.541
 3.265	 3.508
 3.267	 3.529
 3.270	 3.513
 3.272	 3.514
 3.274	 3.469
 3.276	 3.533
 3.278	 3.545
 3.280	 3.536
 3.282	 3.524
 3.284	 3.508
 3.286	 3.476
 3.288	 3.467
 3.290	 3.464
 3.292	 3.473
 3.294	 3.433
 3.297	 3.412
 3.299	 3.410
 3.301	 3.469
 3.303	 3.466
 3.305	 3.473
 3.307	 3.460
 3.309	 3.435
 3.311	 3.430
 3.313	 3.460
 3.316	 3.398
 3.318	 3.366
 3.320	 3.309
 3.322	 3.348
 3.324	 3.348
 3.326	 3.333
 3.328	 3.283
 3.330	 3.293
 3.333	 3.307
 3.335	 3.329
 3.337	 3.290
 3.339	 3.308
 3.341	 3.230
 3.343	 3.198
 3.345	 3.212
 3.348	 3.263
 3.350	 3.258
 3.352	 3.208
 3.354	 3.140
 3.356	 3.139
 3.358	 3.098
 3.361	 3.077
 3.363	 3.095
 3.365	 3.134
 3.367	 3.084
 3.369	 3.076
 3.372	 3.081
 3.374	 3.115
 3.376	 3.120
 3.378	 3.171
 3.380	 3.180
 3.383	 3.164
 3.385	 3.122
 3.387	 3.095
 3.389	 3.011
 3.391	 2.998
 3.394	 3.005
 3.396	 2.948
 3.398	 2.848
 3.400	 2.839
 3.403	 2.817
 3.405	 2.793
 3.407	 2.771
 3.409	 2.847
 3.411	 2.912
 3.414	 2.996
 3.416	 3.061
 3.418	 3.252
 3.420	 3.510
 3.423	 3.983
 3.425	 4.632
 3.427	 5.401
 3.430	 5.960
 3.432	 6.011
 3.434	 5.645
 3.436	 5.246
 3.439	 4.967
 3.441	 4.781
 3.443	 4.578
 3.445	 4.504
 3.448	 4.448
 3.450	 4.383
 3.452	 4.291
 3.455	 4.266
 3.457	 4.255
 3.459	 4.246
 3.462	 4.193
 3.464	 4.179
 3.466	 4.153
 3.469	 4.134
 3.471	 4.047
 3.473	 4.007
 3.476	 3.995
 3.478	 3.954
 3.480	 3.865
 3.483	 3.848
 3.485	 3.827
 3.487	 3.773
 3.490	 3.646
 3.492	 3.550
 3.494	 3.505
 3.497	 3.469
 3.499	 3.399
 3.501	 3.405
 3.504	 3.445
 3.506	 3.749
 3.508	 4.557
 3.511	 5.461
 3.513	 5.746
 3.516	 5.496
 3.518	 5.148
 3.520	 4.943
 3.523	 4.777
 3.525	 4.641
 3.528	 4.516
 3.530	 4.492
 3.532	 4.455
 3.535	 4.385
 3.537	 4.295
 3.540	 4.311
 3.542	 4.290
 3.544	 4.253
 3.547	 4.237
 3.549	 4.253
 3.552	 4.215
 3.554	 4.181
 3.557	 4.170
 3.559	 4.170
 3.561	 4.174
 3.564	 4.205
 3.566	 4.175
 3.569	 4.157
 3.571	 4.152
 3.574	 4.168
 3.576	 4.176
 3.579	 4.161
 3.581	 4.127
 3.584	 4.163
 3.586	 4.178
 3.589	 4.181
 3.591	 4.159
 3.594	 4.096
 3.596	 4.043
 3.599	 4.083
 3.601	 4.074
 3.604	 4.079
 3.606	 4.074
 3.609	 4.088
 3.611	 4.105
 3.614	 4.136
 3.616	 4.126
 3.619	 4.117
 3.621	 4.102
 3.624	 4.099
 3.626	 4.114
 3.629	 4.126
 3.631	 4.079
 3.634	 4.099
 3.636	 4.107
 3.639	 4.119
 3.641	 4.092
 3.644	 4.063
 3.647	 4.054
 3.649	 4.047
 3.652	 4.017
 3.654	 4.038
 3.657	 4.048
 3.659	 4.032
 3.662	 4.039
 3.665	 4.060
 3.667	 4.054
 3.670	 4.052
 3.672	 4.061
 3.675	 4.039
 3.678	 3.974
 3.680	 4.006
 3.683	 4.010
 3.685	 4.022
 3.688	 4.066
 3.691	 4.068
 3.693	 4.029
 3.696	 4.033
 3.699	 4.065
 3.701	 4.087
 3.704	 4.063
 3.707	 4.093
 3.709	 4.143
 3.712	 4.150
 3.715	 4.071
 3.717	 4.062
 3.720	 4.082
 3.723	 4.079
 3.725	 4.083
 3.728	 4.080
 3.731	 4.097
 3.733	 4.116
 3.736	 4.101
 3.739	 4.102
 3.741	 4.094
 3.744	 4.081
 3.747	 4.064
 3.749	 4.075
 3.752	 4.066
 3.755	 4.119
 3.758	 4.134
 3.760	 4.127
 3.763	 4.090
 3.766	 4.122
 3.769	 4.132
 3.771	 4.120
 3.774	 4.099
 3.777	 4.103
 3.779	 4.116
 3.782	 4.133
 3.785	 4.131
 3.788	 4.145
 3.791	 4.139
 3.793	 4.134
 3.796	 4.109
 3.799	 4.105
 3.802	 4.127
 3.804	 4.170
 3.807	 4.172
 3.810	 4.164
 3.813	 4.159
 3.816	 4.185
 3.818	 4.158
 3.821	 4.139
 3.824	 4.125
 3.827	 4.130
 3.830	 4.141
 3.833	 4.150
 3.835	 4.167
 3.838	 4.196
 3.841	 4.178
 3.844	 4.182
 3.847	 4.207
 3.850	 4.210
 3.852	 4.150
 3.855	 4.142
 3.858	 4.174
 3.861	 4.182
 3.864	 4.172
 3.867	 4.184
 3.870	 4.191
 3.873	 4.195
 3.876	 4.192
 3.878	 4.188
 3.881	 4.175
 3.884	 4.174
 3.887	 4.202
 3.890	 4.214
 3.893	 4.182
 3.896	 4.195
 3.899	 4.241
 3.902	 4.253
 3.905	 4.224
 3.908	 4.200
 3.911	 4.197
 3.914	 4.200
 3.917	 4.221
 3.919	 4.243
 3.922	 4.216
 3.925	 4.214
 3.928	 4.194
 3.931	 4.206
 3.934	 4.239
 3.937	 4.242
 3.940	 4.248
 3.943	 4.233
 3.946	 4.227
 3.949	 4.237
 3.952	 4.199
 3.955	 4.160
 3.958	 4.191
 3.961	 4.232
 3.964	 4.217
 3.967	 4.206
 3.970	 4.207
 3.974	 4.240
 3.977	 4.240
 3.980	 4.210
 3.983	 4.196
 3.986	 4.239
 3.989	 4.246
 3.992	 4.221
 3.995	 4.221
 3.998	 4.218
 4.001	 4.220
 4.004	 4.188
 4.007	 4.170
 4.010	 4.208
 4.014	 4.219
 4.017	 4.217
 4.020	 4.226
 4.023	 4.237
 4.026	 4.225
 4.029	 4.206
 4.032	 4.175
 4.035	 4.173
 4.039	 4.194
 4.042	 4.229
 4.045	 4.227
 4.048	 4.181
 4.051	 4.148
 4.054	 4.164
 4.057	 4.149
 4.061	 4.153
 4.064	 4.157
 4.067	 4.184
 4.070	 4.203
 4.073	 4.187
 4.077	 4.158
 4.080	 4.179
 4.083	 4.211
 4.086	 4.198
 4.089	 4.163
 4.093	 4.141
 4.096	 4.140
 4.099	 4.179
 4.102	 4.207
 4.106	 4.213
 4.109	 4.184
 4.112	 4.154
 4.115	 4.136
 4.119	 4.153
 4.122	 4.178
 4.125	 4.194
 4.129	 4.168
 4.132	 4.139
 4.135	 4.141
 4.138	 4.162
 4.142	 4.133
 4.145	 4.129
 4.148	 4.165
 4.152	 4.208
 4.155	 4.171
 4.158	 4.136
 4.162	 4.135
 4.165	 4.143
 4.168	 4.154
 4.172	 4.151
 4.175	 4.156
 4.178	 4.146
 4.182	 4.150
 4.185	 4.184
 4.189	 4.185
 4.192	 4.173
 4.195	 4.143
 4.199	 4.157
 4.202	 4.256
 4.206	 4.358
 4.209	 4.388
 4.212	 4.399
 4.216	 4.407
 4.219	 4.409
 4.223	 4.488
 4.226	 4.485
 4.230	 4.523
 4.233	 4.628
 4.236	 4.570
 4.240	 4.521
 4.243	 4.594
 4.247	 4.607
 4.250	 4.461
 4.254	 4.358
 4.257	 4.338
 4.261	 4.347
 4.264	 4.366
 4.268	 4.422
 4.271	 4.453
 4.275	 4.396
 4.278	 4.370
 4.282	 4.395
 4.285	 4.352
 4.289	 4.296
 4.293	 4.273
 4.296	 4.312
 4.300	 4.330
 4.303	 4.386
 4.307	 4.398
 4.310	 4.287
 4.314	 4.261
 4.318	 4.310
 4.321	 4.271
 4.325	 4.280
 4.328	 4.249
 4.332	 4.200
 4.336	 4.217
 4.339	 4.217
 4.343	 4.151
 4.347	 4.105
 4.350	 4.097
 4.354	 4.101
 4.358	 4.113
 4.361	 4.132
 4.365	 4.141
 4.369	 4.107
 4.372	 4.086
 4.376	 4.077
 4.380	 4.050
 4.383	 4.059
 4.387	 4.071
 4.391	 4.056
 4.394	 4.067
 4.398	 4.093
 4.402	 4.094
 4.406	 4.073
 4.409	 4.085
 4.413	 4.069
 4.417	 4.039
 4.421	 4.044
 4.424	 4.062
 4.428	 4.071
 4.432	 4.051
 4.436	 4.057
 4.440	 4.061
 4.443	 4.068
 4.447	 4.077
 4.451	 4.072
 4.455	 4.071
 4.459	 4.070
 4.463	 4.052
 4.466	 4.032
 4.470	 4.032
 4.474	 4.038
 4.478	 4.045
 4.482	 4.054
 4.486	 4.068
 4.490	 4.038
 4.493	 4.009
 4.497	 4.009
 4.501	 4.007
 4.505	 4.025
 4.509	 4.036
 4.513	 4.024
 4.517	 3.991
 4.521	 4.035
 4.525	 4.084
 4.529	 4.013
 4.533	 3.938
 4.537	 3.947
 4.541	 3.985
 4.545	 4.005
 4.549	 4.025
 4.553	 4.031
 4.557	 4.035
 4.561	 4.012
 4.565	 4.006
 4.569	 3.979
 4.573	 3.965
 4.577	 3.963
 4.581	 3.973
 4.585	 3.958
 4.589	 3.965
 4.593	 3.949
 4.597	 3.941
 4.601	 3.953
 4.605	 3.934
 4.609	 3.929
 4.613	 3.975
 4.617	 3.968
 4.622	 3.933
 4.626	 3.904
 4.630	 3.903
 4.634	 3.934
 4.638	 3.967
 4.642	 3.949
 4.646	 3.937
 4.651	 3.928
 4.655	 3.926
 4.659	 3.898
 4.663	 3.894
 4.667	 3.873
 4.672	 3.886
 4.676	 3.888
 4.680	 3.866
 4.684	 3.847
 4.688	 3.855
 4.693	 3.845
 4.697	 3.869
 4.701	 3.861
 4.705	 3.854
 4.710	 3.874
 4.714	 3.918
 4.718	 3.909
 4.723	 3.865
 4.727	 3.842
 4.731	 3.856
 4.736	 3.861
 4.740	 3.875
 4.744	 3.893
 4.749	 3.906
 4.753	 3.899
 4.757	 3.885
 4.762	 3.877
 4.766	 3.850
 4.770	 3.832
 4.775	 3.884
 4.779	 3.908
 4.784	 3.894
 4.788	 3.882
 4.792	 3.919
 4.797	 3.933
 4.801	 3.949
 4.806	 3.946
 4.810	 3.956
 4.815	 3.949
 4.819	 3.953
 4.824	 3.960
 4.828	 3.972
 4.833	 3.937
 4.837	 3.937
 4.842	 3.918
 4.846	 3.900
 4.851	 3.895
 4.855	 3.914
 4.860	 3.940
 4.864	 3.913
 4.869	 3.894
 4.874	 3.939
 4.878	 3.932
 4.883	 3.901
 4.887	 3.877
 4.892	 3.926
 4.897	 3.931
 4.901	 3.938
 4.906	 3.943
 4.910	 3.952
 4.915	 3.912
 4.920	 3.925
 4.924	 3.926
 4.929	 3.897
 4.934	 3.901
 4.939	 3.954
 4.943	 3.942
 4.948	 3.915
 4.953	 3.922
 4.957	 3.962
 4.962	 3.962
 4.967	 3.979
 4.972	 3.983
 4.976	 3.987
 4.981	 3.952
 4.986	 3.930
 4.991	 3.931
 4.996	 3.966
 5.000	 3.957
 5.005	 3.976
 5.010	 3.989
 5.015	 3.994
 5.020	 3.990
 5.025	 3.979
 5.030	 3.943
 5.034	 3.966
 5.039	 3.954
 5.044	 3.946
 5.049	 3.965
 5.054	 3.985
 5.059	 3.936
 5.064	 3.925
 5.069	 3.938
 5.074	 3.960
 5.079	 3.991
 5.084	 4.003
 5.089	 3.973
 5.094	 3.957
 5.099	 3.923
 5.104	 3.918
 5.109	 3.937
 5.114	 3.972
 5.119	 3.946
 5.124	 3.939
 5.129	 3.910
 5.134	 3.944
 5.139	 3.999
 5.144	 3.996
 5.149	 3.953
 5.155	 3.975
 5.160	 3.973
 5.165	 3.992
 5.170	 3.991
 5.175	 4.000
 5.180	 3.976
 5.185	 3.971
 5.191	 3.959
 5.196	 3.991
 5.201	 3.993
 5.206	 3.992
 5.211	 3.935
 5.217	 3.945
 5.222	 3.959
 5.227	 3.991
 5.233	 3.998
 5.238	 4.025
 5.243	 3.992
 5.248	 3.962
 5.254	 3.961
 5.259	 3.978
 5.264	 3.966
 5.270	 3.985
 5.275	 3.978
 5.280	 3.996
 5.286	 3.996
 5.291	 3.967
 5.297	 3.942
 5.302	 3.976
 5.308	 3.958
 5.313	 3.971
 5.318	 3.964
 5.324	 3.984
 5.329	 3.955
 5.335	 3.971
 5.340	 3.937
 5.346	 3.929
 5.351	 3.929
 5.357	 3.921
 5.362	 3.890
 5.368	 3.917
 5.374	 3.916
 5.379	 3.909
 5.385	 3.879
 5.390	 3.876
 5.396	 3.890
 5.401	 3.872
 5.407	 3.817
 5.413	 3.829
 5.418	 3.813
 5.424	 3.836
 5.430	 3.836
 5.435	 3.846
 5.441	 3.807
 5.447	 3.797
 5.453	 3.799
 5.458	 3.807
 5.464	 3.762
 5.470	 3.770
 5.476	 3.788
 5.481	 3.775
 5.487	 3.700
 5.493	 3.712
 5.499	 3.723
 5.505	 3.718
 5.511	 3.650
 5.516	 3.628
 5.522	 3.623
 5.528	 3.633
 5.534	 3.595
 5.540	 3.598
 5.546	 3.579
 5.552	 3.614
 5.558	 3.580
 5.564	 3.577
 5.570	 3.569
 5.576	 3.562
 5.582	 3.502
 5.588	 3.487
 5.594	 3.480
 5.600	 3.465
 5.606	 3.411
 5.612	 3.409
 5.618	 3.396
 5.624	 3.414
 5.630	 3.348
 5.636	 3.325
 5.642	 3.350
 5.649	 3.337
 5.655	 3.258
 5.661	 3.281
 5.667	 3.278
 5.673	 3.266
 5.680	 3.248
 5.686	 3.302
 5.692	 3.326
 5.698	 3.379
 5.705	 3.399
 5.711	 3.442
 5.717	 3.476
 5.723	 3.488
 5.730	 3.471
 5.736	 3.476
 5.742	 3.482
 5.749	 3.520
 5.755	 3.538
 5.762	 3.602
 5.768	 3.591
 5.774	 3.586
 5.781	 3.607
 5.787	 3.658
 5.794	 3.653
 5.800	 3.668
 5.807	 3.642
 5.813	 3.663
 5.820	 3.670
 5.826	 3.739
 5.833	 3.731
 5.839	 3.733
 5.846	 3.740
 5.853	 3.801
 5.859	 3.832
 5.866	 3.880
 5.873	 3.854
 5.879	 3.863
 5.886	 3.837
 5.893	 3.847
 5.899	 3.855
 5.906	 3.903
 5.913	 3.902
 5.919	 3.904
 5.926	 3.899
 5.933	 3.943
 5.940	 3.940
 5.947	 3.934
 5.953	 3.882
 5.960	 3.892
 5.967	 3.866
 5.974	 3.884
 5.981	 3.847
 5.988	 3.862
 5.995	 3.843
 6.002	 3.892
 6.009	 3.876
 6.016	 3.832
 6.023	 3.772
 6.030	 3.809
 6.037	 3.767
 6.044	 3.756
 6.051	 3.718
 6.058	 3.756
 6.065	 3.708
 6.072	 3.655
 6.079	 3.610
 6.086	 3.698
 6.093	 3.711
 6.101	 3.733
 6.108	 3.699
 6.115	 3.747
 6.122	 3.796
 6.129	 3.878
 6.137	 3.844
 6.144	 3.873
 6.151	 3.878
 6.158	 3.969
 6.166	 3.992
 6.173	 4.003
 6.180	 3.962
 6.188	 3.981
 6.195	 3.946
 6.203	 4.012
 6.210	 4.026
 6.218	 4.053
 6.225	 4.024
 6.232	 4.053
 6.240	 4.009
 6.248	 4.015
 6.255	 3.981
 6.263	 4.057
 6.270	 4.066
 6.278	 4.082
 6.285	 4.098
 6.293	 4.163
 6.301	 4.075
 6.308	 4.083
 6.316	 4.060
 6.324	 4.081
 6.331	 4.039
 6.339	 4.000
 6.347	 3.968
 6.355	 4.090
 6.362	 4.111
 6.370	 4.088
 6.378	 4.009
 6.386	 4.016
 6.394	 3.998
 6.402	 4.007
 6.410	 3.986
 6.418	 4.073
 6.426	 4.048
 6.434	 4.003
 6.442	 3.936
 6.450	 3.933
 6.458	 3.894
 6.466	 3.965
 6.474	 3.983
 6.482	 3.989
 6.490	 3.937
 6.498	 3.975
 6.506	 3.909
 6.514	 3.867
 6.523	 3.825
 6.531	 3.880
 6.539	 3.852
 6.547	 3.857
 6.556	 3.779
 6.564	 3.783
 6.572	 3.751
 6.580	 3.794
 6.589	 3.789
 6.597	 3.806
 6.606	 3.712
 6.614	 3.715
 6.623	 3.717
 6.631	 3.767
 6.639	 3.693
 6.648	 3.698
 6.657	 3.688
 6.665	 3.713
 6.674	 3.677
 6.682	 3.678
 6.691	 3.607
 6.700	 3.583
 6.708	 3.547
 6.717	 3.592
 6.726	 3.550
 6.734	 3.515
 6.743	 3.417
 6.752	 3.425
 6.761	 3.373
 6.769	 3.315
 6.778	 3.235
 6.787	 3.539
 6.796	 3.728
 6.805	 3.681
 6.814	 3.557
 6.823	 3.591
 6.832	 3.808
 6.841	 4.138
 6.850	 4.099
 6.859	 3.962
 6.868	 3.894
 6.877	 3.920
 6.886	 3.846
 6.896	 3.895
 6.905	 3.852
 6.914	 3.842
 6.923	 3.822
 6.932	 3.870
 6.942	 3.861
 6.951	 3.877
 6.960	 3.826
 6.970	 3.841
 6.979	 3.812
 6.988	 3.857
 6.998	 3.815
 7.007	 3.862
 7.017	 3.838
 7.026	 3.891
 7.036	 3.874
 7.045	 3.904
 7.055	 3.892
 7.065	 3.935
 7.074	 3.888
 7.084	 3.942
 7.094	 3.909
 7.103	 3.908
 7.113	 3.822
 7.123	 3.861
 7.133	 3.816
 7.142	 3.801
 7.152	 3.769
 7.162	 3.813
 7.172	 3.757
 7.182	 3.740
 7.192	 3.737
 7.202	 3.820
 7.212	 3.779
 7.222	 3.811
 7.232	 3.750
 7.242	 3.794
 7.252	 3.763
 7.262	 3.788
 7.273	 3.786
 7.283	 3.834
 7.293	 3.804
 7.303	 3.859
 7.314	 3.820
 7.324	 3.876
 7.334	 3.835
 7.345	 3.791
 7.355	 3.696
 7.366	 3.731
 7.376	 3.719
 7.387	 3.797
 7.397	 3.741
 7.408	 3.769
 7.418	 3.721
 7.429	 3.739
 7.440	 3.684
 7.450	 3.714
 7.461	 3.672
 7.472	 3.712
 7.483	 3.678
 7.493	 3.696
 7.504	 3.642
 7.515	 3.689
 7.526	 3.674
 7.537	 3.731
 7.548	 3.650
 7.559	 3.663
 7.570	 3.620
 7.581	 3.669
 7.592	 3.586
 7.603	 3.637
 7.614	 3.627
 7.626	 3.663
 7.637	 3.638
 7.648	 3.686
 7.659	 3.634
 7.671	 3.662
 7.682	 3.599
 7.694	 3.615
 7.705	 3.536
 7.716	 3.600
 7.728	 3.562
 7.739	 3.596
 7.751	 3.550
 7.763	 3.620
 7.774	 3.600
 7.786	 3.640
 7.798	 3.581
 7.809	 3.639
 7.821	 3.589
 7.833	 3.616
 7.845	 3.593
 7.857	 3.605
 7.869	 3.550
 7.881	 3.635
 7.893	 3.599
 7.905	 3.643
 7.917	 3.591
 7.929	 3.681
 7.941	 3.664
 7.953	 3.716
 7.965	 3.700
 7.978	 3.801
 7.990	 3.782
 8.002	 3.856
 8.015	 3.851
 8.027	 3.926
 8.039	 3.899
 8.052	 3.940
 8.064	 3.928
 8.077	 4.083
 8.090	 4.064
 8.102	 4.122
 8.115	 4.092
 8.128	 4.184
 8.140	 4.173
 8.153	 4.272
 8.166	 4.209
 8.179	 4.241
 8.192	 4.131
 8.205	 4.150
 8.218	 4.099
 8.231	 4.148
 8.244	 4.063
 8.257	 4.179
 8.270	 4.125
 8.283	 4.180
 8.297	 4.110
 8.310	 4.164
 8.323	 4.086
 8.337	 4.165
 8.350	 4.091
 8.364	 4.126
 8.377	 4.031
 8.391	 4.066
 8.404	 3.982
 8.418	 4.046
 8.432	 3.954
 8.445	 4.027
 8.459	 4.012
 8.473	 4.102
 8.487	 3.990
 8.501	 4.025
 8.515	 3.997
 8.529	 4.083
 8.543	 4.010
 8.557	 4.114
 8.571	 4.065
 8.585	 4.124
 8.599	 4.064
 8.614	 4.149
 8.628	 4.214
 8.642	 4.427
 8.657	 4.343
 8.671	 4.340
 8.686	 4.240
 8.700	 4.283
 8.715	 4.218
 8.730	 4.342
 8.744	 4.314
 8.759	 4.410
 8.774	 4.289
 8.789	 4.393
 8.804	 4.362
 8.819	 4.450
 8.834	 4.300
 8.849	 4.351
 8.864	 4.338
 8.879	 4.400
 8.894	 4.361
 8.910	 4.522
 8.925	 4.399
 8.940	 4.432
 8.956	 4.328
 8.971	 4.439
 8.987	 4.422
 9.002	 4.519
 9.018	 4.419
 9.034	 4.519
 9.050	 4.410
 9.065	 4.438
 9.081	 4.403
 9.097	 4.518
 9.113	 4.427
 9.129	 4.516
 9.145	 4.444
 9.162	 4.558
 9.178	 4.496
 9.194	 4.564
 9.210	 4.462
 9.227	 4.552
 9.243	 4.469
 9.260	 4.541
 9.276	 4.398
 9.293	 4.509
 9.310	 4.468
 9.326	 4.578
 9.343	 4.516
 9.360	 4.620
 9.377	 4.615
 9.394	 4.761
 9.411	 4.759
 9.428	 4.946
 9.445	 4.880
 9.462	 4.904
 9.480	 4.760
 9.497	 4.933
 9.515	 4.972
 9.532	 5.029
 9.550	 4.846
 9.567	 4.899
 9.585	 4.831
 9.603	 4.956
 9.620	 4.918
 9.638	 5.079
 9.656	 4.961
 9.674	 5.064
 9.692	 4.933
 9.711	 4.940
 9.729	 4.768
 9.747	 4.820
 9.765	 4.723
 9.784	 4.825
 9.802	 4.746
 9.821	 5.025
 9.839	 5.034
 9.858	 4.840
 9.877	 4.650
 9.896	 4.647
 9.915	 4.467
 9.934	 4.572
 9.953	 4.533
 9.972	 4.610
 9.991	 4.537
10.010	 4.610
10.030	 4.493
10.049	 4.563
10.069	 4.468
10.088	 4.530
10.108	 4.524
10.128	 4.582
10.148	 4.411
10.167	 4.436
10.187	 4.347
10.207	 4.425
10.228	 4.398
10.248	 4.480
10.268	 4.360
10.289	 4.433
10.309	 4.370
10.330	 4.493
10.350	 4.425
10.371	 4.467
10.392	 4.359
10.412	 4.447
10.433	 4.360
10.454	 4.424
10.476	 4.333
10.497	 4.455
10.518	 4.473
10.539	 4.577
10.561	 4.429
10.582	 4.471
10.604	 4.397
10.626	 4.538
10.648	 4.442
10.670	 4.457
10.692	 4.419
10.714	 4.574
10.736	 4.410
10.758	 4.391
10.780	 4.254
10.803	 4.349
10.825	 4.241
10.848	 4.361
10.871	 4.312
10.894	 4.412
10.917	 4.238
10.940	 4.331
10.963	 4.308
10.986	 4.420
11.009	 4.305
11.033	 4.384
11.056	 4.247
11.080	 4.316
11.104	 4.249
11.127	 4.346
11.151	 4.164
11.175	 4.243
11.200	 4.185
11.224	 4.322
11.248	 4.231
11.273	 4.324
11.297	 4.240
11.322	 4.321
11.347	 4.196
11.372	 4.321
11.397	 4.224
11.422	 4.335
11.447	 4.335
11.472	 4.522
11.498	 4.321
11.523	 4.359
11.549	 4.277
11.575	 4.384
11.600	 4.177
11.626	 4.264
11.653	 4.133
11.679	 4.187
11.705	 4.084
11.732	 4.142
11.758	 4.018
11.785	 4.188
11.812	 4.054
11.839	 4.194
11.866	 3.989
11.893	 3.991
11.920	 3.868
11.948	 4.024
11.976	 3.925
12.003	 4.145
12.031	 4.099
12.059	 4.253
12.087	 4.130
12.115	 4.236
12.144	 4.089
12.172	 4.164
12.201	 4.071
12.230	 4.308
12.259	 4.131
12.288	 4.184
12.317	 4.079
12.346	 4.280
12.376	 4.127
12.405	 4.227
12.435	 4.063
12.465	 4.201
12.495	 4.005
12.525	 4.190
12.555	 4.066
12.586	 4.130
12.617	 3.942
12.647	 4.106
12.678	 4.051
12.709	 4.193
12.741	 3.925
12.772	 4.124
12.803	 3.971
12.835	 4.098
12.867	 4.004
12.899	 4.130
12.931	 3.992
12.964	 4.129
12.996	 3.982
13.029	 4.126
13.061	 3.951
13.094	 4.100
13.128	 3.980
13.161	 4.143
13.194	 3.955
13.228	 4.103
13.262	 3.951
13.296	 3.952
13.330	 3.686
13.364	 4.004
13.399	 4.040
13.434	 4.153
13.469	 3.831
13.504	 4.043
13.539	 3.920
13.574	 4.009
13.610	 3.831
13.646	 4.095
13.682	 4.151
13.718	 4.505
13.754	 4.391
13.791	 4.546
13.828	 4.149
13.865	 4.395
13.902	 4.560
13.939	 4.817
13.977	 4.567
14.015	 4.755
14.053	 4.467
14.091	 4.601
14.129	 4.325
14.168	 4.650
14.207	 4.455
14.246	 4.585
14.285	 4.283
14.324	 4.495
14.364	 4.414
14.404	 4.729
14.444	 4.475
14.484	 4.730
14.525	 4.447
14.566	 4.724
14.607	 4.446
14.648	 4.801
14.690	 4.581
14.731	 4.811
14.773	 4.565
14.815	 4.963
14.858	 4.492
14.901	 4.608
14.944	 4.183
14.987	 4.578
15.030	 4.215
15.074	 4.598
15.118	 4.218
15.162	 4.452
15.206	 4.136
15.251	 4.689
15.296	 4.267
15.341	 4.558
15.387	 0.000
