Name: Portulacaria afra
Type: vegetation
Class: Shrub
Genus: Portulacaria
Species: afra
Sample No.: JPL064
Owner: JPL
Wavelength Range: All
Origin: 34.12645; - 118.11028; WGS84
Collection Date: 2/2/2016
Description: Samples were collected at the Huntington Garden in San Marino California as part of a JPL Subcontract studying HyTES imagery. Samples were taken to JPL and processed within 48 hours of collection. The same leaves were processed in the Nicolet and then measured using the ASD.
Measurement: Bidirectional and directional hemispherical reflectance
First Column: X
Second Column: Y
X Units: Wavelength (micrometer)
Y Units: Reflectance (percentage)
First X Value: 0.35
Last X Value: 15.3869
Number of X Values: 3889
Additional Information: 

 0.350	 3.962
 0.351	 2.357
 0.352	 3.642
 0.353	 4.573
 0.354	 3.208
 0.355	 3.683
 0.356	 4.581
 0.357	 4.836
 0.358	 3.951
 0.359	 3.442
 0.360	 3.809
 0.361	 4.391
 0.362	 3.232
 0.363	 3.393
 0.364	 4.062
 0.365	 3.970
 0.366	 4.398
 0.367	 4.148
 0.368	 3.700
 0.369	 4.481
 0.370	 4.428
 0.371	 3.452
 0.372	 2.291
 0.373	 2.697
 0.374	 3.429
 0.375	 3.810
 0.376	 3.600
 0.377	 3.922
 0.378	 3.665
 0.379	 3.171
 0.380	 3.942
 0.381	 4.261
 0.382	 4.089
 0.383	 3.721
 0.384	 3.594
 0.385	 3.480
 0.386	 3.432
 0.387	 3.560
 0.388	 3.727
 0.389	 3.815
 0.390	 3.816
 0.391	 3.832
 0.392	 3.843
 0.393	 3.858
 0.394	 3.831
 0.395	 3.503
 0.396	 3.472
 0.397	 3.681
 0.398	 3.773
 0.399	 3.708
 0.400	 3.639
 0.401	 3.650
 0.402	 3.699
 0.403	 3.618
 0.404	 3.521
 0.405	 3.511
 0.406	 3.397
 0.407	 3.190
 0.408	 3.079
 0.409	 3.325
 0.410	 3.672
 0.411	 3.727
 0.412	 3.501
 0.413	 3.769
 0.414	 3.734
 0.415	 3.606
 0.416	 3.773
 0.417	 3.845
 0.418	 3.886
 0.419	 3.884
 0.420	 3.759
 0.421	 3.742
 0.422	 3.744
 0.423	 3.698
 0.424	 3.758
 0.425	 3.873
 0.426	 4.000
 0.427	 4.083
 0.428	 3.986
 0.429	 3.932
 0.430	 4.024
 0.431	 4.161
 0.432	 4.159
 0.433	 4.086
 0.434	 4.062
 0.435	 4.122
 0.436	 4.181
 0.437	 4.251
 0.438	 4.403
 0.439	 4.397
 0.440	 4.396
 0.441	 4.511
 0.442	 4.613
 0.443	 4.567
 0.444	 4.488
 0.445	 4.549
 0.446	 4.569
 0.447	 4.597
 0.448	 4.655
 0.449	 4.730
 0.450	 4.792
 0.451	 4.802
 0.452	 4.764
 0.453	 4.831
 0.454	 4.881
 0.455	 4.893
 0.456	 4.907
 0.457	 4.848
 0.458	 4.839
 0.459	 4.931
 0.460	 4.998
 0.461	 5.058
 0.462	 5.056
 0.463	 4.961
 0.464	 4.998
 0.465	 5.036
 0.466	 5.009
 0.467	 4.941
 0.468	 4.996
 0.469	 5.030
 0.470	 4.948
 0.471	 4.972
 0.472	 5.021
 0.473	 5.068
 0.474	 5.107
 0.475	 5.055
 0.476	 5.049
 0.477	 5.122
 0.478	 5.102
 0.479	 5.080
 0.480	 5.072
 0.481	 5.072
 0.482	 5.082
 0.483	 5.051
 0.484	 5.010
 0.485	 5.053
 0.486	 5.091
 0.487	 5.096
 0.488	 5.078
 0.489	 5.124
 0.490	 5.142
 0.491	 5.148
 0.492	 5.206
 0.493	 5.276
 0.494	 5.325
 0.495	 5.339
 0.496	 5.317
 0.497	 5.389
 0.498	 5.493
 0.499	 5.543
 0.500	 5.607
 0.501	 5.680
 0.502	 5.769
 0.503	 5.886
 0.504	 5.969
 0.505	 6.049
 0.506	 6.160
 0.507	 6.306
 0.508	 6.403
 0.509	 6.524
 0.510	 6.773
 0.511	 6.918
 0.512	 7.068
 0.513	 7.271
 0.514	 7.466
 0.515	 7.631
 0.516	 7.825
 0.517	 8.089
 0.518	 8.338
 0.519	 8.560
 0.520	 8.782
 0.521	 9.050
 0.522	 9.309
 0.523	 9.563
 0.524	 9.814
 0.525	10.033
 0.526	10.270
 0.527	10.517
 0.528	10.743
 0.529	10.954
 0.530	11.146
 0.531	11.321
 0.532	11.491
 0.533	11.654
 0.534	11.810
 0.535	11.956
 0.536	12.062
 0.537	12.185
 0.538	12.311
 0.539	12.376
 0.540	12.475
 0.541	12.598
 0.542	12.715
 0.543	12.812
 0.544	12.881
 0.545	12.929
 0.546	12.967
 0.547	12.978
 0.548	12.998
 0.549	13.036
 0.550	13.056
 0.551	13.065
 0.552	13.072
 0.553	13.080
 0.554	13.072
 0.555	13.041
 0.556	12.983
 0.557	12.904
 0.558	12.837
 0.559	12.752
 0.560	12.638
 0.561	12.536
 0.562	12.455
 0.563	12.370
 0.564	12.249
 0.565	12.127
 0.566	12.009
 0.567	11.887
 0.568	11.733
 0.569	11.609
 0.570	11.478
 0.571	11.306
 0.572	11.168
 0.573	11.020
 0.574	10.872
 0.575	10.760
 0.576	10.629
 0.577	10.509
 0.578	10.415
 0.579	10.308
 0.580	10.221
 0.581	10.143
 0.582	10.052
 0.583	 9.990
 0.584	 9.928
 0.585	 9.855
 0.586	 9.788
 0.587	 9.713
 0.588	 9.656
 0.589	 9.624
 0.590	 9.557
 0.591	 9.507
 0.592	 9.475
 0.593	 9.434
 0.594	 9.414
 0.595	 9.392
 0.596	 9.364
 0.597	 9.360
 0.598	 9.331
 0.599	 9.298
 0.600	 9.284
 0.601	 9.233
 0.602	 9.182
 0.603	 9.142
 0.604	 9.087
 0.605	 9.021
 0.606	 8.955
 0.607	 8.891
 0.608	 8.794
 0.609	 8.712
 0.610	 8.643
 0.611	 8.564
 0.612	 8.489
 0.613	 8.381
 0.614	 8.242
 0.615	 8.138
 0.616	 8.058
 0.617	 7.984
 0.618	 7.902
 0.619	 7.843
 0.620	 7.793
 0.621	 7.750
 0.622	 7.715
 0.623	 7.666
 0.624	 7.612
 0.625	 7.570
 0.626	 7.552
 0.627	 7.548
 0.628	 7.548
 0.629	 7.548
 0.630	 7.558
 0.631	 7.574
 0.632	 7.579
 0.633	 7.546
 0.634	 7.537
 0.635	 7.526
 0.636	 7.486
 0.637	 7.442
 0.638	 7.407
 0.639	 7.366
 0.640	 7.292
 0.641	 7.217
 0.642	 7.146
 0.643	 7.070
 0.644	 6.970
 0.645	 6.882
 0.646	 6.810
 0.647	 6.746
 0.648	 6.680
 0.649	 6.600
 0.650	 6.518
 0.651	 6.465
 0.652	 6.415
 0.653	 6.360
 0.654	 6.300
 0.655	 6.242
 0.656	 6.191
 0.657	 6.128
 0.658	 6.035
 0.659	 5.944
 0.660	 5.862
 0.661	 5.784
 0.662	 5.693
 0.663	 5.594
 0.664	 5.508
 0.665	 5.445
 0.666	 5.376
 0.667	 5.311
 0.668	 5.262
 0.669	 5.242
 0.670	 5.224
 0.671	 5.200
 0.672	 5.178
 0.673	 5.183
 0.674	 5.185
 0.675	 5.188
 0.676	 5.204
 0.677	 5.238
 0.678	 5.284
 0.679	 5.335
 0.680	 5.385
 0.681	 5.423
 0.682	 5.488
 0.683	 5.593
 0.684	 5.699
 0.685	 5.833
 0.686	 5.994
 0.687	 6.176
 0.688	 6.389
 0.689	 6.644
 0.690	 6.954
 0.691	 7.327
 0.692	 7.750
 0.693	 8.244
 0.694	 8.820
 0.695	 9.455
 0.696	10.140
 0.697	10.866
 0.698	11.631
 0.699	12.470
 0.700	13.318
 0.701	14.170
 0.702	15.075
 0.703	15.980
 0.704	16.888
 0.705	17.803
 0.706	18.717
 0.707	19.622
 0.708	20.518
 0.709	21.411
 0.710	22.290
 0.711	23.173
 0.712	24.062
 0.713	24.946
 0.714	25.820
 0.715	26.673
 0.716	27.508
 0.717	28.356
 0.718	29.195
 0.719	30.007
 0.720	30.786
 0.721	31.566
 0.722	32.328
 0.723	33.059
 0.724	33.757
 0.725	34.425
 0.726	35.062
 0.727	35.671
 0.728	36.265
 0.729	36.813
 0.730	37.318
 0.731	37.798
 0.732	38.241
 0.733	38.660
 0.734	39.057
 0.735	39.421
 0.736	39.763
 0.737	40.082
 0.738	40.376
 0.739	40.652
 0.740	40.906
 0.741	41.141
 0.742	41.364
 0.743	41.577
 0.744	41.765
 0.745	41.924
 0.746	42.063
 0.747	42.207
 0.748	42.337
 0.749	42.442
 0.750	42.533
 0.751	42.637
 0.752	42.730
 0.753	42.784
 0.754	42.852
 0.755	42.917
 0.756	42.970
 0.757	43.014
 0.758	43.045
 0.759	43.092
 0.760	43.156
 0.761	43.186
 0.762	43.209
 0.763	43.236
 0.764	43.266
 0.765	43.297
 0.766	43.305
 0.767	43.302
 0.768	43.323
 0.769	43.363
 0.770	43.386
 0.771	43.383
 0.772	43.386
 0.773	43.400
 0.774	43.420
 0.775	43.436
 0.776	43.441
 0.777	43.454
 0.778	43.468
 0.779	43.474
 0.780	43.494
 0.781	43.513
 0.782	43.520
 0.783	43.514
 0.784	43.513
 0.785	43.528
 0.786	43.553
 0.787	43.548
 0.788	43.538
 0.789	43.544
 0.790	43.571
 0.791	43.578
 0.792	43.573
 0.793	43.567
 0.794	43.573
 0.795	43.590
 0.796	43.604
 0.797	43.608
 0.798	43.600
 0.799	43.589
 0.800	43.589
 0.801	43.605
 0.802	43.598
 0.803	43.588
 0.804	43.579
 0.805	43.572
 0.806	43.566
 0.807	43.557
 0.808	43.547
 0.809	43.540
 0.810	43.547
 0.811	43.540
 0.812	43.511
 0.813	43.492
 0.814	43.499
 0.815	43.500
 0.816	43.473
 0.817	43.463
 0.818	43.443
 0.819	43.423
 0.820	43.422
 0.821	43.408
 0.822	43.376
 0.823	43.332
 0.824	43.293
 0.825	43.270
 0.826	43.247
 0.827	43.217
 0.828	43.200
 0.829	43.165
 0.830	43.118
 0.831	43.072
 0.832	43.044
 0.833	43.014
 0.834	42.977
 0.835	42.936
 0.836	42.909
 0.837	42.909
 0.838	42.914
 0.839	42.883
 0.840	42.884
 0.841	42.892
 0.842	42.884
 0.843	42.861
 0.844	42.834
 0.845	42.844
 0.846	42.891
 0.847	42.869
 0.848	42.853
 0.849	42.847
 0.850	42.836
 0.851	42.825
 0.852	42.840
 0.853	42.856
 0.854	42.830
 0.855	42.825
 0.856	42.833
 0.857	42.847
 0.858	42.862
 0.859	42.860
 0.860	42.849
 0.861	42.841
 0.862	42.850
 0.863	42.872
 0.864	42.894
 0.865	42.906
 0.866	42.886
 0.867	42.867
 0.868	42.871
 0.869	42.900
 0.870	42.896
 0.871	42.892
 0.872	42.893
 0.873	42.887
 0.874	42.885
 0.875	42.895
 0.876	42.906
 0.877	42.898
 0.878	42.898
 0.879	42.907
 0.880	42.912
 0.881	42.878
 0.882	42.887
 0.883	42.909
 0.884	42.905
 0.885	42.872
 0.886	42.855
 0.887	42.853
 0.888	42.849
 0.889	42.824
 0.890	42.806
 0.891	42.804
 0.892	42.812
 0.893	42.832
 0.894	42.818
 0.895	42.782
 0.896	42.772
 0.897	42.794
 0.898	42.790
 0.899	42.765
 0.900	42.776
 0.901	42.760
 0.902	42.732
 0.903	42.713
 0.904	42.707
 0.905	42.700
 0.906	42.694
 0.907	42.689
 0.908	42.671
 0.909	42.632
 0.910	42.602
 0.911	42.598
 0.912	42.593
 0.913	42.543
 0.914	42.481
 0.915	42.452
 0.916	42.436
 0.917	42.389
 0.918	42.323
 0.919	42.275
 0.920	42.253
 0.921	42.173
 0.922	42.061
 0.923	41.993
 0.924	41.928
 0.925	41.840
 0.926	41.734
 0.927	41.640
 0.928	41.549
 0.929	41.388
 0.930	41.192
 0.931	41.093
 0.932	41.014
 0.933	40.889
 0.934	40.715
 0.935	40.565
 0.936	40.440
 0.937	40.276
 0.938	40.061
 0.939	39.881
 0.940	39.674
 0.941	39.472
 0.942	39.295
 0.943	39.104
 0.944	38.868
 0.945	38.643
 0.946	38.443
 0.947	38.146
 0.948	37.879
 0.949	37.579
 0.950	37.221
 0.951	37.005
 0.952	36.676
 0.953	36.285
 0.954	35.958
 0.955	35.727
 0.956	35.465
 0.957	35.181
 0.958	34.919
 0.959	34.649
 0.960	34.465
 0.961	34.323
 0.962	34.165
 0.963	34.090
 0.964	34.000
 0.965	33.876
 0.966	33.745
 0.967	33.665
 0.968	33.574
 0.969	33.487
 0.970	33.447
 0.971	33.478
 0.972	33.443
 0.973	33.417
 0.974	33.502
 0.975	33.443
 0.976	33.389
 0.977	33.395
 0.978	33.442
 0.979	33.464
 0.980	33.452
 0.981	33.403
 0.982	33.360
 0.983	33.528
 0.984	33.584
 0.985	33.537
 0.986	33.566
 0.987	33.649
 0.988	33.762
 0.989	33.853
 0.990	33.877
 0.991	33.849
 0.992	33.879
 0.993	33.957
 0.994	34.028
 0.995	34.147
 0.996	34.298
 0.997	34.445
 0.998	34.548
 0.999	34.591
 1.000	34.606
 1.001	34.925
 1.002	35.033
 1.003	35.148
 1.004	35.266
 1.005	35.405
 1.006	35.501
 1.007	35.575
 1.008	35.677
 1.009	35.775
 1.010	35.876
 1.011	35.994
 1.012	36.110
 1.013	36.205
 1.014	36.320
 1.015	36.448
 1.016	36.604
 1.017	36.725
 1.018	36.828
 1.019	36.932
 1.020	37.030
 1.021	37.155
 1.022	37.287
 1.023	37.422
 1.024	37.595
 1.025	37.706
 1.026	37.775
 1.027	37.876
 1.028	37.945
 1.029	38.041
 1.030	38.194
 1.031	38.307
 1.032	38.398
 1.033	38.494
 1.034	38.589
 1.035	38.677
 1.036	38.793
 1.037	38.918
 1.038	39.021
 1.039	39.118
 1.040	39.218
 1.041	39.314
 1.042	39.389
 1.043	39.445
 1.044	39.526
 1.045	39.607
 1.046	39.679
 1.047	39.779
 1.048	39.853
 1.049	39.888
 1.050	39.934
 1.051	39.973
 1.052	40.027
 1.053	40.079
 1.054	40.133
 1.055	40.187
 1.056	40.254
 1.057	40.296
 1.058	40.313
 1.059	40.357
 1.060	40.412
 1.061	40.443
 1.062	40.492
 1.063	40.511
 1.064	40.469
 1.065	40.472
 1.066	40.492
 1.067	40.507
 1.068	40.530
 1.069	40.584
 1.070	40.590
 1.071	40.568
 1.072	40.569
 1.073	40.555
 1.074	40.560
 1.075	40.596
 1.076	40.595
 1.077	40.582
 1.078	40.567
 1.079	40.538
 1.080	40.503
 1.081	40.460
 1.082	40.421
 1.083	40.380
 1.084	40.332
 1.085	40.283
 1.086	40.237
 1.087	40.193
 1.088	40.144
 1.089	40.090
 1.090	40.041
 1.091	39.982
 1.092	39.900
 1.093	39.841
 1.094	39.803
 1.095	39.744
 1.096	39.684
 1.097	39.618
 1.098	39.536
 1.099	39.457
 1.100	39.374
 1.101	39.301
 1.102	39.230
 1.103	39.158
 1.104	39.108
 1.105	39.050
 1.106	38.976
 1.107	38.896
 1.108	38.808
 1.109	38.697
 1.110	38.606
 1.111	38.521
 1.112	38.432
 1.113	38.349
 1.114	38.263
 1.115	38.186
 1.116	38.090
 1.117	37.993
 1.118	37.880
 1.119	37.750
 1.120	37.604
 1.121	37.470
 1.122	37.323
 1.123	37.144
 1.124	36.948
 1.125	36.732
 1.126	36.489
 1.127	36.226
 1.128	35.955
 1.129	35.653
 1.130	35.321
 1.131	34.969
 1.132	34.608
 1.133	34.208
 1.134	33.766
 1.135	33.318
 1.136	32.846
 1.137	32.354
 1.138	31.868
 1.139	31.376
 1.140	30.867
 1.141	30.369
 1.142	29.880
 1.143	29.402
 1.144	28.944
 1.145	28.504
 1.146	28.077
 1.147	27.645
 1.148	27.266
 1.149	26.916
 1.150	26.590
 1.151	26.309
 1.152	26.031
 1.153	25.756
 1.154	25.516
 1.155	25.293
 1.156	25.098
 1.157	24.944
 1.158	24.813
 1.159	24.691
 1.160	24.581
 1.161	24.481
 1.162	24.389
 1.163	24.314
 1.164	24.255
 1.165	24.197
 1.166	24.150
 1.167	24.098
 1.168	24.043
 1.169	24.002
 1.170	23.967
 1.171	23.933
 1.172	23.911
 1.173	23.884
 1.174	23.849
 1.175	23.825
 1.176	23.812
 1.177	23.791
 1.178	23.770
 1.179	23.751
 1.180	23.728
 1.181	23.703
 1.182	23.682
 1.183	23.653
 1.184	23.623
 1.185	23.597
 1.186	23.569
 1.187	23.540
 1.188	23.513
 1.189	23.486
 1.190	23.462
 1.191	23.438
 1.192	23.426
 1.193	23.422
 1.194	23.412
 1.195	23.407
 1.196	23.400
 1.197	23.391
 1.198	23.393
 1.199	23.399
 1.200	23.413
 1.201	23.426
 1.202	23.437
 1.203	23.456
 1.204	23.478
 1.205	23.495
 1.206	23.513
 1.207	23.536
 1.208	23.559
 1.209	23.588
 1.210	23.626
 1.211	23.660
 1.212	23.692
 1.213	23.723
 1.214	23.753
 1.215	23.785
 1.216	23.812
 1.217	23.850
 1.218	23.891
 1.219	23.926
 1.220	23.966
 1.221	24.002
 1.222	24.033
 1.223	24.067
 1.224	24.097
 1.225	24.132
 1.226	24.174
 1.227	24.213
 1.228	24.255
 1.229	24.302
 1.230	24.340
 1.231	24.376
 1.232	24.414
 1.233	24.447
 1.234	24.481
 1.235	24.518
 1.236	24.552
 1.237	24.585
 1.238	24.617
 1.239	24.653
 1.240	24.690
 1.241	24.731
 1.242	24.774
 1.243	24.814
 1.244	24.844
 1.245	24.875
 1.246	24.909
 1.247	24.943
 1.248	24.977
 1.249	25.011
 1.250	25.041
 1.251	25.062
 1.252	25.078
 1.253	25.093
 1.254	25.111
 1.255	25.130
 1.256	25.153
 1.257	25.178
 1.258	25.191
 1.259	25.205
 1.260	25.224
 1.261	25.233
 1.262	25.237
 1.263	25.238
 1.264	25.233
 1.265	25.225
 1.266	25.225
 1.267	25.223
 1.268	25.224
 1.269	25.216
 1.270	25.198
 1.271	25.182
 1.272	25.159
 1.273	25.135
 1.274	25.108
 1.275	25.080
 1.276	25.049
 1.277	25.003
 1.278	24.950
 1.279	24.893
 1.280	24.835
 1.281	24.778
 1.282	24.725
 1.283	24.668
 1.284	24.605
 1.285	24.535
 1.286	24.459
 1.287	24.380
 1.288	24.301
 1.289	24.210
 1.290	24.118
 1.291	24.024
 1.292	23.921
 1.293	23.818
 1.294	23.711
 1.295	23.602
 1.296	23.483
 1.297	23.357
 1.298	23.227
 1.299	23.086
 1.300	22.949
 1.301	22.819
 1.302	22.687
 1.303	22.548
 1.304	22.402
 1.305	22.246
 1.306	22.083
 1.307	21.913
 1.308	21.742
 1.309	21.573
 1.310	21.404
 1.311	21.230
 1.312	21.043
 1.313	20.856
 1.314	20.666
 1.315	20.466
 1.316	20.272
 1.317	20.082
 1.318	19.886
 1.319	19.689
 1.320	19.493
 1.321	19.296
 1.322	19.095
 1.323	18.893
 1.324	18.690
 1.325	18.488
 1.326	18.289
 1.327	18.091
 1.328	17.883
 1.329	17.677
 1.330	17.474
 1.331	17.271
 1.332	17.081
 1.333	16.893
 1.334	16.703
 1.335	16.521
 1.336	16.340
 1.337	16.164
 1.338	15.996
 1.339	15.825
 1.340	15.660
 1.341	15.500
 1.342	15.342
 1.343	15.192
 1.344	15.047
 1.345	14.903
 1.346	14.760
 1.347	14.623
 1.348	14.485
 1.349	14.358
 1.350	14.237
 1.351	14.125
 1.352	14.013
 1.353	13.901
 1.354	13.786
 1.355	13.669
 1.356	13.555
 1.357	13.442
 1.358	13.328
 1.359	13.213
 1.360	13.096
 1.361	12.979
 1.362	12.860
 1.363	12.736
 1.364	12.609
 1.365	12.476
 1.366	12.337
 1.367	12.197
 1.368	12.047
 1.369	11.888
 1.370	11.722
 1.371	11.548
 1.372	11.366
 1.373	11.185
 1.374	11.002
 1.375	10.807
 1.376	10.602
 1.377	10.388
 1.378	10.163
 1.379	 9.938
 1.380	 9.712
 1.381	 9.485
 1.382	 9.256
 1.383	 9.023
 1.384	 8.795
 1.385	 8.567
 1.386	 8.342
 1.387	 8.116
 1.388	 7.901
 1.389	 7.691
 1.390	 7.489
 1.391	 7.300
 1.392	 7.119
 1.393	 6.945
 1.394	 6.779
 1.395	 6.623
 1.396	 6.475
 1.397	 6.338
 1.398	 6.213
 1.399	 6.094
 1.400	 5.984
 1.401	 5.882
 1.402	 5.785
 1.403	 5.694
 1.404	 5.614
 1.405	 5.542
 1.406	 5.474
 1.407	 5.414
 1.408	 5.355
 1.409	 5.298
 1.410	 5.248
 1.411	 5.202
 1.412	 5.160
 1.413	 5.122
 1.414	 5.088
 1.415	 5.056
 1.416	 5.029
 1.417	 5.001
 1.418	 4.974
 1.419	 4.953
 1.420	 4.932
 1.421	 4.914
 1.422	 4.901
 1.423	 4.882
 1.424	 4.862
 1.425	 4.846
 1.426	 4.831
 1.427	 4.815
 1.428	 4.805
 1.429	 4.792
 1.430	 4.776
 1.431	 4.767
 1.432	 4.763
 1.433	 4.757
 1.434	 4.752
 1.435	 4.745
 1.436	 4.735
 1.437	 4.724
 1.438	 4.717
 1.439	 4.715
 1.440	 4.712
 1.441	 4.710
 1.442	 4.708
 1.443	 4.703
 1.444	 4.698
 1.445	 4.694
 1.446	 4.690
 1.447	 4.692
 1.448	 4.694
 1.449	 4.696
 1.450	 4.696
 1.451	 4.689
 1.452	 4.686
 1.453	 4.685
 1.454	 4.683
 1.455	 4.687
 1.456	 4.692
 1.457	 4.693
 1.458	 4.697
 1.459	 4.697
 1.460	 4.696
 1.461	 4.702
 1.462	 4.706
 1.463	 4.716
 1.464	 4.727
 1.465	 4.733
 1.466	 4.739
 1.467	 4.745
 1.468	 4.749
 1.469	 4.758
 1.470	 4.768
 1.471	 4.778
 1.472	 4.790
 1.473	 4.802
 1.474	 4.815
 1.475	 4.827
 1.476	 4.842
 1.477	 4.855
 1.478	 4.867
 1.479	 4.883
 1.480	 4.897
 1.481	 4.913
 1.482	 4.929
 1.483	 4.940
 1.484	 4.955
 1.485	 4.969
 1.486	 4.985
 1.487	 5.006
 1.488	 5.027
 1.489	 5.046
 1.490	 5.064
 1.491	 5.080
 1.492	 5.097
 1.493	 5.109
 1.494	 5.128
 1.495	 5.151
 1.496	 5.173
 1.497	 5.197
 1.498	 5.220
 1.499	 5.241
 1.500	 5.262
 1.501	 5.281
 1.502	 5.301
 1.503	 5.319
 1.504	 5.341
 1.505	 5.365
 1.506	 5.388
 1.507	 5.410
 1.508	 5.434
 1.509	 5.459
 1.510	 5.480
 1.511	 5.505
 1.512	 5.532
 1.513	 5.554
 1.514	 5.578
 1.515	 5.604
 1.516	 5.628
 1.517	 5.655
 1.518	 5.684
 1.519	 5.712
 1.520	 5.739
 1.521	 5.767
 1.522	 5.791
 1.523	 5.815
 1.524	 5.834
 1.525	 5.853
 1.526	 5.879
 1.527	 5.904
 1.528	 5.934
 1.529	 5.965
 1.530	 5.991
 1.531	 6.018
 1.532	 6.044
 1.533	 6.073
 1.534	 6.104
 1.535	 6.130
 1.536	 6.162
 1.537	 6.192
 1.538	 6.222
 1.539	 6.258
 1.540	 6.283
 1.541	 6.309
 1.542	 6.334
 1.543	 6.359
 1.544	 6.395
 1.545	 6.429
 1.546	 6.464
 1.547	 6.498
 1.548	 6.519
 1.549	 6.541
 1.550	 6.565
 1.551	 6.586
 1.552	 6.619
 1.553	 6.655
 1.554	 6.683
 1.555	 6.716
 1.556	 6.748
 1.557	 6.775
 1.558	 6.808
 1.559	 6.838
 1.560	 6.862
 1.561	 6.887
 1.562	 6.912
 1.563	 6.940
 1.564	 6.970
 1.565	 7.001
 1.566	 7.032
 1.567	 7.063
 1.568	 7.095
 1.569	 7.127
 1.570	 7.158
 1.571	 7.185
 1.572	 7.211
 1.573	 7.239
 1.574	 7.266
 1.575	 7.299
 1.576	 7.336
 1.577	 7.367
 1.578	 7.394
 1.579	 7.426
 1.580	 7.452
 1.581	 7.477
 1.582	 7.510
 1.583	 7.533
 1.584	 7.559
 1.585	 7.586
 1.586	 7.612
 1.587	 7.645
 1.588	 7.674
 1.589	 7.704
 1.590	 7.735
 1.591	 7.759
 1.592	 7.783
 1.593	 7.808
 1.594	 7.830
 1.595	 7.854
 1.596	 7.876
 1.597	 7.896
 1.598	 7.919
 1.599	 7.941
 1.600	 7.969
 1.601	 7.999
 1.602	 8.026
 1.603	 8.052
 1.604	 8.072
 1.605	 8.094
 1.606	 8.116
 1.607	 8.139
 1.608	 8.165
 1.609	 8.188
 1.610	 8.210
 1.611	 8.233
 1.612	 8.252
 1.613	 8.271
 1.614	 8.291
 1.615	 8.302
 1.616	 8.323
 1.617	 8.353
 1.618	 8.378
 1.619	 8.409
 1.620	 8.431
 1.621	 8.448
 1.622	 8.463
 1.623	 8.477
 1.624	 8.500
 1.625	 8.518
 1.626	 8.538
 1.627	 8.563
 1.628	 8.576
 1.629	 8.593
 1.630	 8.606
 1.631	 8.622
 1.632	 8.642
 1.633	 8.661
 1.634	 8.681
 1.635	 8.699
 1.636	 8.715
 1.637	 8.728
 1.638	 8.736
 1.639	 8.751
 1.640	 8.772
 1.641	 8.790
 1.642	 8.815
 1.643	 8.830
 1.644	 8.836
 1.645	 8.847
 1.646	 8.857
 1.647	 8.868
 1.648	 8.881
 1.649	 8.892
 1.650	 8.898
 1.651	 8.902
 1.652	 8.907
 1.653	 8.913
 1.654	 8.923
 1.655	 8.933
 1.656	 8.943
 1.657	 8.950
 1.658	 8.954
 1.659	 8.958
 1.660	 8.966
 1.661	 8.973
 1.662	 8.979
 1.663	 8.992
 1.664	 8.996
 1.665	 8.997
 1.666	 8.998
 1.667	 8.995
 1.668	 8.997
 1.669	 9.003
 1.670	 9.010
 1.671	 9.019
 1.672	 9.024
 1.673	 9.026
 1.674	 9.024
 1.675	 9.021
 1.676	 9.020
 1.677	 9.012
 1.678	 9.003
 1.679	 8.999
 1.680	 8.992
 1.681	 8.992
 1.682	 8.994
 1.683	 8.982
 1.684	 8.973
 1.685	 8.967
 1.686	 8.961
 1.687	 8.963
 1.688	 8.966
 1.689	 8.968
 1.690	 8.963
 1.691	 8.956
 1.692	 8.943
 1.693	 8.916
 1.694	 8.902
 1.695	 8.894
 1.696	 8.882
 1.697	 8.878
 1.698	 8.865
 1.699	 8.841
 1.700	 8.824
 1.701	 8.806
 1.702	 8.793
 1.703	 8.787
 1.704	 8.775
 1.705	 8.767
 1.706	 8.749
 1.707	 8.722
 1.708	 8.700
 1.709	 8.670
 1.710	 8.651
 1.711	 8.639
 1.712	 8.624
 1.713	 8.616
 1.714	 8.591
 1.715	 8.560
 1.716	 8.530
 1.717	 8.495
 1.718	 8.468
 1.719	 8.452
 1.720	 8.437
 1.721	 8.417
 1.722	 8.393
 1.723	 8.371
 1.724	 8.343
 1.725	 8.320
 1.726	 8.303
 1.727	 8.279
 1.728	 8.263
 1.729	 8.247
 1.730	 8.223
 1.731	 8.201
 1.732	 8.169
 1.733	 8.143
 1.734	 8.125
 1.735	 8.102
 1.736	 8.080
 1.737	 8.056
 1.738	 8.025
 1.739	 7.998
 1.740	 7.972
 1.741	 7.946
 1.742	 7.924
 1.743	 7.896
 1.744	 7.864
 1.745	 7.834
 1.746	 7.803
 1.747	 7.772
 1.748	 7.739
 1.749	 7.710
 1.750	 7.680
 1.751	 7.652
 1.752	 7.627
 1.753	 7.599
 1.754	 7.567
 1.755	 7.537
 1.756	 7.508
 1.757	 7.489
 1.758	 7.466
 1.759	 7.442
 1.760	 7.423
 1.761	 7.379
 1.762	 7.347
 1.763	 7.312
 1.764	 7.286
 1.765	 7.275
 1.766	 7.259
 1.767	 7.245
 1.768	 7.226
 1.769	 7.201
 1.770	 7.181
 1.771	 7.156
 1.772	 7.142
 1.773	 7.141
 1.774	 7.128
 1.775	 7.117
 1.776	 7.097
 1.777	 7.062
 1.778	 7.038
 1.779	 7.012
 1.780	 6.999
 1.781	 6.997
 1.782	 6.991
 1.783	 6.991
 1.784	 6.987
 1.785	 6.981
 1.786	 6.973
 1.787	 6.964
 1.788	 6.951
 1.789	 6.948
 1.790	 6.965
 1.791	 6.965
 1.792	 6.958
 1.793	 6.952
 1.794	 6.923
 1.795	 6.917
 1.796	 6.931
 1.797	 6.937
 1.798	 6.955
 1.799	 6.959
 1.800	 6.947
 1.801	 6.945
 1.802	 6.946
 1.803	 6.942
 1.804	 6.936
 1.805	 6.936
 1.806	 6.933
 1.807	 6.936
 1.808	 6.951
 1.809	 6.950
 1.810	 6.940
 1.811	 6.932
 1.812	 6.940
 1.813	 6.937
 1.814	 6.942
 1.815	 6.955
 1.816	 6.941
 1.817	 6.936
 1.818	 6.940
 1.819	 6.945
 1.820	 6.946
 1.821	 6.958
 1.822	 6.954
 1.823	 6.921
 1.824	 6.910
 1.825	 6.904
 1.826	 6.902
 1.827	 6.923
 1.828	 6.928
 1.829	 6.930
 1.830	 6.920
 1.831	 6.867
 1.832	 6.837
 1.833	 6.818
 1.834	 6.801
 1.835	 6.771
 1.836	 6.752
 1.837	 6.758
 1.838	 6.759
 1.839	 6.740
 1.840	 6.697
 1.841	 6.668
 1.842	 6.631
 1.843	 6.606
 1.844	 6.594
 1.845	 6.580
 1.846	 6.543
 1.847	 6.528
 1.848	 6.506
 1.849	 6.470
 1.850	 6.430
 1.851	 6.395
 1.852	 6.322
 1.853	 6.258
 1.854	 6.200
 1.855	 6.150
 1.856	 6.116
 1.857	 6.064
 1.858	 6.006
 1.859	 5.937
 1.860	 5.854
 1.861	 5.763
 1.862	 5.684
 1.863	 5.618
 1.864	 5.573
 1.865	 5.524
 1.866	 5.468
 1.867	 5.401
 1.868	 5.324
 1.869	 5.243
 1.870	 5.160
 1.871	 5.074
 1.872	 4.990
 1.873	 4.906
 1.874	 4.838
 1.875	 4.774
 1.876	 4.702
 1.877	 4.635
 1.878	 4.568
 1.879	 4.501
 1.880	 4.436
 1.881	 4.378
 1.882	 4.321
 1.883	 4.260
 1.884	 4.198
 1.885	 4.145
 1.886	 4.094
 1.887	 4.042
 1.888	 3.998
 1.889	 3.949
 1.890	 3.891
 1.891	 3.843
 1.892	 3.798
 1.893	 3.747
 1.894	 3.698
 1.895	 3.661
 1.896	 3.623
 1.897	 3.589
 1.898	 3.571
 1.899	 3.572
 1.900	 3.561
 1.901	 3.548
 1.902	 3.534
 1.903	 3.524
 1.904	 3.495
 1.905	 3.466
 1.906	 3.459
 1.907	 3.443
 1.908	 3.429
 1.909	 3.412
 1.910	 3.388
 1.911	 3.374
 1.912	 3.352
 1.913	 3.346
 1.914	 3.358
 1.915	 3.369
 1.916	 3.374
 1.917	 3.365
 1.918	 3.348
 1.919	 3.333
 1.920	 3.322
 1.921	 3.318
 1.922	 3.308
 1.923	 3.300
 1.924	 3.295
 1.925	 3.292
 1.926	 3.278
 1.927	 3.279
 1.928	 3.265
 1.929	 3.255
 1.930	 3.267
 1.931	 3.281
 1.932	 3.301
 1.933	 3.315
 1.934	 3.329
 1.935	 3.334
 1.936	 3.342
 1.937	 3.337
 1.938	 3.316
 1.939	 3.295
 1.940	 3.282
 1.941	 3.267
 1.942	 3.268
 1.943	 3.281
 1.944	 3.290
 1.945	 3.305
 1.946	 3.310
 1.947	 3.312
 1.948	 3.318
 1.949	 3.321
 1.950	 3.326
 1.951	 3.342
 1.952	 3.341
 1.953	 3.352
 1.954	 3.364
 1.955	 3.367
 1.956	 3.366
 1.957	 3.373
 1.958	 3.370
 1.959	 3.374
 1.960	 3.391
 1.961	 3.405
 1.962	 3.414
 1.963	 3.435
 1.964	 3.449
 1.965	 3.460
 1.966	 3.472
 1.967	 3.473
 1.968	 3.482
 1.969	 3.501
 1.970	 3.508
 1.971	 3.514
 1.972	 3.516
 1.973	 3.514
 1.974	 3.505
 1.975	 3.490
 1.976	 3.480
 1.977	 3.489
 1.978	 3.493
 1.979	 3.503
 1.980	 3.533
 1.981	 3.547
 1.982	 3.553
 1.983	 3.560
 1.984	 3.559
 1.985	 3.564
 1.986	 3.566
 1.987	 3.579
 1.988	 3.602
 1.989	 3.633
 1.990	 3.651
 1.991	 3.659
 1.992	 3.661
 1.993	 3.644
 1.994	 3.638
 1.995	 3.623
 1.996	 3.624
 1.997	 3.633
 1.998	 3.641
 1.999	 3.652
 2.000	 3.678
 2.001	 3.697
 2.002	 3.718
 2.003	 3.745
 2.004	 3.755
 2.005	 3.763
 2.006	 3.762
 2.007	 3.762
 2.008	 3.752
 2.009	 3.756
 2.010	 3.763
 2.011	 3.772
 2.012	 3.787
 2.013	 3.804
 2.014	 3.824
 2.015	 3.830
 2.016	 3.827
 2.017	 3.838
 2.018	 3.849
 2.019	 3.860
 2.020	 3.867
 2.021	 3.881
 2.022	 3.891
 2.023	 3.899
 2.024	 3.902
 2.025	 3.903
 2.026	 3.902
 2.027	 3.888
 2.028	 3.875
 2.029	 3.882
 2.030	 3.891
 2.031	 3.898
 2.032	 3.907
 2.033	 3.924
 2.034	 3.944
 2.035	 3.964
 2.036	 4.003
 2.037	 4.025
 2.038	 4.039
 2.039	 4.046
 2.040	 4.040
 2.041	 4.039
 2.042	 4.034
 2.043	 4.034
 2.044	 4.033
 2.045	 4.033
 2.046	 4.042
 2.047	 4.058
 2.048	 4.065
 2.049	 4.076
 2.050	 4.083
 2.051	 4.072
 2.052	 4.078
 2.053	 4.095
 2.054	 4.113
 2.055	 4.151
 2.056	 4.161
 2.057	 4.173
 2.058	 4.174
 2.059	 4.167
 2.060	 4.136
 2.061	 4.137
 2.062	 4.147
 2.063	 4.155
 2.064	 4.182
 2.065	 4.197
 2.066	 4.197
 2.067	 4.215
 2.068	 4.255
 2.069	 4.273
 2.070	 4.287
 2.071	 4.296
 2.072	 4.286
 2.073	 4.277
 2.074	 4.274
 2.075	 4.272
 2.076	 4.273
 2.077	 4.274
 2.078	 4.279
 2.079	 4.283
 2.080	 4.296
 2.081	 4.320
 2.082	 4.335
 2.083	 4.359
 2.084	 4.369
 2.085	 4.355
 2.086	 4.357
 2.087	 4.360
 2.088	 4.364
 2.089	 4.373
 2.090	 4.392
 2.091	 4.406
 2.092	 4.419
 2.093	 4.430
 2.094	 4.446
 2.095	 4.456
 2.096	 4.467
 2.097	 4.468
 2.098	 4.456
 2.099	 4.457
 2.100	 4.457
 2.101	 4.457
 2.102	 4.469
 2.103	 4.476
 2.104	 4.465
 2.105	 4.469
 2.106	 4.482
 2.107	 4.505
 2.108	 4.518
 2.109	 4.538
 2.110	 4.549
 2.111	 4.547
 2.112	 4.552
 2.113	 4.555
 2.114	 4.564
 2.115	 4.577
 2.116	 4.587
 2.117	 4.597
 2.118	 4.609
 2.119	 4.619
 2.120	 4.632
 2.121	 4.645
 2.122	 4.669
 2.123	 4.681
 2.124	 4.692
 2.125	 4.688
 2.126	 4.658
 2.127	 4.673
 2.128	 4.698
 2.129	 4.726
 2.130	 4.804
 2.131	 4.829
 2.132	 4.827
 2.133	 4.823
 2.134	 4.787
 2.135	 4.770
 2.136	 4.753
 2.137	 4.740
 2.138	 4.736
 2.139	 4.736
 2.140	 4.742
 2.141	 4.747
 2.142	 4.759
 2.143	 4.782
 2.144	 4.794
 2.145	 4.812
 2.146	 4.810
 2.147	 4.787
 2.148	 4.781
 2.149	 4.760
 2.150	 4.762
 2.151	 4.788
 2.152	 4.801
 2.153	 4.826
 2.154	 4.833
 2.155	 4.812
 2.156	 4.818
 2.157	 4.841
 2.158	 4.850
 2.159	 4.879
 2.160	 4.892
 2.161	 4.876
 2.162	 4.845
 2.163	 4.839
 2.164	 4.838
 2.165	 4.836
 2.166	 4.844
 2.167	 4.855
 2.168	 4.866
 2.169	 4.876
 2.170	 4.903
 2.171	 4.913
 2.172	 4.911
 2.173	 4.906
 2.174	 4.889
 2.175	 4.883
 2.176	 4.863
 2.177	 4.867
 2.178	 4.902
 2.179	 4.917
 2.180	 4.944
 2.181	 4.954
 2.182	 4.948
 2.183	 4.932
 2.184	 4.914
 2.185	 4.882
 2.186	 4.873
 2.187	 4.865
 2.188	 4.869
 2.189	 4.899
 2.190	 4.909
 2.191	 4.919
 2.192	 4.921
 2.193	 4.913
 2.194	 4.907
 2.195	 4.891
 2.196	 4.885
 2.197	 4.883
 2.198	 4.882
 2.199	 4.891
 2.200	 4.890
 2.201	 4.877
 2.202	 4.876
 2.203	 4.876
 2.204	 4.878
 2.205	 4.882
 2.206	 4.900
 2.207	 4.910
 2.208	 4.921
 2.209	 4.918
 2.210	 4.911
 2.211	 4.906
 2.212	 4.892
 2.213	 4.886
 2.214	 4.887
 2.215	 4.888
 2.216	 4.881
 2.217	 4.893
 2.218	 4.929
 2.219	 4.941
 2.220	 4.952
 2.221	 4.960
 2.222	 4.955
 2.223	 4.948
 2.224	 4.941
 2.225	 4.933
 2.226	 4.911
 2.227	 4.897
 2.228	 4.891
 2.229	 4.880
 2.230	 4.881
 2.231	 4.853
 2.232	 4.828
 2.233	 4.809
 2.234	 4.803
 2.235	 4.802
 2.236	 4.809
 2.237	 4.833
 2.238	 4.846
 2.239	 4.856
 2.240	 4.865
 2.241	 4.883
 2.242	 4.881
 2.243	 4.877
 2.244	 4.852
 2.245	 4.781
 2.246	 4.762
 2.247	 4.760
 2.248	 4.749
 2.249	 4.765
 2.250	 4.770
 2.251	 4.751
 2.252	 4.751
 2.253	 4.767
 2.254	 4.778
 2.255	 4.808
 2.256	 4.807
 2.257	 4.781
 2.258	 4.772
 2.259	 4.755
 2.260	 4.732
 2.261	 4.723
 2.262	 4.712
 2.263	 4.650
 2.264	 4.608
 2.265	 4.628
 2.266	 4.629
 2.267	 4.624
 2.268	 4.640
 2.269	 4.641
 2.270	 4.604
 2.271	 4.606
 2.272	 4.642
 2.273	 4.661
 2.274	 4.680
 2.275	 4.692
 2.276	 4.699
 2.277	 4.704
 2.278	 4.708
 2.279	 4.699
 2.280	 4.687
 2.281	 4.666
 2.282	 4.616
 2.283	 4.594
 2.284	 4.589
 2.285	 4.574
 2.286	 4.564
 2.287	 4.551
 2.288	 4.517
 2.289	 4.510
 2.290	 4.534
 2.291	 4.548
 2.292	 4.593
 2.293	 4.593
 2.294	 4.562
 2.295	 4.525
 2.296	 4.435
 2.297	 4.387
 2.298	 4.344
 2.299	 4.335
 2.300	 4.355
 2.301	 4.388
 2.302	 4.420
 2.303	 4.429
 2.304	 4.415
 2.305	 4.398
 2.306	 4.395
 2.307	 4.384
 2.308	 4.375
 2.309	 4.364
 2.310	 4.322
 2.311	 4.313
 2.312	 4.311
 2.313	 4.329
 2.314	 4.327
 2.315	 4.325
 2.316	 4.317
 2.317	 4.299
 2.318	 4.289
 2.319	 4.281
 2.320	 4.291
 2.321	 4.302
 2.322	 4.328
 2.323	 4.391
 2.324	 4.407
 2.325	 4.411
 2.326	 4.397
 2.327	 4.337
 2.328	 4.322
 2.329	 4.327
 2.330	 4.321
 2.331	 4.317
 2.332	 4.332
 2.333	 4.365
 2.334	 4.362
 2.335	 4.372
 2.336	 4.357
 2.337	 4.270
 2.338	 4.235
 2.339	 4.227
 2.340	 4.212
 2.341	 4.222
 2.342	 4.212
 2.343	 4.179
 2.344	 4.171
 2.345	 4.154
 2.346	 4.156
 2.347	 4.206
 2.348	 4.217
 2.349	 4.216
 2.350	 4.215
 2.351	 4.196
 2.352	 4.174
 2.353	 4.143
 2.354	 4.118
 2.355	 4.084
 2.356	 4.035
 2.357	 4.028
 2.358	 4.013
 2.359	 4.018
 2.360	 4.051
 2.361	 4.061
 2.362	 4.065
 2.363	 4.038
 2.364	 4.020
 2.365	 4.029
 2.366	 4.022
 2.367	 4.033
 2.368	 4.013
 2.369	 3.999
 2.370	 4.005
 2.371	 4.010
 2.372	 4.068
 2.373	 4.094
 2.374	 4.124
 2.375	 4.151
 2.376	 4.125
 2.377	 4.092
 2.378	 4.055
 2.379	 4.041
 2.380	 4.041
 2.381	 4.080
 2.382	 4.109
 2.383	 4.133
 2.384	 4.154
 2.385	 4.080
 2.386	 4.028
 2.387	 3.968
 2.388	 3.920
 2.389	 3.974
 2.390	 3.987
 2.391	 3.986
 2.392	 4.046
 2.393	 4.051
 2.394	 4.058
 2.395	 4.118
 2.396	 4.093
 2.397	 4.035
 2.398	 3.989
 2.399	 3.885
 2.400	 3.805
 2.401	 3.823
 2.402	 3.835
 2.403	 3.878
 2.404	 3.929
 2.405	 3.881
 2.406	 3.835
 2.407	 3.798
 2.408	 3.749
 2.409	 3.745
 2.410	 3.833
 2.411	 3.901
 2.412	 3.887
 2.413	 3.900
 2.414	 3.859
 2.415	 3.838
 2.416	 3.894
 2.417	 3.898
 2.418	 3.907
 2.419	 3.898
 2.420	 3.900
 2.421	 3.936
 2.422	 3.925
 2.423	 3.925
 2.424	 3.930
 2.425	 3.887
 2.426	 3.909
 2.427	 3.987
 2.428	 3.954
 2.429	 3.913
 2.430	 3.926
 2.431	 3.886
 2.432	 3.845
 2.433	 3.800
 2.434	 3.646
 2.435	 3.519
 2.436	 3.490
 2.437	 3.483
 2.438	 3.496
 2.439	 3.528
 2.440	 3.496
 2.441	 3.495
 2.442	 3.622
 2.443	 3.663
 2.444	 3.708
 2.445	 3.824
 2.446	 3.890
 2.447	 3.849
 2.448	 3.746
 2.449	 3.635
 2.450	 3.493
 2.451	 3.575
 2.452	 3.778
 2.453	 3.797
 2.454	 3.804
 2.455	 3.747
 2.456	 3.574
 2.457	 3.564
 2.458	 3.706
 2.459	 3.758
 2.460	 3.781
 2.461	 3.827
 2.462	 3.743
 2.463	 3.767
 2.464	 3.867
 2.465	 3.882
 2.466	 3.860
 2.467	 3.775
 2.468	 3.654
 2.469	 3.530
 2.470	 3.499
 2.471	 3.547
 2.472	 3.528
 2.473	 3.517
 2.474	 3.588
 2.475	 3.650
 2.476	 3.645
 2.477	 3.709
 2.478	 3.700
 2.479	 3.507
 2.480	 3.445
 2.481	 3.513
 2.482	 3.431
 2.483	 3.450
 2.484	 3.375
 2.485	 3.251
 2.486	 3.175
 2.487	 3.109
 2.488	 3.187
 2.489	 3.285
 2.490	 3.279
 2.491	 3.459
 2.492	 3.528
 2.493	 3.263
 2.494	 3.325
 2.495	 3.287
 2.496	 3.251
 2.497	 3.710
 2.498	 3.847
 2.499	 3.864
 2.500	 3.900
 2.500	 4.641
 2.501	 4.633
 2.503	 4.587
 2.504	 4.634
 2.505	 4.663
 2.506	 4.652
 2.507	 4.621
 2.509	 4.671
 2.510	 4.620
 2.511	 4.607
 2.512	 4.587
 2.514	 4.603
 2.515	 4.599
 2.516	 4.610
 2.517	 4.616
 2.518	 4.634
 2.520	 4.625
 2.521	 4.708
 2.522	 4.672
 2.523	 4.665
 2.525	 4.665
 2.526	 4.740
 2.527	 4.708
 2.528	 4.644
 2.530	 4.633
 2.531	 4.703
 2.532	 4.733
 2.533	 4.743
 2.534	 4.651
 2.536	 4.649
 2.537	 4.688
 2.538	 4.690
 2.539	 4.674
 2.541	 4.710
 2.542	 4.677
 2.543	 4.664
 2.544	 4.608
 2.546	 4.605
 2.547	 4.614
 2.548	 4.652
 2.549	 4.618
 2.551	 4.614
 2.552	 4.641
 2.553	 4.656
 2.554	 4.640
 2.556	 4.652
 2.557	 4.641
 2.558	 4.682
 2.559	 4.645
 2.561	 4.651
 2.562	 4.693
 2.563	 4.723
 2.565	 4.647
 2.566	 4.656
 2.567	 4.676
 2.568	 4.656
 2.570	 4.615
 2.571	 4.666
 2.572	 4.660
 2.573	 4.709
 2.575	 4.677
 2.576	 4.647
 2.577	 4.638
 2.579	 4.631
 2.580	 4.581
 2.581	 4.641
 2.582	 4.647
 2.584	 4.652
 2.585	 4.606
 2.586	 4.585
 2.588	 4.571
 2.589	 4.589
 2.590	 4.623
 2.591	 4.692
 2.593	 4.669
 2.594	 4.671
 2.595	 4.605
 2.597	 4.583
 2.598	 4.585
 2.599	 4.638
 2.601	 4.656
 2.602	 4.655
 2.603	 4.596
 2.604	 4.612
 2.606	 4.536
 2.607	 4.540
 2.608	 4.503
 2.610	 4.566
 2.611	 4.624
 2.612	 4.593
 2.614	 4.575
 2.615	 4.637
 2.616	 4.610
 2.618	 4.585
 2.619	 4.524
 2.620	 4.505
 2.622	 4.501
 2.623	 4.538
 2.624	 4.562
 2.626	 4.596
 2.627	 4.533
 2.628	 4.544
 2.630	 4.528
 2.631	 4.544
 2.632	 4.506
 2.634	 4.526
 2.635	 4.524
 2.636	 4.502
 2.638	 4.474
 2.639	 4.531
 2.640	 4.518
 2.642	 4.489
 2.643	 4.407
 2.644	 4.402
 2.646	 4.429
 2.647	 4.488
 2.648	 4.482
 2.650	 4.501
 2.651	 4.468
 2.652	 4.443
 2.654	 4.416
 2.655	 4.423
 2.657	 4.357
 2.658	 4.356
 2.659	 4.347
 2.661	 4.382
 2.662	 4.350
 2.663	 4.395
 2.665	 4.384
 2.666	 4.376
 2.667	 4.369
 2.669	 4.401
 2.670	 4.383
 2.672	 4.391
 2.673	 4.341
 2.674	 4.394
 2.676	 4.408
 2.677	 4.395
 2.678	 4.342
 2.680	 4.412
 2.681	 4.369
 2.683	 4.344
 2.684	 4.364
 2.685	 4.356
 2.687	 4.319
 2.688	 4.408
 2.690	 4.359
 2.691	 4.332
 2.692	 4.283
 2.694	 4.189
 2.695	 4.141
 2.697	 4.220
 2.698	 4.223
 2.699	 4.213
 2.701	 4.236
 2.702	 4.308
 2.704	 4.283
 2.705	 4.285
 2.706	 4.269
 2.708	 4.271
 2.709	 4.266
 2.711	 4.319
 2.712	 4.246
 2.713	 4.252
 2.715	 4.243
 2.716	 4.305
 2.718	 4.296
 2.719	 4.292
 2.721	 4.286
 2.722	 4.302
 2.723	 4.270
 2.725	 4.247
 2.726	 4.217
 2.728	 4.263
 2.729	 4.240
 2.731	 4.218
 2.732	 4.192
 2.734	 4.228
 2.735	 4.227
 2.736	 4.278
 2.738	 4.236
 2.739	 4.247
 2.741	 4.248
 2.742	 4.225
 2.744	 4.165
 2.745	 4.189
 2.747	 4.182
 2.748	 4.199
 2.749	 4.218
 2.751	 4.255
 2.752	 4.210
 2.754	 4.191
 2.755	 4.187
 2.757	 4.257
 2.758	 4.206
 2.760	 4.165
 2.761	 4.195
 2.763	 4.281
 2.764	 4.241
 2.766	 4.227
 2.767	 4.211
 2.769	 4.241
 2.770	 4.254
 2.772	 4.288
 2.773	 4.269
 2.774	 4.305
 2.776	 4.277
 2.777	 4.266
 2.779	 4.209
 2.780	 4.214
 2.782	 4.213
 2.783	 4.248
 2.785	 4.238
 2.786	 4.242
 2.788	 4.185
 2.789	 4.222
 2.791	 4.223
 2.792	 4.202
 2.794	 4.192
 2.795	 4.253
 2.797	 4.276
 2.798	 4.318
 2.800	 4.271
 2.801	 4.257
 2.803	 4.234
 2.804	 4.286
 2.806	 4.283
 2.808	 4.300
 2.809	 4.263
 2.811	 4.285
 2.812	 4.236
 2.814	 4.226
 2.815	 4.227
 2.817	 4.254
 2.818	 4.242
 2.820	 4.242
 2.821	 4.206
 2.823	 4.228
 2.824	 4.206
 2.826	 4.260
 2.827	 4.285
 2.829	 4.279
 2.831	 4.242
 2.832	 4.287
 2.834	 4.216
 2.835	 4.160
 2.837	 4.168
 2.838	 4.235
 2.840	 4.190
 2.841	 4.227
 2.843	 4.254
 2.844	 4.266
 2.846	 4.209
 2.848	 4.278
 2.849	 4.262
 2.851	 4.223
 2.852	 4.193
 2.854	 4.288
 2.855	 4.346
 2.857	 4.328
 2.859	 4.204
 2.860	 4.206
 2.862	 4.221
 2.863	 4.305
 2.865	 4.259
 2.866	 4.290
 2.868	 4.322
 2.870	 4.335
 2.871	 4.347
 2.873	 4.338
 2.874	 4.211
 2.876	 4.190
 2.878	 4.176
 2.879	 4.238
 2.881	 4.238
 2.882	 4.217
 2.884	 4.243
 2.886	 4.307
 2.887	 4.262
 2.889	 4.265
 2.890	 4.225
 2.892	 4.276
 2.894	 4.271
 2.895	 4.283
 2.897	 4.233
 2.899	 4.306
 2.900	 4.290
 2.902	 4.290
 2.903	 4.284
 2.905	 4.364
 2.907	 4.337
 2.908	 4.295
 2.910	 4.247
 2.912	 4.273
 2.913	 4.236
 2.915	 4.269
 2.916	 4.282
 2.918	 4.238
 2.920	 4.208
 2.921	 4.268
 2.923	 4.302
 2.925	 4.354
 2.926	 4.313
 2.928	 4.291
 2.930	 4.293
 2.931	 4.361
 2.933	 4.359
 2.935	 4.387
 2.936	 4.328
 2.938	 4.349
 2.940	 4.313
 2.941	 4.311
 2.943	 4.337
 2.945	 4.336
 2.946	 4.322
 2.948	 4.316
 2.950	 4.291
 2.951	 4.317
 2.953	 4.265
 2.955	 4.315
 2.956	 4.338
 2.958	 4.302
 2.960	 4.271
 2.961	 4.305
 2.963	 4.277
 2.965	 4.324
 2.967	 4.334
 2.968	 4.304
 2.970	 4.258
 2.972	 4.295
 2.973	 4.246
 2.975	 4.271
 2.977	 4.284
 2.978	 4.316
 2.980	 4.305
 2.982	 4.318
 2.984	 4.339
 2.985	 4.370
 2.987	 4.274
 2.989	 4.285
 2.990	 4.282
 2.992	 4.287
 2.994	 4.288
 2.996	 4.399
 2.997	 4.390
 2.999	 4.345
 3.001	 4.313
 3.003	 4.319
 3.004	 4.277
 3.006	 4.277
 3.008	 4.290
 3.010	 4.315
 3.011	 4.288
 3.013	 4.257
 3.015	 4.252
 3.017	 4.308
 3.018	 4.300
 3.020	 4.357
 3.022	 4.304
 3.024	 4.266
 3.025	 4.303
 3.027	 4.363
 3.029	 4.330
 3.031	 4.340
 3.032	 4.301
 3.034	 4.300
 3.036	 4.292
 3.038	 4.313
 3.040	 4.314
 3.041	 4.327
 3.043	 4.262
 3.045	 4.258
 3.047	 4.253
 3.048	 4.226
 3.050	 4.170
 3.052	 4.250
 3.054	 4.280
 3.056	 4.346
 3.057	 4.308
 3.059	 4.294
 3.061	 4.284
 3.063	 4.311
 3.065	 4.229
 3.067	 4.233
 3.068	 4.271
 3.070	 4.298
 3.072	 4.286
 3.074	 4.285
 3.076	 4.243
 3.077	 4.335
 3.079	 4.344
 3.081	 4.306
 3.083	 4.242
 3.085	 4.267
 3.087	 4.293
 3.088	 4.272
 3.090	 4.192
 3.092	 4.262
 3.094	 4.283
 3.096	 4.245
 3.098	 4.242
 3.100	 4.268
 3.101	 4.234
 3.103	 4.260
 3.105	 4.270
 3.107	 4.281
 3.109	 4.252
 3.111	 4.265
 3.113	 4.223
 3.114	 4.199
 3.116	 4.171
 3.118	 4.206
 3.120	 4.274
 3.122	 4.312
 3.124	 4.230
 3.126	 4.194
 3.128	 4.206
 3.129	 4.274
 3.131	 4.282
 3.133	 4.280
 3.135	 4.281
 3.137	 4.309
 3.139	 4.259
 3.141	 4.237
 3.143	 4.217
 3.145	 4.189
 3.147	 4.171
 3.148	 4.235
 3.150	 4.201
 3.152	 4.199
 3.154	 4.184
 3.156	 4.198
 3.158	 4.196
 3.160	 4.229
 3.162	 4.188
 3.164	 4.173
 3.166	 4.141
 3.168	 4.164
 3.170	 4.202
 3.172	 4.238
 3.173	 4.221
 3.175	 4.252
 3.177	 4.226
 3.179	 4.193
 3.181	 4.136
 3.183	 4.139
 3.185	 4.126
 3.187	 4.184
 3.189	 4.164
 3.191	 4.127
 3.193	 4.120
 3.195	 4.153
 3.197	 4.156
 3.199	 4.129
 3.201	 4.082
 3.203	 4.095
 3.205	 4.079
 3.207	 4.132
 3.209	 4.135
 3.211	 4.150
 3.213	 4.158
 3.215	 4.207
 3.217	 4.138
 3.219	 4.090
 3.221	 4.058
 3.223	 4.087
 3.225	 4.103
 3.227	 4.124
 3.229	 4.095
 3.231	 4.088
 3.233	 4.080
 3.235	 4.107
 3.237	 4.114
 3.239	 4.119
 3.241	 4.083
 3.243	 4.090
 3.245	 4.096
 3.247	 4.109
 3.249	 4.056
 3.251	 4.013
 3.253	 3.980
 3.255	 4.019
 3.257	 4.035
 3.259	 4.059
 3.261	 4.058
 3.263	 4.048
 3.265	 4.014
 3.267	 4.057
 3.270	 4.061
 3.272	 4.065
 3.274	 4.038
 3.276	 4.046
 3.278	 4.008
 3.280	 3.986
 3.282	 3.974
 3.284	 4.027
 3.286	 4.026
 3.288	 4.030
 3.290	 3.993
 3.292	 3.994
 3.294	 3.979
 3.297	 3.954
 3.299	 3.934
 3.301	 3.982
 3.303	 3.952
 3.305	 3.931
 3.307	 3.948
 3.309	 3.943
 3.311	 3.912
 3.313	 3.933
 3.316	 3.939
 3.318	 3.942
 3.320	 3.859
 3.322	 3.825
 3.324	 3.815
 3.326	 3.845
 3.328	 3.829
 3.330	 3.836
 3.333	 3.803
 3.335	 3.832
 3.337	 3.823
 3.339	 3.806
 3.341	 3.766
 3.343	 3.767
 3.345	 3.761
 3.348	 3.799
 3.350	 3.791
 3.352	 3.764
 3.354	 3.698
 3.356	 3.685
 3.358	 3.671
 3.361	 3.668
 3.363	 3.610
 3.365	 3.620
 3.367	 3.594
 3.369	 3.520
 3.372	 3.459
 3.374	 3.476
 3.376	 3.493
 3.378	 3.505
 3.380	 3.456
 3.383	 3.459
 3.385	 3.458
 3.387	 3.481
 3.389	 3.441
 3.391	 3.401
 3.394	 3.389
 3.396	 3.337
 3.398	 3.257
 3.400	 3.269
 3.403	 3.230
 3.405	 3.184
 3.407	 3.144
 3.409	 3.201
 3.411	 3.257
 3.414	 3.363
 3.416	 3.567
 3.418	 3.890
 3.420	 4.364
 3.423	 5.074
 3.425	 5.894
 3.427	 6.707
 3.430	 7.180
 3.432	 7.129
 3.434	 6.702
 3.436	 6.238
 3.439	 5.873
 3.441	 5.632
 3.443	 5.384
 3.445	 5.308
 3.448	 5.275
 3.450	 5.195
 3.452	 5.089
 3.455	 5.035
 3.457	 4.969
 3.459	 4.980
 3.462	 4.939
 3.464	 4.904
 3.466	 4.863
 3.469	 4.810
 3.471	 4.759
 3.473	 4.730
 3.476	 4.643
 3.478	 4.606
 3.480	 4.564
 3.483	 4.512
 3.485	 4.422
 3.487	 4.335
 3.490	 4.209
 3.492	 4.089
 3.494	 3.954
 3.497	 3.860
 3.499	 3.811
 3.501	 3.840
 3.504	 3.946
 3.506	 4.462
 3.508	 5.565
 3.511	 6.698
 3.513	 7.021
 3.516	 6.753
 3.518	 6.360
 3.520	 6.020
 3.523	 5.777
 3.525	 5.670
 3.528	 5.537
 3.530	 5.464
 3.532	 5.327
 3.535	 5.225
 3.537	 5.166
 3.540	 5.171
 3.542	 5.130
 3.544	 5.081
 3.547	 5.055
 3.549	 5.046
 3.552	 4.988
 3.554	 4.975
 3.557	 4.966
 3.559	 4.945
 3.561	 4.927
 3.564	 4.909
 3.566	 4.882
 3.569	 4.862
 3.571	 4.844
 3.574	 4.864
 3.576	 4.828
 3.579	 4.797
 3.581	 4.769
 3.584	 4.783
 3.586	 4.803
 3.589	 4.776
 3.591	 4.692
 3.594	 4.709
 3.596	 4.757
 3.599	 4.802
 3.601	 4.791
 3.604	 4.753
 3.606	 4.728
 3.609	 4.725
 3.611	 4.701
 3.614	 4.691
 3.616	 4.699
 3.619	 4.747
 3.621	 4.714
 3.624	 4.700
 3.626	 4.701
 3.629	 4.696
 3.631	 4.698
 3.634	 4.732
 3.636	 4.681
 3.639	 4.629
 3.641	 4.586
 3.644	 4.635
 3.647	 4.669
 3.649	 4.698
 3.652	 4.672
 3.654	 4.648
 3.657	 4.622
 3.659	 4.613
 3.662	 4.596
 3.665	 4.608
 3.667	 4.610
 3.670	 4.607
 3.672	 4.601
 3.675	 4.634
 3.678	 4.642
 3.680	 4.659
 3.683	 4.648
 3.685	 4.645
 3.688	 4.640
 3.691	 4.648
 3.693	 4.621
 3.696	 4.639
 3.699	 4.638
 3.701	 4.629
 3.704	 4.591
 3.707	 4.582
 3.709	 4.577
 3.712	 4.587
 3.715	 4.617
 3.717	 4.640
 3.720	 4.610
 3.723	 4.634
 3.725	 4.629
 3.728	 4.613
 3.731	 4.604
 3.733	 4.625
 3.736	 4.635
 3.739	 4.620
 3.741	 4.609
 3.744	 4.669
 3.747	 4.671
 3.749	 4.617
 3.752	 4.614
 3.755	 4.679
 3.758	 4.674
 3.760	 4.642
 3.763	 4.642
 3.766	 4.648
 3.769	 4.599
 3.771	 4.584
 3.774	 4.572
 3.777	 4.594
 3.779	 4.597
 3.782	 4.625
 3.785	 4.637
 3.788	 4.625
 3.791	 4.609
 3.793	 4.634
 3.796	 4.634
 3.799	 4.623
 3.802	 4.603
 3.804	 4.613
 3.807	 4.629
 3.810	 4.660
 3.813	 4.629
 3.816	 4.614
 3.818	 4.615
 3.821	 4.621
 3.824	 4.604
 3.827	 4.591
 3.830	 4.587
 3.833	 4.608
 3.835	 4.582
 3.838	 4.566
 3.841	 4.568
 3.844	 4.620
 3.847	 4.610
 3.850	 4.601
 3.852	 4.601
 3.855	 4.581
 3.858	 4.582
 3.861	 4.597
 3.864	 4.592
 3.867	 4.621
 3.870	 4.608
 3.873	 4.628
 3.876	 4.612
 3.878	 4.619
 3.881	 4.603
 3.884	 4.614
 3.887	 4.590
 3.890	 4.592
 3.893	 4.589
 3.896	 4.614
 3.899	 4.623
 3.902	 4.596
 3.905	 4.575
 3.908	 4.587
 3.911	 4.578
 3.914	 4.555
 3.917	 4.528
 3.919	 4.565
 3.922	 4.599
 3.925	 4.619
 3.928	 4.607
 3.931	 4.601
 3.934	 4.598
 3.937	 4.605
 3.940	 4.599
 3.943	 4.620
 3.946	 4.587
 3.949	 4.577
 3.952	 4.563
 3.955	 4.573
 3.958	 4.591
 3.961	 4.588
 3.964	 4.577
 3.967	 4.606
 3.970	 4.606
 3.974	 4.588
 3.977	 4.552
 3.980	 4.541
 3.983	 4.531
 3.986	 4.574
 3.989	 4.609
 3.992	 4.615
 3.995	 4.607
 3.998	 4.596
 4.001	 4.566
 4.004	 4.583
 4.007	 4.575
 4.010	 4.566
 4.014	 4.559
 4.017	 4.562
 4.020	 4.545
 4.023	 4.555
 4.026	 4.554
 4.029	 4.566
 4.032	 4.559
 4.035	 4.566
 4.039	 4.563
 4.042	 4.559
 4.045	 4.544
 4.048	 4.560
 4.051	 4.559
 4.054	 4.553
 4.057	 4.508
 4.061	 4.518
 4.064	 4.535
 4.067	 4.530
 4.070	 4.537
 4.073	 4.558
 4.077	 4.535
 4.080	 4.531
 4.083	 4.542
 4.086	 4.552
 4.089	 4.563
 4.093	 4.539
 4.096	 4.523
 4.099	 4.548
 4.102	 4.520
 4.106	 4.529
 4.109	 4.537
 4.112	 4.514
 4.115	 4.487
 4.119	 4.515
 4.122	 4.501
 4.125	 4.482
 4.129	 4.512
 4.132	 4.533
 4.135	 4.510
 4.138	 4.492
 4.142	 4.488
 4.145	 4.500
 4.148	 4.484
 4.152	 4.497
 4.155	 4.526
 4.158	 4.492
 4.162	 4.480
 4.165	 4.528
 4.168	 4.527
 4.172	 4.502
 4.175	 4.466
 4.178	 4.493
 4.182	 4.475
 4.185	 4.430
 4.189	 4.427
 4.192	 4.467
 4.195	 4.492
 4.199	 4.508
 4.202	 4.491
 4.206	 4.531
 4.209	 4.601
 4.212	 4.633
 4.216	 4.632
 4.219	 4.663
 4.223	 4.659
 4.226	 4.689
 4.230	 4.705
 4.233	 4.747
 4.236	 4.690
 4.240	 4.746
 4.243	 4.749
 4.247	 4.656
 4.250	 4.630
 4.254	 4.619
 4.257	 4.579
 4.261	 4.625
 4.264	 4.694
 4.268	 4.667
 4.271	 4.561
 4.275	 4.553
 4.278	 4.539
 4.282	 4.593
 4.285	 4.615
 4.289	 4.641
 4.293	 4.633
 4.296	 4.587
 4.300	 4.566
 4.303	 4.579
 4.307	 4.538
 4.310	 4.502
 4.314	 4.520
 4.318	 4.574
 4.321	 4.532
 4.325	 4.498
 4.328	 4.512
 4.332	 4.484
 4.336	 4.474
 4.339	 4.474
 4.343	 4.465
 4.347	 4.458
 4.350	 4.431
 4.354	 4.395
 4.358	 4.366
 4.361	 4.394
 4.365	 4.423
 4.369	 4.407
 4.372	 4.401
 4.376	 4.394
 4.380	 4.368
 4.383	 4.367
 4.387	 4.388
 4.391	 4.392
 4.394	 4.378
 4.398	 4.414
 4.402	 4.413
 4.406	 4.409
 4.409	 4.402
 4.413	 4.369
 4.417	 4.351
 4.421	 4.364
 4.424	 4.360
 4.428	 4.333
 4.432	 4.299
 4.436	 4.315
 4.440	 4.327
 4.443	 4.325
 4.447	 4.346
 4.451	 4.377
 4.455	 4.356
 4.459	 4.322
 4.463	 4.327
 4.466	 4.365
 4.470	 4.371
 4.474	 4.349
 4.478	 4.314
 4.482	 4.287
 4.486	 4.308
 4.490	 4.328
 4.493	 4.360
 4.497	 4.359
 4.501	 4.307
 4.505	 4.281
 4.509	 4.304
 4.513	 4.313
 4.517	 4.330
 4.521	 4.342
 4.525	 4.342
 4.529	 4.318
 4.533	 4.290
 4.537	 4.286
 4.541	 4.292
 4.545	 4.306
 4.549	 4.280
 4.553	 4.240
 4.557	 4.260
 4.561	 4.261
 4.565	 4.251
 4.569	 4.274
 4.573	 4.305
 4.577	 4.314
 4.581	 4.292
 4.585	 4.270
 4.589	 4.247
 4.593	 4.242
 4.597	 4.287
 4.601	 4.288
 4.605	 4.291
 4.609	 4.321
 4.613	 4.323
 4.617	 4.298
 4.622	 4.288
 4.626	 4.270
 4.630	 4.252
 4.634	 4.258
 4.638	 4.252
 4.642	 4.262
 4.646	 4.291
 4.651	 4.291
 4.655	 4.259
 4.659	 4.230
 4.663	 4.220
 4.667	 4.227
 4.672	 4.272
 4.676	 4.302
 4.680	 4.282
 4.684	 4.234
 4.688	 4.233
 4.693	 4.252
 4.697	 4.279
 4.701	 4.319
 4.705	 4.309
 4.710	 4.266
 4.714	 4.304
 4.718	 4.300
 4.723	 4.265
 4.727	 4.256
 4.731	 4.258
 4.736	 4.266
 4.740	 4.265
 4.744	 4.228
 4.749	 4.209
 4.753	 4.194
 4.757	 4.237
 4.762	 4.263
 4.766	 4.244
 4.770	 4.240
 4.775	 4.249
 4.779	 4.239
 4.784	 4.232
 4.788	 4.233
 4.792	 4.247
 4.797	 4.256
 4.801	 4.263
 4.806	 4.257
 4.810	 4.255
 4.815	 4.246
 4.819	 4.214
 4.824	 4.230
 4.828	 4.269
 4.833	 4.279
 4.837	 4.281
 4.842	 4.252
 4.846	 4.220
 4.851	 4.222
 4.855	 4.251
 4.860	 4.280
 4.864	 4.284
 4.869	 4.229
 4.874	 4.228
 4.878	 4.251
 4.883	 4.250
 4.887	 4.249
 4.892	 4.212
 4.897	 4.202
 4.901	 4.267
 4.906	 4.270
 4.910	 4.225
 4.915	 4.208
 4.920	 4.203
 4.924	 4.230
 4.929	 4.249
 4.934	 4.252
 4.939	 4.246
 4.943	 4.217
 4.948	 4.229
 4.953	 4.233
 4.957	 4.234
 4.962	 4.261
 4.967	 4.286
 4.972	 4.245
 4.976	 4.252
 4.981	 4.273
 4.986	 4.278
 4.991	 4.274
 4.996	 4.303
 5.000	 4.332
 5.005	 4.279
 5.010	 4.230
 5.015	 4.249
 5.020	 4.277
 5.025	 4.296
 5.030	 4.251
 5.034	 4.210
 5.039	 4.230
 5.044	 4.273
 5.049	 4.260
 5.054	 4.244
 5.059	 4.250
 5.064	 4.250
 5.069	 4.229
 5.074	 4.267
 5.079	 4.289
 5.084	 4.295
 5.089	 4.277
 5.094	 4.252
 5.099	 4.244
 5.104	 4.286
 5.109	 4.272
 5.114	 4.275
 5.119	 4.286
 5.124	 4.313
 5.129	 4.309
 5.134	 4.288
 5.139	 4.268
 5.144	 4.259
 5.149	 4.265
 5.155	 4.299
 5.160	 4.290
 5.165	 4.317
 5.170	 4.321
 5.175	 4.294
 5.180	 4.255
 5.185	 4.270
 5.191	 4.306
 5.196	 4.315
 5.201	 4.308
 5.206	 4.292
 5.211	 4.312
 5.217	 4.352
 5.222	 4.307
 5.227	 4.275
 5.233	 4.266
 5.238	 4.272
 5.243	 4.264
 5.248	 4.250
 5.254	 4.271
 5.259	 4.304
 5.264	 4.264
 5.270	 4.253
 5.275	 4.262
 5.280	 4.300
 5.286	 4.290
 5.291	 4.292
 5.297	 4.297
 5.302	 4.260
 5.308	 4.232
 5.313	 4.231
 5.318	 4.252
 5.324	 4.290
 5.329	 4.284
 5.335	 4.278
 5.340	 4.290
 5.346	 4.292
 5.351	 4.319
 5.357	 4.341
 5.362	 4.305
 5.368	 4.287
 5.374	 4.240
 5.379	 4.241
 5.385	 4.256
 5.390	 4.244
 5.396	 4.231
 5.401	 4.260
 5.407	 4.226
 5.413	 4.254
 5.418	 4.248
 5.424	 4.213
 5.430	 4.205
 5.435	 4.246
 5.441	 4.254
 5.447	 4.266
 5.453	 4.219
 5.458	 4.213
 5.464	 4.219
 5.470	 4.223
 5.476	 4.213
 5.481	 4.231
 5.487	 4.211
 5.493	 4.245
 5.499	 4.242
 5.505	 4.216
 5.511	 4.200
 5.516	 4.195
 5.522	 4.160
 5.528	 4.142
 5.534	 4.147
 5.540	 4.175
 5.546	 4.152
 5.552	 4.190
 5.558	 4.160
 5.564	 4.139
 5.570	 4.144
 5.576	 4.187
 5.582	 4.163
 5.588	 4.139
 5.594	 4.137
 5.600	 4.124
 5.606	 4.097
 5.612	 4.109
 5.618	 4.097
 5.624	 4.087
 5.630	 4.079
 5.636	 4.107
 5.642	 4.116
 5.649	 4.113
 5.655	 4.044
 5.661	 4.029
 5.667	 3.993
 5.673	 3.985
 5.680	 3.964
 5.686	 3.957
 5.692	 3.887
 5.698	 3.842
 5.705	 3.799
 5.711	 3.796
 5.717	 3.750
 5.723	 3.701
 5.730	 3.614
 5.736	 3.562
 5.742	 3.504
 5.749	 3.602
 5.755	 3.795
 5.762	 3.989
 5.768	 4.137
 5.774	 4.230
 5.781	 4.254
 5.787	 4.228
 5.794	 4.164
 5.800	 4.225
 5.807	 4.262
 5.813	 4.293
 5.820	 4.280
 5.826	 4.331
 5.833	 4.355
 5.839	 4.399
 5.846	 4.413
 5.853	 4.458
 5.859	 4.461
 5.866	 4.526
 5.873	 4.547
 5.879	 4.567
 5.886	 4.524
 5.893	 4.508
 5.899	 4.502
 5.906	 4.572
 5.913	 4.585
 5.919	 4.593
 5.926	 4.575
 5.933	 4.586
 5.940	 4.577
 5.947	 4.608
 5.953	 4.588
 5.960	 4.602
 5.967	 4.616
 5.974	 4.598
 5.981	 4.526
 5.988	 4.562
 5.995	 4.565
 6.002	 4.577
 6.009	 4.509
 6.016	 4.551
 6.023	 4.560
 6.030	 4.565
 6.037	 4.540
 6.044	 4.537
 6.051	 4.487
 6.058	 4.540
 6.065	 4.548
 6.072	 4.557
 6.079	 4.538
 6.086	 4.503
 6.093	 4.434
 6.101	 4.514
 6.108	 4.506
 6.115	 4.509
 6.122	 4.497
 6.129	 4.519
 6.137	 4.484
 6.144	 4.483
 6.151	 4.460
 6.158	 4.528
 6.166	 4.548
 6.173	 4.553
 6.180	 4.515
 6.188	 4.536
 6.195	 4.546
 6.203	 4.571
 6.210	 4.546
 6.218	 4.581
 6.225	 4.600
 6.232	 4.651
 6.240	 4.637
 6.248	 4.641
 6.255	 4.614
 6.263	 4.641
 6.270	 4.588
 6.278	 4.557
 6.285	 4.544
 6.293	 4.617
 6.301	 4.569
 6.308	 4.582
 6.316	 4.559
 6.324	 4.551
 6.331	 4.508
 6.339	 4.519
 6.347	 4.515
 6.355	 4.565
 6.362	 4.549
 6.370	 4.497
 6.378	 4.438
 6.386	 4.492
 6.394	 4.443
 6.402	 4.424
 6.410	 4.407
 6.418	 4.462
 6.426	 4.423
 6.434	 4.418
 6.442	 4.382
 6.450	 4.379
 6.458	 4.332
 6.466	 4.337
 6.474	 4.322
 6.482	 4.345
 6.490	 4.286
 6.498	 4.256
 6.506	 4.256
 6.514	 4.316
 6.523	 4.324
 6.531	 4.344
 6.539	 4.287
 6.547	 4.314
 6.556	 4.318
 6.564	 4.312
 6.572	 4.252
 6.580	 4.242
 6.589	 4.226
 6.597	 4.254
 6.606	 4.213
 6.614	 4.217
 6.623	 4.196
 6.631	 4.240
 6.639	 4.212
 6.648	 4.248
 6.657	 4.243
 6.665	 4.231
 6.674	 4.181
 6.682	 4.180
 6.691	 4.169
 6.700	 4.147
 6.708	 4.075
 6.717	 4.143
 6.726	 4.116
 6.734	 4.116
 6.743	 4.035
 6.752	 3.989
 6.761	 3.925
 6.769	 3.916
 6.778	 3.998
 6.787	 4.385
 6.796	 4.552
 6.805	 4.373
 6.814	 4.177
 6.823	 4.239
 6.832	 4.552
 6.841	 4.932
 6.850	 4.846
 6.859	 4.657
 6.868	 4.522
 6.877	 4.533
 6.886	 4.546
 6.896	 4.566
 6.905	 4.522
 6.914	 4.532
 6.923	 4.458
 6.932	 4.468
 6.942	 4.451
 6.951	 4.503
 6.960	 4.532
 6.970	 4.516
 6.979	 4.442
 6.988	 4.488
 6.998	 4.420
 7.007	 4.419
 7.017	 4.422
 7.026	 4.480
 7.036	 4.450
 7.045	 4.413
 7.055	 4.356
 7.065	 4.419
 7.074	 4.440
 7.084	 4.502
 7.094	 4.466
 7.103	 4.478
 7.113	 4.443
 7.123	 4.479
 7.133	 4.424
 7.142	 4.393
 7.152	 4.385
 7.162	 4.375
 7.172	 4.292
 7.182	 4.364
 7.192	 4.346
 7.202	 4.347
 7.212	 4.295
 7.222	 4.292
 7.232	 4.223
 7.242	 4.256
 7.252	 4.270
 7.262	 4.337
 7.273	 4.260
 7.283	 4.277
 7.293	 4.279
 7.303	 4.326
 7.314	 4.264
 7.324	 4.264
 7.334	 4.232
 7.345	 4.290
 7.355	 4.300
 7.366	 4.337
 7.376	 4.251
 7.387	 4.265
 7.397	 4.211
 7.408	 4.268
 7.418	 4.285
 7.429	 4.271
 7.440	 4.156
 7.450	 4.195
 7.461	 4.209
 7.472	 4.234
 7.483	 4.158
 7.493	 4.210
 7.504	 4.218
 7.515	 4.232
 7.526	 4.198
 7.537	 4.249
 7.548	 4.206
 7.559	 4.225
 7.570	 4.197
 7.581	 4.244
 7.592	 4.249
 7.603	 4.278
 7.614	 4.207
 7.626	 4.246
 7.637	 4.197
 7.648	 4.236
 7.659	 4.166
 7.671	 4.138
 7.682	 4.135
 7.694	 4.189
 7.705	 4.195
 7.716	 4.239
 7.728	 4.148
 7.739	 4.142
 7.751	 4.113
 7.763	 4.130
 7.774	 4.073
 7.786	 4.121
 7.798	 4.103
 7.809	 4.137
 7.821	 4.096
 7.833	 4.135
 7.845	 4.069
 7.857	 4.089
 7.869	 4.055
 7.881	 4.091
 7.893	 4.063
 7.905	 4.133
 7.917	 4.052
 7.929	 4.044
 7.941	 4.006
 7.953	 4.054
 7.965	 3.997
 7.978	 4.019
 7.990	 4.003
 8.002	 4.075
 8.015	 4.020
 8.027	 4.071
 8.039	 4.041
 8.052	 4.122
 8.064	 4.116
 8.077	 4.163
 8.090	 4.105
 8.102	 4.162
 8.115	 4.129
 8.128	 4.193
 8.140	 4.106
 8.153	 4.119
 8.166	 4.135
 8.179	 4.212
 8.192	 4.121
 8.205	 4.110
 8.218	 4.037
 8.231	 4.111
 8.244	 4.066
 8.257	 4.129
 8.270	 4.086
 8.283	 4.103
 8.297	 4.000
 8.310	 4.016
 8.323	 3.944
 8.337	 4.038
 8.350	 3.990
 8.364	 4.063
 8.377	 4.018
 8.391	 4.069
 8.404	 4.046
 8.418	 4.146
 8.432	 4.047
 8.445	 4.039
 8.459	 3.965
 8.473	 4.004
 8.487	 4.029
 8.501	 4.105
 8.515	 3.970
 8.529	 4.087
 8.543	 4.064
 8.557	 4.133
 8.571	 4.080
 8.585	 4.172
 8.599	 4.164
 8.614	 4.275
 8.628	 4.236
 8.642	 4.304
 8.657	 4.265
 8.671	 4.364
 8.686	 4.245
 8.700	 4.198
 8.715	 4.158
 8.730	 4.285
 8.744	 4.224
 8.759	 4.276
 8.774	 4.234
 8.789	 4.311
 8.804	 4.215
 8.819	 4.243
 8.834	 4.188
 8.849	 4.296
 8.864	 4.201
 8.879	 4.291
 8.894	 4.226
 8.910	 4.177
 8.925	 4.047
 8.940	 4.200
 8.956	 4.155
 8.971	 4.232
 8.987	 4.166
 9.002	 4.186
 9.018	 4.128
 9.034	 4.247
 9.050	 4.253
 9.065	 4.353
 9.081	 4.311
 9.097	 4.369
 9.113	 4.276
 9.129	 4.298
 9.145	 4.206
 9.162	 4.289
 9.178	 4.330
 9.194	 4.451
 9.210	 4.306
 9.227	 4.304
 9.243	 4.229
 9.260	 4.282
 9.276	 4.131
 9.293	 4.227
 9.310	 4.183
 9.326	 4.238
 9.343	 4.226
 9.360	 4.335
 9.377	 4.182
 9.394	 4.212
 9.411	 4.136
 9.428	 4.212
 9.445	 4.090
 9.462	 4.215
 9.480	 4.166
 9.497	 4.243
 9.515	 4.145
 9.532	 4.218
 9.550	 4.182
 9.567	 4.240
 9.585	 4.167
 9.603	 4.241
 9.620	 4.161
 9.638	 4.245
 9.656	 4.136
 9.674	 4.196
 9.692	 4.127
 9.711	 4.240
 9.729	 4.145
 9.747	 4.192
 9.765	 4.075
 9.784	 4.195
 9.802	 4.168
 9.821	 4.203
 9.839	 4.055
 9.858	 4.113
 9.877	 4.038
 9.896	 4.146
 9.915	 4.118
 9.934	 4.140
 9.953	 4.026
 9.972	 4.134
 9.991	 4.058
10.010	 4.101
10.030	 4.014
10.049	 4.095
10.069	 4.035
10.088	 4.113
10.108	 3.991
10.128	 4.077
10.148	 3.983
10.167	 4.039
10.187	 3.954
10.207	 4.057
10.228	 4.019
10.248	 4.087
10.268	 4.025
10.289	 4.131
10.309	 4.047
10.330	 4.098
10.350	 4.029
10.371	 4.092
10.392	 3.963
10.412	 3.987
10.433	 3.970
10.454	 4.137
10.476	 4.054
10.497	 4.082
10.518	 3.930
10.539	 4.035
10.561	 4.074
10.582	 4.168
10.604	 3.955
10.626	 4.004
10.648	 3.927
10.670	 4.008
10.692	 3.969
10.714	 4.072
10.736	 3.927
10.758	 3.988
10.780	 3.886
10.803	 3.988
10.825	 3.932
10.848	 4.048
10.871	 3.917
10.894	 3.981
10.917	 3.900
10.940	 3.982
10.963	 3.899
10.986	 4.080
11.009	 3.981
11.033	 3.991
11.056	 3.902
11.080	 4.003
11.104	 3.892
11.127	 3.971
11.151	 3.869
11.175	 4.009
11.200	 3.944
11.224	 3.988
11.248	 3.837
11.273	 3.982
11.297	 3.928
11.322	 4.069
11.347	 4.013
11.372	 4.012
11.397	 3.911
11.422	 4.097
11.447	 3.988
11.472	 4.071
11.498	 4.011
11.523	 4.135
11.549	 4.075
11.575	 4.135
11.600	 4.011
11.626	 4.112
11.653	 3.910
11.679	 4.041
11.705	 4.080
11.732	 4.248
11.758	 4.148
11.785	 4.228
11.812	 4.134
11.839	 4.286
11.866	 4.146
11.893	 4.271
11.920	 4.263
11.948	 4.385
11.976	 4.210
12.003	 4.334
12.031	 4.278
12.059	 4.425
12.087	 4.310
12.115	 4.553
12.144	 4.489
12.172	 4.544
12.201	 4.406
12.230	 4.535
12.259	 4.430
12.288	 4.686
12.317	 4.616
12.346	 4.614
12.376	 4.480
12.405	 4.642
12.435	 4.576
12.465	 4.800
12.495	 4.706
12.525	 4.782
12.555	 4.605
12.586	 4.797
12.617	 4.731
12.647	 4.788
12.678	 4.628
12.709	 4.760
12.741	 4.645
12.772	 4.830
12.803	 4.709
12.835	 4.815
12.867	 4.723
12.899	 4.873
12.931	 4.756
12.964	 4.980
12.996	 4.897
13.029	 5.050
13.061	 4.762
13.094	 4.828
13.128	 4.734
13.161	 4.964
13.194	 4.799
13.228	 4.913
13.262	 4.733
13.296	 4.920
13.330	 4.866
13.364	 4.991
13.399	 4.895
13.434	 5.194
13.469	 4.979
13.504	 4.998
13.539	 4.838
13.574	 5.025
13.610	 4.920
13.646	 5.147
13.682	 5.141
13.718	 5.410
13.754	 5.123
13.791	 5.138
13.828	 4.960
13.865	 5.303
13.902	 5.442
13.939	 5.699
13.977	 5.475
14.015	 5.661
14.053	 5.370
14.091	 5.486
14.129	 5.174
14.168	 5.330
14.207	 5.058
14.246	 5.300
14.285	 5.179
14.324	 5.373
14.364	 5.167
14.404	 5.332
14.444	 5.145
14.484	 5.374
14.525	 5.123
14.566	 5.483
14.607	 5.274
14.648	 5.527
14.690	 5.295
14.731	 5.506
14.773	 5.176
14.815	 5.480
14.858	 5.201
14.901	 5.498
14.944	 5.066
14.987	 5.153
15.030	 4.791
15.074	 5.185
15.118	 4.933
15.162	 5.271
15.206	 5.115
15.251	 5.533
15.296	 5.087
15.341	 5.455
15.387	 0.000
