Name:  ALHA 77155
Type:  Stony Meteorites
Class:  Ordinary Chondrite
Subclass:  L6
Particle Size:  0-75 micrometers
Sample No.:  ALHA 77155
Owner:  JHU
Wavelength range:  IR
Origin:  Meteorite found in Antarctica in 1977.  Smithsonian sample No. USNM  ALHA 77155.12.
Collection Date: N/A
Description:  None.
Measurement:  Bidirectional reflectance
First Column:  X
Second Column:  Y
X Units:  Wavelength (micrometers)
Y Units:  Reflectance (percent)
First X Value:  25.044
Last X Value:  2.0795
Number of X Values:  2286
Additional Information: jhu.becknic.meteorite.chondrite.l6.fine.a77155.ancillary.txt

25.044	 1.248
24.924	 1.115
24.805	 1.345
24.686	 1.750
24.569	 1.634
24.454	 1.382
24.339	 1.250
24.225	 1.294
24.112	 1.344
24.001	 1.283
23.890	 1.144
23.781	 1.049
23.672	 1.164
23.564	 1.176
23.458	 1.100
23.352	 1.081
23.247	 1.178
23.144	 1.233
23.041	 1.169
22.939	 1.135
22.838	 1.088
22.738	 1.052
22.638	 1.161
22.540	 1.172
22.442	 1.108
22.345	 1.000
22.250	 1.030
22.154	 1.018
22.060	 1.003
21.967	 1.045
21.874	 0.984
21.782	 0.972
21.691	 0.994
21.601	 1.026
21.511	 1.015
21.422	 0.955
21.334	 0.992
21.247	 1.000
21.160	 0.950
21.074	 0.964
20.988	 1.016
20.904	 1.086
20.820	 1.135
20.737	 1.145
20.654	 1.208
20.572	 1.309
20.491	 1.345
20.410	 1.297
20.330	 1.338
20.251	 1.388
20.172	 1.432
20.094	 1.459
20.016	 1.424
19.939	 1.407
19.863	 1.469
19.787	 1.518
19.712	 1.498
19.637	 1.481
19.563	 1.480
19.489	 1.500
19.416	 1.516
19.344	 1.502
19.272	 1.479
19.201	 1.449
19.130	 1.434
19.059	 1.373
18.990	 1.310
18.920	 1.291
18.851	 1.289
18.783	 1.264
18.715	 1.264
18.648	 1.290
18.581	 1.279
18.515	 1.304
18.449	 1.353
18.384	 1.321
18.319	 1.236
18.254	 1.262
18.190	 1.280
18.126	 1.260
18.063	 1.236
18.001	 1.246
17.938	 1.227
17.876	 1.197
17.815	 1.196
17.754	 1.197
17.693	 1.189
17.633	 1.192
17.573	 1.181
17.514	 1.137
17.455	 1.145
17.396	 1.160
17.338	 1.128
17.280	 1.105
17.223	 1.109
17.166	 1.121
17.109	 1.115
17.053	 1.085
16.997	 1.050
16.942	 1.050
16.886	 1.067
16.832	 1.073
16.777	 1.060
16.723	 1.045
16.669	 1.062
16.616	 1.055
16.563	 1.054
16.510	 1.049
16.458	 1.039
16.406	 1.036
16.354	 1.018
16.302	 1.011
16.251	 1.002
16.200	 0.968
16.150	 0.959
16.100	 0.979
16.050	 0.964
16.000	 0.934
15.951	 0.906
15.902	 0.895
15.854	 0.882
15.805	 0.834
15.757	 0.785
15.710	 0.784
15.662	 0.805
15.615	 0.809
15.568	 0.782
15.521	 0.792
15.475	 0.765
15.429	 0.752
15.383	 0.768
15.338	 0.746
15.292	 0.713
15.248	 0.728
15.203	 0.763
15.158	 0.784
15.114	 0.819
15.070	 0.864
15.027	 0.881
14.983	 0.892
14.940	 0.924
14.897	 0.972
14.854	 0.986
14.812	 0.971
14.770	 0.988
14.728	 0.990
14.686	 1.031
14.645	 1.049
14.603	 1.045
14.562	 1.100
14.521	 1.140
14.481	 1.150
14.441	 1.172
14.400	 1.201
14.361	 1.224
14.321	 1.238
14.281	 1.238
14.242	 1.266
14.203	 1.301
14.164	 1.304
14.126	 1.296
14.087	 1.301
14.049	 1.312
14.011	 1.310
13.973	 1.311
13.936	 1.302
13.899	 1.300
13.861	 1.300
13.824	 1.302
13.788	 1.291
13.751	 1.297
13.715	 1.302
13.679	 1.315
13.643	 1.363
13.607	 1.393
13.571	 1.410
13.536	 1.444
13.500	 1.439
13.465	 1.459
13.430	 1.487
13.396	 1.506
13.361	 1.568
13.327	 1.621
13.293	 1.660
13.259	 1.696
13.225	 1.713
13.191	 1.729
13.158	 1.748
13.124	 1.766
13.091	 1.787
13.058	 1.790
13.026	 1.800
12.993	 1.808
12.960	 1.809
12.928	 1.802
12.896	 1.805
12.864	 1.811
12.832	 1.796
12.800	 1.785
12.769	 1.784
12.737	 1.769
12.706	 1.755
12.675	 1.754
12.644	 1.762
12.614	 1.747
12.583	 1.733
12.552	 1.732
12.522	 1.727
12.492	 1.720
12.462	 1.718
12.432	 1.692
12.402	 1.698
12.373	 1.703
12.343	 1.681
12.314	 1.658
12.285	 1.640
12.256	 1.617
12.227	 1.599
12.198	 1.570
12.169	 1.512
12.141	 1.460
12.113	 1.424
12.084	 1.404
12.056	 1.361
12.028	 1.320
12.000	 1.294
11.973	 1.262
11.945	 1.224
11.918	 1.191
11.890	 1.180
11.863	 1.169
11.836	 1.173
11.809	 1.193
11.782	 1.215
11.755	 1.239
11.729	 1.261
11.702	 1.272
11.676	 1.290
11.650	 1.315
11.624	 1.328
11.598	 1.358
11.572	 1.408
11.546	 1.451
11.520	 1.496
11.495	 1.532
11.469	 1.577
11.444	 1.634
11.419	 1.672
11.394	 1.698
11.369	 1.707
11.344	 1.718
11.319	 1.742
11.294	 1.740
11.270	 1.728
11.245	 1.726
11.221	 1.708
11.197	 1.678
11.173	 1.644
11.149	 1.617
11.125	 1.599
11.101	 1.588
11.077	 1.560
11.054	 1.551
11.030	 1.554
11.007	 1.549
10.983	 1.552
10.960	 1.564
10.937	 1.561
10.914	 1.575
10.891	 1.599
10.868	 1.620
10.846	 1.641
10.823	 1.677
10.800	 1.703
10.778	 1.700
10.755	 1.704
10.733	 1.721
10.711	 1.718
10.689	 1.716
10.667	 1.711
10.645	 1.704
10.623	 1.693
10.602	 1.667
10.580	 1.641
10.558	 1.607
10.537	 1.581
10.516	 1.528
10.494	 1.480
10.473	 1.472
10.452	 1.472
10.431	 1.452
10.410	 1.428
10.389	 1.400
10.368	 1.375
10.348	 1.375
10.327	 1.387
10.306	 1.394
10.286	 1.414
10.266	 1.433
10.245	 1.440
10.225	 1.429
10.205	 1.410
10.185	 1.398
10.165	 1.374
10.145	 1.343
10.125	 1.327
10.106	 1.311
10.086	 1.288
10.066	 1.266
10.047	 1.249
10.027	 1.243
10.008	 1.253
 9.989	 1.248
 9.970	 1.239
 9.950	 1.234
 9.931	 1.228
 9.912	 1.223
 9.893	 1.200
 9.875	 1.179
 9.856	 1.179
 9.837	 1.166
 9.819	 1.154
 9.800	 1.167
 9.781	 1.180
 9.763	 1.190
 9.745	 1.201
 9.726	 1.218
 9.708	 1.243
 9.690	 1.272
 9.672	 1.300
 9.654	 1.328
 9.636	 1.357
 9.618	 1.381
 9.600	 1.414
 9.582	 1.444
 9.565	 1.464
 9.547	 1.485
 9.530	 1.496
 9.512	 1.508
 9.495	 1.519
 9.477	 1.514
 9.460	 1.517
 9.443	 1.529
 9.426	 1.517
 9.409	 1.503
 9.392	 1.492
 9.375	 1.482
 9.358	 1.460
 9.341	 1.434
 9.324	 1.421
 9.307	 1.405
 9.291	 1.387
 9.274	 1.363
 9.257	 1.346
 9.241	 1.336
 9.225	 1.333
 9.208	 1.328
 9.192	 1.321
 9.175	 1.321
 9.159	 1.325
 9.143	 1.331
 9.127	 1.338
 9.111	 1.339
 9.095	 1.348
 9.079	 1.350
 9.063	 1.342
 9.047	 1.343
 9.032	 1.349
 9.016	 1.336
 9.000	 1.328
 8.985	 1.322
 8.969	 1.296
 8.954	 1.282
 8.938	 1.269
 8.923	 1.248
 8.908	 1.244
 8.892	 1.257
 8.877	 1.264
 8.862	 1.260
 8.847	 1.255
 8.832	 1.235
 8.817	 1.214
 8.802	 1.196
 8.787	 1.177
 8.772	 1.174
 8.757	 1.189
 8.742	 1.200
 8.727	 1.200
 8.713	 1.192
 8.698	 1.169
 8.684	 1.150
 8.669	 1.147
 8.655	 1.146
 8.640	 1.141
 8.626	 1.130
 8.612	 1.138
 8.597	 1.147
 8.583	 1.151
 8.569	 1.159
 8.555	 1.172
 8.541	 1.182
 8.527	 1.200
 8.513	 1.222
 8.499	 1.241
 8.485	 1.253
 8.471	 1.277
 8.457	 1.317
 8.443	 1.342
 8.430	 1.369
 8.416	 1.407
 8.402	 1.440
 8.389	 1.477
 8.375	 1.528
 8.361	 1.567
 8.348	 1.608
 8.335	 1.653
 8.321	 1.696
 8.308	 1.744
 8.295	 1.804
 8.281	 1.854
 8.268	 1.895
 8.255	 1.941
 8.242	 1.993
 8.229	 2.041
 8.216	 2.084
 8.203	 2.127
 8.190	 2.168
 8.177	 2.205
 8.164	 2.246
 8.151	 2.283
 8.138	 2.323
 8.126	 2.366
 8.113	 2.397
 8.100	 2.429
 8.088	 2.471
 8.075	 2.503
 8.062	 2.537
 8.050	 2.576
 8.037	 2.610
 8.025	 2.643
 8.013	 2.679
 8.000	 2.716
 7.988	 2.753
 7.976	 2.789
 7.963	 2.815
 7.951	 2.844
 7.939	 2.879
 7.927	 2.905
 7.915	 2.924
 7.903	 2.951
 7.891	 2.986
 7.879	 3.021
 7.867	 3.050
 7.855	 3.069
 7.843	 3.095
 7.831	 3.128
 7.819	 3.154
 7.808	 3.179
 7.796	 3.201
 7.784	 3.223
 7.772	 3.245
 7.761	 3.272
 7.749	 3.298
 7.737	 3.321
 7.726	 3.342
 7.715	 3.362
 7.703	 3.377
 7.692	 3.393
 7.680	 3.408
 7.669	 3.418
 7.657	 3.431
 7.646	 3.442
 7.635	 3.451
 7.624	 3.459
 7.613	 3.475
 7.601	 3.493
 7.590	 3.508
 7.579	 3.529
 7.568	 3.544
 7.557	 3.554
 7.546	 3.574
 7.535	 3.600
 7.524	 3.617
 7.513	 3.631
 7.502	 3.650
 7.492	 3.673
 7.481	 3.699
 7.470	 3.711
 7.459	 3.727
 7.449	 3.744
 7.438	 3.755
 7.427	 3.774
 7.417	 3.793
 7.406	 3.808
 7.395	 3.831
 7.385	 3.853
 7.374	 3.871
 7.364	 3.892
 7.353	 3.916
 7.343	 3.936
 7.333	 3.960
 7.322	 3.982
 7.312	 4.003
 7.302	 4.020
 7.291	 4.028
 7.281	 4.041
 7.271	 4.064
 7.261	 4.088
 7.251	 4.106
 7.240	 4.127
 7.230	 4.145
 7.220	 4.166
 7.210	 4.183
 7.200	 4.199
 7.190	 4.223
 7.180	 4.243
 7.170	 4.255
 7.160	 4.271
 7.151	 4.285
 7.141	 4.297
 7.131	 4.313
 7.121	 4.332
 7.111	 4.352
 7.102	 4.373
 7.092	 4.392
 7.082	 4.412
 7.072	 4.428
 7.063	 4.447
 7.053	 4.467
 7.044	 4.486
 7.034	 4.506
 7.025	 4.523
 7.015	 4.548
 7.006	 4.576
 6.996	 4.591
 6.987	 4.609
 6.977	 4.625
 6.968	 4.634
 6.959	 4.647
 6.949	 4.660
 6.940	 4.674
 6.931	 4.692
 6.921	 4.705
 6.912	 4.710
 6.903	 4.718
 6.894	 4.731
 6.885	 4.736
 6.875	 4.736
 6.866	 4.735
 6.857	 4.747
 6.848	 4.760
 6.839	 4.772
 6.830	 4.787
 6.821	 4.798
 6.812	 4.795
 6.803	 4.807
 6.794	 4.818
 6.785	 4.827
 6.777	 4.844
 6.768	 4.858
 6.759	 4.865
 6.750	 4.875
 6.741	 4.886
 6.733	 4.888
 6.724	 4.889
 6.715	 4.884
 6.707	 4.881
 6.698	 4.886
 6.689	 4.886
 6.681	 4.879
 6.672	 4.877
 6.663	 4.878
 6.655	 4.871
 6.646	 4.853
 6.638	 4.837
 6.629	 4.846
 6.621	 4.853
 6.612	 4.850
 6.604	 4.854
 6.596	 4.858
 6.587	 4.856
 6.579	 4.860
 6.571	 4.873
 6.562	 4.887
 6.554	 4.893
 6.546	 4.901
 6.537	 4.911
 6.529	 4.919
 6.521	 4.925
 6.513	 4.931
 6.505	 4.932
 6.496	 4.929
 6.488	 4.927
 6.480	 4.937
 6.472	 4.948
 6.464	 4.954
 6.456	 4.953
 6.448	 4.955
 6.440	 4.951
 6.432	 4.944
 6.424	 4.939
 6.416	 4.930
 6.408	 4.933
 6.400	 4.932
 6.392	 4.925
 6.384	 4.917
 6.377	 4.905
 6.369	 4.889
 6.361	 4.873
 6.353	 4.855
 6.345	 4.832
 6.338	 4.822
 6.330	 4.813
 6.322	 4.802
 6.314	 4.789
 6.307	 4.782
 6.299	 4.780
 6.291	 4.778
 6.284	 4.772
 6.276	 4.768
 6.269	 4.766
 6.261	 4.766
 6.253	 4.763
 6.246	 4.754
 6.239	 4.752
 6.231	 4.752
 6.223	 4.748
 6.216	 4.744
 6.209	 4.742
 6.201	 4.737
 6.194	 4.728
 6.186	 4.724
 6.179	 4.738
 6.172	 4.747
 6.164	 4.741
 6.157	 4.739
 6.150	 4.743
 6.142	 4.743
 6.135	 4.736
 6.128	 4.736
 6.121	 4.725
 6.113	 4.707
 6.106	 4.697
 6.099	 4.678
 6.092	 4.656
 6.085	 4.635
 6.078	 4.605
 6.070	 4.571
 6.063	 4.538
 6.056	 4.500
 6.049	 4.458
 6.042	 4.449
 6.035	 4.447
 6.028	 4.438
 6.021	 4.428
 6.014	 4.425
 6.007	 4.440
 6.000	 4.457
 5.993	 4.475
 5.986	 4.503
 5.979	 4.530
 5.973	 4.562
 5.966	 4.602
 5.959	 4.642
 5.952	 4.679
 5.945	 4.705
 5.938	 4.726
 5.931	 4.764
 5.925	 4.803
 5.918	 4.829
 5.911	 4.849
 5.904	 4.871
 5.898	 4.888
 5.891	 4.910
 5.884	 4.925
 5.878	 4.945
 5.871	 4.974
 5.864	 4.995
 5.858	 5.016
 5.851	 5.032
 5.845	 5.045
 5.838	 5.057
 5.831	 5.065
 5.825	 5.065
 5.818	 5.078
 5.812	 5.101
 5.805	 5.112
 5.799	 5.120
 5.792	 5.129
 5.786	 5.136
 5.779	 5.137
 5.773	 5.128
 5.767	 5.116
 5.760	 5.117
 5.754	 5.112
 5.747	 5.101
 5.741	 5.087
 5.735	 5.069
 5.728	 5.053
 5.722	 5.035
 5.716	 5.018
 5.709	 4.996
 5.703	 4.978
 5.697	 4.960
 5.691	 4.932
 5.684	 4.910
 5.678	 4.889
 5.672	 4.872
 5.666	 4.866
 5.660	 4.861
 5.653	 4.859
 5.647	 4.865
 5.641	 4.875
 5.635	 4.892
 5.629	 4.913
 5.623	 4.933
 5.617	 4.963
 5.611	 5.003
 5.604	 5.044
 5.598	 5.082
 5.592	 5.109
 5.586	 5.142
 5.580	 5.184
 5.574	 5.222
 5.568	 5.255
 5.562	 5.280
 5.556	 5.300
 5.551	 5.321
 5.545	 5.338
 5.539	 5.354
 5.533	 5.362
 5.527	 5.362
 5.521	 5.368
 5.515	 5.380
 5.509	 5.383
 5.503	 5.383
 5.497	 5.384
 5.492	 5.381
 5.486	 5.373
 5.480	 5.372
 5.474	 5.387
 5.468	 5.398
 5.463	 5.393
 5.457	 5.397
 5.451	 5.415
 5.446	 5.427
 5.440	 5.442
 5.434	 5.460
 5.428	 5.473
 5.423	 5.487
 5.417	 5.513
 5.411	 5.531
 5.406	 5.547
 5.400	 5.564
 5.394	 5.575
 5.389	 5.597
 5.383	 5.615
 5.378	 5.628
 5.372	 5.644
 5.367	 5.651
 5.361	 5.663
 5.356	 5.677
 5.350	 5.683
 5.345	 5.686
 5.339	 5.690
 5.333	 5.690
 5.328	 5.690
 5.322	 5.695
 5.317	 5.693
 5.312	 5.680
 5.306	 5.675
 5.301	 5.673
 5.295	 5.663
 5.290	 5.646
 5.285	 5.642
 5.279	 5.640
 5.274	 5.630
 5.268	 5.625
 5.263	 5.617
 5.258	 5.614
 5.252	 5.614
 5.247	 5.615
 5.242	 5.613
 5.237	 5.606
 5.231	 5.604
 5.226	 5.606
 5.221	 5.612
 5.215	 5.608
 5.210	 5.602
 5.205	 5.601
 5.200	 5.597
 5.194	 5.589
 5.189	 5.586
 5.184	 5.582
 5.179	 5.580
 5.174	 5.578
 5.169	 5.581
 5.163	 5.591
 5.158	 5.601
 5.153	 5.607
 5.148	 5.621
 5.143	 5.639
 5.138	 5.656
 5.133	 5.675
 5.128	 5.691
 5.123	 5.704
 5.118	 5.719
 5.113	 5.739
 5.107	 5.755
 5.103	 5.767
 5.098	 5.780
 5.093	 5.793
 5.088	 5.805
 5.082	 5.823
 5.077	 5.836
 5.073	 5.847
 5.068	 5.864
 5.063	 5.876
 5.058	 5.888
 5.053	 5.907
 5.048	 5.919
 5.043	 5.930
 5.038	 5.942
 5.033	 5.957
 5.028	 5.964
 5.023	 5.968
 5.019	 5.982
 5.014	 5.992
 5.009	 5.992
 5.004	 5.999
 4.999	 6.008
 4.994	 6.012
 4.990	 6.012
 4.985	 6.013
 4.980	 6.021
 4.975	 6.041
 4.970	 6.053
 4.966	 6.064
 4.961	 6.076
 4.956	 6.090
 4.951	 6.111
 4.947	 6.128
 4.942	 6.151
 4.937	 6.174
 4.933	 6.196
 4.928	 6.213
 4.923	 6.231
 4.919	 6.255
 4.914	 6.280
 4.909	 6.299
 4.905	 6.321
 4.900	 6.344
 4.895	 6.353
 4.891	 6.363
 4.886	 6.379
 4.881	 6.399
 4.877	 6.409
 4.872	 6.422
 4.868	 6.432
 4.863	 6.441
 4.859	 6.457
 4.854	 6.473
 4.849	 6.486
 4.845	 6.492
 4.840	 6.503
 4.836	 6.524
 4.832	 6.543
 4.827	 6.555
 4.822	 6.571
 4.818	 6.580
 4.814	 6.590
 4.809	 6.612
 4.805	 6.635
 4.800	 6.651
 4.796	 6.673
 4.791	 6.693
 4.787	 6.712
 4.782	 6.731
 4.778	 6.742
 4.774	 6.751
 4.769	 6.765
 4.765	 6.783
 4.761	 6.801
 4.756	 6.814
 4.752	 6.827
 4.747	 6.840
 4.743	 6.847
 4.739	 6.850
 4.734	 6.867
 4.730	 6.882
 4.726	 6.892
 4.721	 6.900
 4.717	 6.906
 4.713	 6.915
 4.709	 6.936
 4.704	 6.949
 4.700	 6.955
 4.696	 6.968
 4.691	 6.978
 4.687	 6.986
 4.683	 6.999
 4.679	 7.013
 4.675	 7.028
 4.670	 7.041
 4.666	 7.054
 4.662	 7.075
 4.658	 7.087
 4.654	 7.093
 4.649	 7.112
 4.645	 7.132
 4.641	 7.142
 4.637	 7.154
 4.633	 7.169
 4.629	 7.185
 4.625	 7.202
 4.620	 7.213
 4.616	 7.225
 4.612	 7.239
 4.608	 7.250
 4.604	 7.260
 4.600	 7.269
 4.596	 7.280
 4.592	 7.295
 4.588	 7.308
 4.584	 7.322
 4.580	 7.328
 4.576	 7.337
 4.572	 7.345
 4.567	 7.355
 4.564	 7.362
 4.559	 7.367
 4.556	 7.375
 4.551	 7.385
 4.548	 7.392
 4.543	 7.400
 4.540	 7.410
 4.536	 7.414
 4.532	 7.417
 4.528	 7.428
 4.524	 7.436
 4.520	 7.442
 4.516	 7.450
 4.512	 7.450
 4.508	 7.450
 4.504	 7.462
 4.500	 7.463
 4.496	 7.461
 4.492	 7.469
 4.488	 7.471
 4.485	 7.475
 4.481	 7.475
 4.477	 7.478
 4.473	 7.483
 4.469	 7.494
 4.465	 7.501
 4.461	 7.500
 4.458	 7.499
 4.454	 7.504
 4.450	 7.510
 4.446	 7.512
 4.442	 7.514
 4.439	 7.515
 4.435	 7.517
 4.431	 7.516
 4.427	 7.524
 4.423	 7.534
 4.420	 7.529
 4.416	 7.532
 4.412	 7.544
 4.408	 7.544
 4.404	 7.545
 4.401	 7.545
 4.397	 7.547
 4.393	 7.559
 4.390	 7.557
 4.386	 7.558
 4.382	 7.562
 4.378	 7.565
 4.375	 7.569
 4.371	 7.566
 4.367	 7.564
 4.364	 7.573
 4.360	 7.586
 4.356	 7.586
 4.353	 7.582
 4.349	 7.583
 4.346	 7.588
 4.342	 7.598
 4.338	 7.597
 4.335	 7.591
 4.331	 7.595
 4.327	 7.595
 4.324	 7.591
 4.320	 7.596
 4.316	 7.602
 4.313	 7.606
 4.309	 7.610
 4.306	 7.612
 4.302	 7.617
 4.299	 7.615
 4.295	 7.616
 4.292	 7.617
 4.288	 7.616
 4.284	 7.620
 4.281	 7.625
 4.277	 7.633
 4.274	 7.632
 4.270	 7.635
 4.267	 7.639
 4.263	 7.644
 4.260	 7.648
 4.256	 7.652
 4.253	 7.655
 4.249	 7.660
 4.246	 7.664
 4.242	 7.665
 4.239	 7.667
 4.235	 7.662
 4.232	 7.668
 4.229	 7.675
 4.225	 7.678
 4.222	 7.680
 4.218	 7.683
 4.215	 7.690
 4.211	 7.696
 4.208	 7.698
 4.205	 7.698
 4.201	 7.699
 4.198	 7.699
 4.194	 7.704
 4.191	 7.709
 4.188	 7.707
 4.184	 7.712
 4.181	 7.716
 4.177	 7.715
 4.174	 7.716
 4.171	 7.717
 4.167	 7.717
 4.164	 7.718
 4.161	 7.718
 4.157	 7.720
 4.154	 7.727
 4.151	 7.726
 4.147	 7.726
 4.144	 7.728
 4.141	 7.727
 4.137	 7.729
 4.134	 7.735
 4.131	 7.739
 4.128	 7.738
 4.124	 7.735
 4.121	 7.746
 4.118	 7.752
 4.114	 7.749
 4.111	 7.743
 4.108	 7.745
 4.105	 7.741
 4.101	 7.742
 4.098	 7.757
 4.095	 7.757
 4.092	 7.749
 4.088	 7.751
 4.085	 7.749
 4.082	 7.751
 4.079	 7.750
 4.076	 7.758
 4.072	 7.765
 4.069	 7.762
 4.066	 7.761
 4.063	 7.760
 4.060	 7.757
 4.056	 7.762
 4.053	 7.772
 4.050	 7.772
 4.047	 7.773
 4.044	 7.776
 4.041	 7.777
 4.037	 7.777
 4.034	 7.779
 4.031	 7.782
 4.028	 7.777
 4.025	 7.779
 4.022	 7.779
 4.019	 7.777
 4.016	 7.782
 4.013	 7.783
 4.009	 7.778
 4.006	 7.773
 4.003	 7.774
 4.000	 7.776
 3.997	 7.779
 3.994	 7.784
 3.991	 7.779
 3.988	 7.769
 3.985	 7.775
 3.982	 7.783
 3.979	 7.780
 3.976	 7.778
 3.973	 7.777
 3.970	 7.782
 3.966	 7.784
 3.963	 7.780
 3.960	 7.783
 3.957	 7.782
 3.954	 7.775
 3.951	 7.770
 3.948	 7.770
 3.945	 7.773
 3.942	 7.778
 3.939	 7.774
 3.936	 7.777
 3.933	 7.776
 3.930	 7.775
 3.927	 7.776
 3.924	 7.776
 3.921	 7.769
 3.918	 7.763
 3.916	 7.764
 3.913	 7.764
 3.910	 7.765
 3.907	 7.762
 3.904	 7.760
 3.901	 7.759
 3.898	 7.759
 3.895	 7.757
 3.892	 7.753
 3.889	 7.756
 3.886	 7.761
 3.883	 7.756
 3.880	 7.746
 3.877	 7.745
 3.875	 7.746
 3.872	 7.741
 3.869	 7.736
 3.866	 7.742
 3.863	 7.749
 3.860	 7.740
 3.857	 7.733
 3.854	 7.733
 3.852	 7.730
 3.849	 7.729
 3.846	 7.733
 3.843	 7.726
 3.840	 7.721
 3.837	 7.724
 3.834	 7.725
 3.832	 7.716
 3.829	 7.718
 3.826	 7.720
 3.823	 7.720
 3.820	 7.720
 3.817	 7.715
 3.815	 7.705
 3.812	 7.700
 3.809	 7.701
 3.806	 7.695
 3.804	 7.691
 3.801	 7.695
 3.798	 7.696
 3.795	 7.692
 3.792	 7.687
 3.790	 7.691
 3.787	 7.690
 3.784	 7.684
 3.781	 7.678
 3.779	 7.673
 3.776	 7.670
 3.773	 7.676
 3.770	 7.679
 3.768	 7.670
 3.765	 7.660
 3.762	 7.659
 3.759	 7.662
 3.757	 7.657
 3.754	 7.653
 3.751	 7.648
 3.748	 7.649
 3.746	 7.647
 3.743	 7.649
 3.740	 7.647
 3.738	 7.635
 3.735	 7.630
 3.732	 7.626
 3.730	 7.625
 3.727	 7.623
 3.724	 7.617
 3.722	 7.616
 3.719	 7.613
 3.716	 7.613
 3.714	 7.612
 3.711	 7.602
 3.708	 7.599
 3.706	 7.600
 3.703	 7.598
 3.700	 7.589
 3.698	 7.587
 3.695	 7.586
 3.692	 7.575
 3.690	 7.567
 3.687	 7.567
 3.684	 7.564
 3.682	 7.560
 3.679	 7.557
 3.677	 7.553
 3.674	 7.552
 3.671	 7.551
 3.669	 7.545
 3.666	 7.535
 3.664	 7.536
 3.661	 7.545
 3.659	 7.534
 3.656	 7.521
 3.653	 7.523
 3.651	 7.518
 3.648	 7.512
 3.646	 7.515
 3.643	 7.512
 3.641	 7.510
 3.638	 7.511
 3.635	 7.503
 3.633	 7.492
 3.630	 7.494
 3.628	 7.501
 3.625	 7.493
 3.623	 7.481
 3.620	 7.473
 3.618	 7.470
 3.615	 7.467
 3.613	 7.459
 3.610	 7.452
 3.608	 7.452
 3.605	 7.456
 3.603	 7.450
 3.600	 7.446
 3.598	 7.444
 3.595	 7.437
 3.593	 7.423
 3.590	 7.420
 3.588	 7.418
 3.585	 7.406
 3.583	 7.400
 3.580	 7.400
 3.578	 7.399
 3.575	 7.396
 3.573	 7.393
 3.570	 7.384
 3.568	 7.371
 3.565	 7.364
 3.563	 7.358
 3.561	 7.353
 3.558	 7.341
 3.556	 7.336
 3.553	 7.337
 3.551	 7.336
 3.548	 7.325
 3.546	 7.314
 3.543	 7.306
 3.541	 7.298
 3.539	 7.295
 3.536	 7.285
 3.534	 7.272
 3.531	 7.263
 3.529	 7.257
 3.527	 7.257
 3.524	 7.243
 3.522	 7.228
 3.519	 7.221
 3.517	 7.201
 3.515	 7.175
 3.512	 7.158
 3.510	 7.135
 3.507	 7.123
 3.505	 7.117
 3.503	 7.101
 3.500	 7.093
 3.498	 7.094
 3.496	 7.098
 3.493	 7.103
 3.491	 7.114
 3.489	 7.117
 3.486	 7.109
 3.484	 7.110
 3.482	 7.104
 3.479	 7.100
 3.477	 7.103
 3.475	 7.096
 3.472	 7.088
 3.470	 7.089
 3.468	 7.086
 3.465	 7.072
 3.463	 7.066
 3.461	 7.058
 3.458	 7.054
 3.456	 7.045
 3.454	 7.031
 3.451	 7.016
 3.449	 7.004
 3.447	 6.998
 3.445	 6.986
 3.442	 6.976
 3.440	 6.963
 3.438	 6.945
 3.436	 6.936
 3.433	 6.923
 3.431	 6.902
 3.429	 6.882
 3.426	 6.854
 3.424	 6.828
 3.422	 6.814
 3.420	 6.801
 3.417	 6.792
 3.415	 6.784
 3.413	 6.793
 3.411	 6.798
 3.408	 6.800
 3.406	 6.804
 3.404	 6.817
 3.402	 6.830
 3.399	 6.828
 3.397	 6.830
 3.395	 6.836
 3.393	 6.835
 3.391	 6.830
 3.388	 6.823
 3.386	 6.815
 3.384	 6.812
 3.382	 6.803
 3.380	 6.800
 3.377	 6.795
 3.375	 6.786
 3.373	 6.792
 3.371	 6.803
 3.369	 6.805
 3.366	 6.807
 3.364	 6.799
 3.362	 6.794
 3.360	 6.793
 3.358	 6.784
 3.355	 6.780
 3.353	 6.774
 3.351	 6.768
 3.349	 6.760
 3.347	 6.761
 3.345	 6.764
 3.342	 6.756
 3.340	 6.742
 3.338	 6.741
 3.336	 6.740
 3.334	 6.733
 3.332	 6.721
 3.330	 6.718
 3.327	 6.715
 3.325	 6.710
 3.323	 6.703
 3.321	 6.693
 3.319	 6.687
 3.317	 6.679
 3.315	 6.668
 3.313	 6.667
 3.310	 6.659
 3.308	 6.654
 3.306	 6.649
 3.304	 6.637
 3.302	 6.626
 3.300	 6.623
 3.298	 6.624
 3.296	 6.611
 3.294	 6.592
 3.292	 6.586
 3.289	 6.589
 3.287	 6.582
 3.285	 6.570
 3.283	 6.563
 3.281	 6.551
 3.279	 6.539
 3.277	 6.529
 3.275	 6.524
 3.273	 6.521
 3.271	 6.512
 3.269	 6.510
 3.267	 6.498
 3.265	 6.484
 3.263	 6.482
 3.260	 6.473
 3.258	 6.461
 3.256	 6.453
 3.254	 6.440
 3.252	 6.436
 3.250	 6.436
 3.248	 6.432
 3.246	 6.416
 3.244	 6.409
 3.242	 6.405
 3.240	 6.395
 3.238	 6.385
 3.236	 6.373
 3.234	 6.367
 3.232	 6.358
 3.230	 6.354
 3.228	 6.352
 3.226	 6.341
 3.224	 6.330
 3.222	 6.322
 3.220	 6.317
 3.218	 6.311
 3.216	 6.304
 3.214	 6.294
 3.212	 6.285
 3.210	 6.277
 3.208	 6.270
 3.206	 6.256
 3.204	 6.249
 3.202	 6.240
 3.200	 6.237
 3.198	 6.235
 3.196	 6.222
 3.194	 6.217
 3.192	 6.199
 3.190	 6.187
 3.188	 6.191
 3.186	 6.184
 3.184	 6.174
 3.182	 6.170
 3.180	 6.158
 3.179	 6.144
 3.177	 6.132
 3.175	 6.133
 3.173	 6.128
 3.171	 6.112
 3.169	 6.099
 3.167	 6.104
 3.165	 6.106
 3.163	 6.092
 3.161	 6.087
 3.159	 6.077
 3.157	 6.061
 3.155	 6.052
 3.153	 6.048
 3.151	 6.045
 3.150	 6.035
 3.148	 6.026
 3.146	 6.041
 3.144	 6.029
 3.142	 6.005
 3.140	 5.999
 3.138	 5.988
 3.136	 5.980
 3.134	 5.981
 3.132	 5.980
 3.131	 5.968
 3.129	 5.948
 3.127	 5.947
 3.125	 5.945
 3.123	 5.934
 3.121	 5.923
 3.119	 5.922
 3.117	 5.918
 3.115	 5.914
 3.114	 5.909
 3.112	 5.905
 3.110	 5.896
 3.108	 5.890
 3.106	 5.887
 3.104	 5.880
 3.102	 5.879
 3.101	 5.873
 3.099	 5.863
 3.097	 5.852
 3.095	 5.852
 3.093	 5.856
 3.091	 5.849
 3.090	 5.838
 3.088	 5.829
 3.086	 5.829
 3.084	 5.821
 3.082	 5.821
 3.080	 5.815
 3.079	 5.805
 3.077	 5.799
 3.075	 5.796
 3.073	 5.787
 3.071	 5.776
 3.069	 5.776
 3.067	 5.777
 3.066	 5.778
 3.064	 5.767
 3.062	 5.756
 3.060	 5.765
 3.058	 5.766
 3.057	 5.763
 3.055	 5.754
 3.053	 5.742
 3.051	 5.736
 3.050	 5.734
 3.048	 5.722
 3.046	 5.716
 3.044	 5.712
 3.042	 5.708
 3.041	 5.705
 3.039	 5.700
 3.037	 5.695
 3.035	 5.705
 3.033	 5.714
 3.032	 5.717
 3.030	 5.702
 3.028	 5.687
 3.026	 5.683
 3.025	 5.677
 3.023	 5.676
 3.021	 5.675
 3.019	 5.668
 3.018	 5.666
 3.016	 5.665
 3.014	 5.659
 3.012	 5.641
 3.010	 5.635
 3.009	 5.646
 3.007	 5.642
 3.005	 5.634
 3.004	 5.629
 3.002	 5.624
 3.000	 5.617
 2.998	 5.620
 2.997	 5.622
 2.995	 5.612
 2.993	 5.604
 2.991	 5.602
 2.990	 5.597
 2.988	 5.593
 2.986	 5.591
 2.985	 5.593
 2.983	 5.595
 2.981	 5.585
 2.979	 5.586
 2.978	 5.585
 2.976	 5.579
 2.974	 5.576
 2.973	 5.567
 2.971	 5.572
 2.969	 5.572
 2.967	 5.567
 2.966	 5.566
 2.964	 5.566
 2.962	 5.560
 2.961	 5.551
 2.959	 5.555
 2.957	 5.562
 2.956	 5.553
 2.954	 5.555
 2.952	 5.560
 2.951	 5.560
 2.949	 5.553
 2.947	 5.548
 2.946	 5.553
 2.944	 5.564
 2.942	 5.558
 2.941	 5.563
 2.939	 5.562
 2.937	 5.557
 2.936	 5.552
 2.934	 5.552
 2.932	 5.558
 2.931	 5.551
 2.929	 5.556
 2.927	 5.569
 2.926	 5.569
 2.924	 5.557
 2.922	 5.565
 2.921	 5.577
 2.919	 5.572
 2.917	 5.565
 2.916	 5.568
 2.914	 5.568
 2.912	 5.564
 2.911	 5.581
 2.909	 5.601
 2.908	 5.596
 2.906	 5.588
 2.904	 5.590
 2.903	 5.602
 2.901	 5.599
 2.899	 5.594
 2.898	 5.593
 2.896	 5.599
 2.895	 5.609
 2.893	 5.621
 2.891	 5.629
 2.890	 5.640
 2.888	 5.644
 2.886	 5.632
 2.885	 5.637
 2.883	 5.643
 2.882	 5.645
 2.880	 5.644
 2.878	 5.654
 2.877	 5.664
 2.875	 5.661
 2.874	 5.664
 2.872	 5.676
 2.870	 5.683
 2.869	 5.696
 2.867	 5.701
 2.866	 5.700
 2.864	 5.713
 2.863	 5.720
 2.861	 5.727
 2.859	 5.733
 2.858	 5.727
 2.856	 5.743
 2.855	 5.774
 2.853	 5.779
 2.852	 5.775
 2.850	 5.790
 2.848	 5.800
 2.847	 5.799
 2.845	 5.812
 2.844	 5.834
 2.842	 5.844
 2.841	 5.846
 2.839	 5.856
 2.837	 5.869
 2.836	 5.885
 2.834	 5.905
 2.833	 5.919
 2.831	 5.926
 2.830	 5.954
 2.828	 5.979
 2.827	 5.984
 2.825	 5.986
 2.824	 5.989
 2.822	 6.009
 2.821	 6.028
 2.819	 6.041
 2.817	 6.044
 2.816	 6.045
 2.814	 6.060
 2.813	 6.083
 2.811	 6.100
 2.810	 6.106
 2.808	 6.125
 2.807	 6.148
 2.805	 6.177
 2.804	 6.194
 2.802	 6.193
 2.801	 6.203
 2.799	 6.226
 2.798	 6.253
 2.796	 6.268
 2.795	 6.274
 2.793	 6.288
 2.792	 6.321
 2.790	 6.340
 2.789	 6.342
 2.787	 6.346
 2.786	 6.380
 2.784	 6.410
 2.783	 6.407
 2.781	 6.426
 2.780	 6.456
 2.778	 6.479
 2.777	 6.512
 2.775	 6.532
 2.774	 6.541
 2.772	 6.555
 2.771	 6.565
 2.769	 6.595
 2.768	 6.632
 2.766	 6.657
 2.765	 6.673
 2.763	 6.684
 2.762	 6.710
 2.760	 6.750
 2.759	 6.780
 2.757	 6.790
 2.756	 6.798
 2.755	 6.833
 2.753	 6.865
 2.752	 6.890
 2.750	 6.932
 2.749	 6.960
 2.747	 6.983
 2.746	 7.020
 2.744	 7.031
 2.743	 7.046
 2.741	 7.080
 2.740	 7.118
 2.739	 7.149
 2.737	 7.167
 2.736	 7.187
 2.734	 7.241
 2.733	 7.285
 2.731	 7.301
 2.730	 7.323
 2.728	 7.356
 2.727	 7.371
 2.726	 7.379
 2.724	 7.403
 2.723	 7.432
 2.721	 7.459
 2.720	 7.488
 2.719	 7.522
 2.717	 7.538
 2.716	 7.554
 2.714	 7.589
 2.713	 7.606
 2.711	 7.646
 2.710	 7.678
 2.708	 7.698
 2.707	 7.705
 2.706	 7.735
 2.704	 7.771
 2.703	 7.792
 2.701	 7.807
 2.700	 7.820
 2.699	 7.847
 2.697	 7.862
 2.696	 7.869
 2.695	 7.883
 2.693	 7.906
 2.692	 7.921
 2.690	 7.939
 2.689	 7.962
 2.688	 7.979
 2.686	 7.974
 2.685	 7.962
 2.683	 7.981
 2.682	 8.008
 2.680	 8.012
 2.679	 8.006
 2.678	 8.001
 2.676	 7.998
 2.675	 8.023
 2.674	 8.047
 2.672	 8.052
 2.671	 8.050
 2.670	 8.058
 2.668	 8.072
 2.667	 8.072
 2.665	 8.074
 2.664	 8.076
 2.663	 8.085
 2.661	 8.096
 2.660	 8.090
 2.659	 8.084
 2.657	 8.093
 2.656	 8.097
 2.655	 8.102
 2.653	 8.110
 2.652	 8.116
 2.650	 8.114
 2.649	 8.110
 2.648	 8.105
 2.646	 8.095
 2.645	 8.087
 2.644	 8.094
 2.642	 8.097
 2.641	 8.088
 2.640	 8.078
 2.638	 8.080
 2.637	 8.091
 2.636	 8.093
 2.634	 8.091
 2.633	 8.077
 2.631	 8.079
 2.630	 8.078
 2.629	 8.089
 2.627	 8.080
 2.626	 8.072
 2.625	 8.091
 2.624	 8.096
 2.622	 8.085
 2.621	 8.076
 2.620	 8.083
 2.618	 8.090
 2.617	 8.084
 2.616	 8.070
 2.614	 8.070
 2.613	 8.072
 2.612	 8.072
 2.610	 8.074
 2.609	 8.079
 2.608	 8.064
 2.606	 8.036
 2.605	 8.032
 2.604	 8.054
 2.603	 8.063
 2.601	 8.057
 2.600	 8.067
 2.599	 8.053
 2.597	 8.033
 2.596	 8.028
 2.595	 8.026
 2.593	 8.022
 2.592	 8.031
 2.591	 8.058
 2.590	 8.047
 2.588	 8.027
 2.587	 8.021
 2.586	 8.024
 2.584	 8.028
 2.583	 8.025
 2.582	 8.027
 2.580	 8.033
 2.579	 8.035
 2.578	 8.030
 2.577	 8.007
 2.575	 7.988
 2.574	 8.002
 2.573	 8.012
 2.571	 8.014
 2.570	 8.013
 2.569	 8.017
 2.568	 8.012
 2.566	 8.002
 2.565	 7.988
 2.564	 7.992
 2.563	 7.997
 2.561	 8.006
 2.560	 8.016
 2.559	 8.004
 2.558	 7.995
 2.556	 7.995
 2.555	 7.989
 2.554	 7.971
 2.553	 7.976
 2.551	 7.986
 2.550	 7.987
 2.549	 7.975
 2.547	 7.979
 2.546	 7.981
 2.545	 7.987
 2.544	 7.984
 2.542	 7.986
 2.541	 7.987
 2.540	 7.973
 2.539	 7.962
 2.538	 7.967
 2.536	 7.988
 2.535	 7.991
 2.534	 7.952
 2.533	 7.943
 2.531	 7.970
 2.530	 7.962
 2.529	 7.956
 2.528	 7.945
 2.526	 7.935
 2.525	 7.950
 2.524	 7.946
 2.523	 7.930
 2.522	 7.926
 2.520	 7.936
 2.519	 7.939
 2.518	 7.939
 2.517	 7.926
 2.515	 7.918
 2.514	 7.911
 2.513	 7.910
 2.512	 7.920
 2.510	 7.928
 2.509	 7.929
 2.508	 7.913
 2.507	 7.915
 2.506	 7.911
 2.504	 7.909
 2.503	 7.909
 2.502	 7.910
 2.501	 7.911
 2.500	 7.893
 2.498	 7.884
 2.497	 7.881
 2.496	 7.882
 2.495	 7.891
 2.494	 7.885
 2.492	 7.886
 2.491	 7.881
 2.490	 7.871
 2.489	 7.868
 2.488	 7.856
 2.486	 7.862
 2.485	 7.878
 2.484	 7.867
 2.483	 7.858
 2.482	 7.876
 2.481	 7.870
 2.479	 7.871
 2.478	 7.882
 2.477	 7.862
 2.476	 7.843
 2.474	 7.867
 2.473	 7.871
 2.472	 7.845
 2.471	 7.833
 2.470	 7.839
 2.469	 7.844
 2.467	 7.848
 2.466	 7.812
 2.465	 7.799
 2.464	 7.818
 2.463	 7.826
 2.462	 7.812
 2.460	 7.808
 2.459	 7.828
 2.458	 7.838
 2.457	 7.842
 2.456	 7.835
 2.455	 7.824
 2.454	 7.794
 2.452	 7.788
 2.451	 7.799
 2.450	 7.793
 2.449	 7.790
 2.448	 7.796
 2.446	 7.783
 2.445	 7.785
 2.444	 7.785
 2.443	 7.783
 2.442	 7.774
 2.441	 7.766
 2.440	 7.769
 2.438	 7.774
 2.437	 7.750
 2.436	 7.728
 2.435	 7.746
 2.434	 7.769
 2.433	 7.769
 2.432	 7.745
 2.430	 7.744
 2.429	 7.769
 2.428	 7.755
 2.427	 7.743
 2.426	 7.742
 2.425	 7.730
 2.424	 7.729
 2.422	 7.739
 2.421	 7.735
 2.420	 7.721
 2.419	 7.719
 2.418	 7.727
 2.417	 7.711
 2.416	 7.710
 2.415	 7.712
 2.413	 7.723
 2.412	 7.734
 2.411	 7.728
 2.410	 7.699
 2.409	 7.683
 2.408	 7.689
 2.407	 7.703
 2.406	 7.724
 2.405	 7.704
 2.403	 7.681
 2.402	 7.679
 2.401	 7.689
 2.400	 7.702
 2.399	 7.686
 2.398	 7.685
 2.397	 7.693
 2.396	 7.689
 2.394	 7.671
 2.393	 7.671
 2.392	 7.674
 2.391	 7.694
 2.390	 7.684
 2.389	 7.660
 2.388	 7.655
 2.387	 7.678
 2.386	 7.691
 2.385	 7.679
 2.384	 7.668
 2.382	 7.651
 2.381	 7.628
 2.380	 7.634
 2.379	 7.631
 2.378	 7.625
 2.377	 7.632
 2.376	 7.633
 2.375	 7.648
 2.374	 7.652
 2.373	 7.627
 2.372	 7.623
 2.370	 7.616
 2.369	 7.601
 2.368	 7.607
 2.367	 7.621
 2.366	 7.628
 2.365	 7.617
 2.364	 7.597
 2.363	 7.592
 2.362	 7.614
 2.361	 7.634
 2.360	 7.593
 2.359	 7.595
 2.357	 7.621
 2.356	 7.611
 2.355	 7.581
 2.354	 7.580
 2.353	 7.581
 2.352	 7.585
 2.351	 7.580
 2.350	 7.563
 2.349	 7.569
 2.348	 7.588
 2.347	 7.592
 2.346	 7.580
 2.345	 7.600
 2.344	 7.606
 2.343	 7.599
 2.341	 7.580
 2.341	 7.580
 2.339	 7.582
 2.338	 7.554
 2.337	 7.562
 2.336	 7.572
 2.335	 7.564
 2.334	 7.551
 2.333	 7.546
 2.332	 7.533
 2.331	 7.537
 2.330	 7.544
 2.329	 7.533
 2.328	 7.533
 2.327	 7.536
 2.326	 7.522
 2.325	 7.528
 2.324	 7.543
 2.323	 7.530
 2.322	 7.534
 2.321	 7.540
 2.320	 7.529
 2.318	 7.506
 2.317	 7.511
 2.316	 7.518
 2.315	 7.519
 2.314	 7.497
 2.313	 7.521
 2.312	 7.523
 2.311	 7.511
 2.310	 7.514
 2.309	 7.511
 2.308	 7.524
 2.307	 7.535
 2.306	 7.518
 2.305	 7.525
 2.304	 7.527
 2.303	 7.509
 2.302	 7.485
 2.301	 7.497
 2.300	 7.539
 2.299	 7.516
 2.298	 7.481
 2.297	 7.468
 2.296	 7.478
 2.295	 7.473
 2.294	 7.497
 2.293	 7.500
 2.292	 7.469
 2.291	 7.462
 2.290	 7.480
 2.289	 7.475
 2.288	 7.457
 2.287	 7.464
 2.286	 7.479
 2.285	 7.486
 2.284	 7.478
 2.283	 7.475
 2.282	 7.449
 2.281	 7.458
 2.280	 7.456
 2.279	 7.453
 2.278	 7.436
 2.277	 7.440
 2.276	 7.445
 2.275	 7.445
 2.274	 7.460
 2.273	 7.447
 2.272	 7.420
 2.271	 7.431
 2.270	 7.430
 2.269	 7.420
 2.268	 7.428
 2.267	 7.453
 2.266	 7.442
 2.265	 7.438
 2.264	 7.428
 2.263	 7.427
 2.262	 7.434
 2.261	 7.408
 2.260	 7.420
 2.259	 7.439
 2.258	 7.415
 2.257	 7.401
 2.256	 7.400
 2.255	 7.409
 2.254	 7.409
 2.253	 7.391
 2.252	 7.359
 2.251	 7.388
 2.250	 7.435
 2.249	 7.434
 2.248	 7.412
 2.247	 7.379
 2.246	 7.362
 2.245	 7.355
 2.244	 7.381
 2.243	 7.418
 2.242	 7.430
 2.241	 7.392
 2.240	 7.397
 2.239	 7.390
 2.238	 7.375
 2.237	 7.387
 2.236	 7.386
 2.236	 7.390
 2.235	 7.387
 2.234	 7.375
 2.233	 7.356
 2.232	 7.368
 2.231	 7.350
 2.230	 7.362
 2.229	 7.371
 2.228	 7.381
 2.227	 7.351
 2.226	 7.322
 2.225	 7.325
 2.224	 7.348
 2.223	 7.379
 2.222	 7.372
 2.221	 7.354
 2.220	 7.369
 2.219	 7.357
 2.218	 7.338
 2.217	 7.320
 2.216	 7.316
 2.216	 7.326
 2.215	 7.351
 2.214	 7.339
 2.213	 7.331
 2.212	 7.321
 2.211	 7.320
 2.210	 7.330
 2.209	 7.308
 2.208	 7.305
 2.207	 7.333
 2.206	 7.325
 2.205	 7.296
 2.204	 7.276
 2.203	 7.279
 2.202	 7.302
 2.201	 7.312
 2.200	 7.297
 2.200	 7.303
 2.199	 7.330
 2.198	 7.306
 2.197	 7.286
 2.196	 7.265
 2.195	 7.259
 2.194	 7.280
 2.193	 7.304
 2.192	 7.292
 2.191	 7.292
 2.190	 7.285
 2.189	 7.299
 2.188	 7.306
 2.187	 7.292
 2.187	 7.260
 2.186	 7.255
 2.185	 7.264
 2.184	 7.273
 2.183	 7.286
 2.182	 7.263
 2.181	 7.235
 2.180	 7.250
 2.179	 7.259
 2.178	 7.240
 2.177	 7.241
 2.176	 7.248
 2.175	 7.277
 2.175	 7.253
 2.174	 7.207
 2.173	 7.208
 2.172	 7.250
 2.171	 7.263
 2.170	 7.280
 2.169	 7.248
 2.168	 7.236
 2.167	 7.250
 2.166	 7.254
 2.166	 7.247
 2.165	 7.230
 2.164	 7.224
 2.163	 7.247
 2.162	 7.251
 2.161	 7.229
 2.160	 7.216
 2.159	 7.219
 2.158	 7.193
 2.157	 7.189
 2.156	 7.222
 2.156	 7.244
 2.155	 7.238
 2.154	 7.204
 2.153	 7.211
 2.152	 7.182
 2.151	 7.191
 2.150	 7.186
 2.149	 7.185
 2.148	 7.193
 2.147	 7.219
 2.147	 7.226
 2.146	 7.219
 2.145	 7.188
 2.144	 7.166
 2.143	 7.150
 2.142	 7.180
 2.141	 7.207
 2.140	 7.205
 2.140	 7.168
 2.139	 7.169
 2.138	 7.183
 2.137	 7.176
 2.136	 7.174
 2.135	 7.149
 2.134	 7.132
 2.133	 7.130
 2.132	 7.162
 2.132	 7.207
 2.131	 7.206
 2.130	 7.173
 2.129	 7.147
 2.128	 7.145
 2.127	 7.160
 2.126	 7.159
 2.126	 7.175
 2.125	 7.156
 2.124	 7.135
 2.123	 7.173
 2.122	 7.154
 2.121	 7.128
 2.120	 7.146
 2.119	 7.166
 2.119	 7.159
 2.118	 7.168
 2.117	 7.142
 2.116	 7.118
 2.115	 7.131
 2.114	 7.130
 2.113	 7.128
 2.112	 7.172
 2.112	 7.179
 2.111	 7.119
 2.110	 7.076
 2.109	 7.125
 2.108	 7.129
 2.107	 7.117
 2.107	 7.125
 2.106	 7.114
 2.105	 7.129
 2.104	 7.113
 2.103	 7.094
 2.102	 7.112
 2.101	 7.108
 2.100	 7.108
 2.100	 7.127
 2.099	 7.122
 2.098	 7.104
 2.097	 7.106
 2.096	 7.085
 2.095	 7.075
 2.095	 7.103
 2.094	 7.100
 2.093	 7.110
 2.092	 7.133
 2.091	 7.126
 2.090	 7.099
 2.090	 7.060
 2.089	 7.051
 2.088	 7.062
 2.087	 7.057
 2.086	 7.044
 2.085	 7.051
 2.084	 7.060
 2.084	 7.082
 2.083	 7.072
 2.082	 7.069
 2.081	 7.041
 2.080	 7.045
 2.079	 7.055
