Name: Aplite
Type: Rocks
Class: Igneous
Subclass: Felsic
Particle Size: 0-75 micrometers
Sample No.: Aplite.H1
Owner: JHU
Wavelength range: All
Origin: From Boulder County, Colorado via Ward's Scientific (Cat. No. W-101)
Collection Date: N/A
Description: Powder derived from sample: fine-grained to medium-grained leucocratic rock composed of quartz, feldspar, micas and opaques.
Measurement: Directional (10 degree) hemispherical reflectance
First Column: X
Second Column: Y
X Units: Wavelength (micrometers)
Y Units: Reflectance (percent)
First X Value: 14.0112
Last X Value: 0.4000
Number of X Values: 2844
Additional Information: jhu.becknic.rock.igneous.felsic.fine.aplite1.ancillary.txt

14.011	 1.508
13.973	 1.489
13.936	 2.393
13.899	 1.969
13.861	 1.204
13.824	 2.539
13.788	 2.921
13.751	 2.895
13.715	 3.210
13.679	 2.657
13.643	 2.340
13.607	 3.122
13.571	 3.570
13.536	 2.942
13.500	 2.327
13.465	 2.284
13.430	 2.889
13.396	 2.983
13.361	 2.612
13.327	 2.670
13.293	 2.580
13.259	 2.618
13.225	 2.514
13.191	 2.351
13.158	 2.265
13.124	 2.146
13.091	 2.171
13.058	 2.263
13.026	 2.168
12.993	 1.966
12.960	 2.023
12.928	 2.091
12.896	 1.879
12.864	 1.913
12.832	 2.061
12.800	 1.972
12.769	 1.968
12.737	 1.905
12.706	 1.787
12.675	 1.726
12.644	 1.883
12.614	 2.006
12.583	 1.936
12.552	 1.993
12.522	 2.271
12.492	 2.572
12.462	 2.692
12.432	 2.681
12.402	 2.699
12.373	 2.774
12.343	 2.930
12.314	 3.179
12.285	 3.467
12.256	 4.044
12.227	 4.473
12.198	 4.751
12.169	 5.257
12.141	 5.727
12.113	 6.112
12.084	 6.450
12.056	 6.721
12.028	 7.075
12.000	 7.261
11.973	 7.399
11.945	 7.584
11.918	 7.710
11.890	 7.858
11.863	 7.867
11.836	 7.835
11.809	 7.885
11.782	 7.923
11.755	 7.947
11.729	 7.946
11.702	 7.884
11.676	 7.892
11.650	 7.929
11.624	 7.880
11.598	 7.923
11.572	 7.878
11.546	 7.776
11.520	 7.745
11.495	 7.818
11.469	 7.840
11.444	 7.789
11.419	 7.732
11.394	 7.730
11.369	 7.715
11.344	 7.674
11.319	 7.628
11.294	 7.512
11.270	 7.407
11.245	 7.346
11.221	 7.234
11.197	 7.035
11.173	 6.862
11.149	 6.718
11.125	 6.548
11.101	 6.408
11.077	 6.293
11.054	 6.085
11.030	 5.906
11.007	 5.810
10.983	 5.704
10.960	 5.617
10.937	 5.488
10.914	 5.364
10.891	 5.233
10.868	 5.081
10.846	 4.968
10.823	 4.899
10.800	 4.858
10.778	 4.771
10.756	 4.667
10.733	 4.527
10.711	 4.397
10.689	 4.324
10.667	 4.246
10.645	 4.191
10.623	 4.150
10.602	 4.101
10.580	 4.074
10.558	 4.005
10.537	 3.926
10.516	 3.912
10.494	 3.872
10.473	 3.795
10.452	 3.779
10.431	 3.766
10.410	 3.726
10.389	 3.678
10.368	 3.650
10.348	 3.630
10.327	 3.644
10.306	 3.644
10.286	 3.624
10.266	 3.626
10.245	 3.653
10.225	 3.685
10.205	 3.652
10.185	 3.676
10.165	 3.708
10.145	 3.690
10.125	 3.669
10.106	 3.703
10.086	 3.752
10.066	 3.818
10.047	 3.852
10.027	 3.901
10.008	 3.934
 9.989	 3.950
 9.970	 3.996
 9.950	 4.090
 9.931	 4.115
 9.912	 4.113
 9.893	 4.122
 9.875	 4.082
 9.856	 4.077
 9.837	 4.088
 9.819	 4.040
 9.800	 3.979
 9.781	 3.908
 9.763	 3.886
 9.745	 3.938
 9.726	 3.961
 9.708	 3.990
 9.690	 3.970
 9.672	 3.916
 9.654	 3.947
 9.636	 4.011
 9.618	 4.034
 9.600	 3.979
 9.582	 3.937
 9.565	 3.979
 9.547	 4.000
 9.530	 3.998
 9.512	 4.002
 9.495	 3.988
 9.477	 3.972
 9.460	 4.015
 9.443	 4.066
 9.426	 4.082
 9.409	 4.187
 9.392	 4.418
 9.375	 4.665
 9.358	 4.864
 9.341	 5.050
 9.324	 5.175
 9.307	 5.276
 9.291	 5.326
 9.274	 5.353
 9.257	 5.385
 9.241	 5.321
 9.225	 5.256
 9.208	 5.287
 9.192	 5.273
 9.175	 5.178
 9.159	 5.089
 9.143	 5.053
 9.127	 5.023
 9.111	 4.935
 9.095	 4.850
 9.079	 4.848
 9.063	 4.838
 9.047	 4.796
 9.032	 4.764
 9.016	 4.743
 9.000	 4.729
 8.985	 4.724
 8.969	 4.723
 8.954	 4.717
 8.938	 4.732
 8.923	 4.746
 8.908	 4.742
 8.892	 4.723
 8.877	 4.749
 8.862	 4.786
 8.847	 4.788
 8.832	 4.739
 8.817	 4.746
 8.802	 4.788
 8.787	 4.780
 8.772	 4.755
 8.757	 4.764
 8.742	 4.759
 8.727	 4.736
 8.713	 4.733
 8.698	 4.707
 8.684	 4.604
 8.669	 4.521
 8.655	 4.395
 8.640	 4.209
 8.626	 4.132
 8.612	 4.278
 8.597	 4.537
 8.583	 4.777
 8.569	 4.933
 8.555	 5.060
 8.541	 5.180
 8.527	 5.239
 8.513	 5.270
 8.499	 5.327
 8.485	 5.375
 8.471	 5.392
 8.457	 5.411
 8.443	 5.428
 8.430	 5.438
 8.416	 5.429
 8.402	 5.450
 8.389	 5.488
 8.375	 5.538
 8.361	 5.547
 8.348	 5.567
 8.335	 5.620
 8.321	 5.683
 8.308	 5.692
 8.295	 5.722
 8.281	 5.804
 8.268	 5.896
 8.255	 5.976
 8.242	 6.022
 8.229	 6.066
 8.216	 6.081
 8.203	 6.054
 8.190	 6.023
 8.177	 5.946
 8.164	 5.790
 8.151	 5.632
 8.138	 5.427
 8.126	 5.189
 8.113	 4.903
 8.100	 4.638
 8.088	 4.409
 8.075	 4.149
 8.062	 3.914
 8.050	 3.725
 8.037	 3.511
 8.025	 3.354
 8.013	 3.215
 8.000	 3.052
 7.988	 2.886
 7.976	 2.720
 7.963	 2.553
 7.951	 2.385
 7.939	 2.238
 7.927	 2.094
 7.915	 1.948
 7.903	 1.821
 7.891	 1.698
 7.879	 1.603
 7.867	 1.516
 7.855	 1.435
 7.843	 1.364
 7.831	 1.304
 7.819	 1.262
 7.808	 1.222
 7.796	 1.173
 7.784	 1.131
 7.772	 1.128
 7.761	 1.130
 7.749	 1.103
 7.737	 1.077
 7.726	 1.050
 7.715	 1.019
 7.703	 1.011
 7.692	 0.989
 7.680	 0.992
 7.669	 0.980
 7.657	 0.943
 7.646	 0.924
 7.635	 0.935
 7.624	 0.948
 7.613	 0.957
 7.601	 0.942
 7.590	 0.928
 7.579	 0.954
 7.568	 0.991
 7.557	 1.020
 7.546	 1.019
 7.535	 1.016
 7.524	 1.061
 7.513	 1.105
 7.502	 1.135
 7.492	 1.160
 7.481	 1.183
 7.470	 1.217
 7.459	 1.254
 7.449	 1.315
 7.438	 1.360
 7.427	 1.392
 7.417	 1.433
 7.406	 1.490
 7.395	 1.550
 7.385	 1.584
 7.374	 1.628
 7.364	 1.667
 7.353	 1.708
 7.343	 1.771
 7.333	 1.831
 7.322	 1.888
 7.312	 1.965
 7.302	 2.021
 7.291	 2.084
 7.281	 2.175
 7.271	 2.257
 7.261	 2.363
 7.251	 2.458
 7.240	 2.526
 7.230	 2.611
 7.220	 2.711
 7.210	 2.807
 7.200	 2.884
 7.190	 2.963
 7.180	 3.043
 7.170	 3.142
 7.160	 3.256
 7.151	 3.347
 7.141	 3.482
 7.131	 3.647
 7.121	 3.751
 7.111	 3.841
 7.102	 3.978
 7.092	 4.085
 7.082	 4.146
 7.072	 4.226
 7.063	 4.333
 7.053	 4.392
 7.044	 4.471
 7.034	 4.558
 7.025	 4.623
 7.015	 4.681
 7.006	 4.742
 6.996	 4.804
 6.987	 4.873
 6.977	 4.963
 6.968	 5.023
 6.959	 5.083
 6.949	 5.174
 6.940	 5.275
 6.931	 5.402
 6.921	 5.484
 6.912	 5.515
 6.903	 5.581
 6.894	 5.650
 6.885	 5.713
 6.875	 5.766
 6.866	 5.792
 6.857	 5.818
 6.848	 5.838
 6.839	 5.861
 6.830	 5.907
 6.821	 5.927
 6.812	 5.924
 6.803	 5.919
 6.794	 5.924
 6.785	 5.925
 6.777	 5.940
 6.768	 5.945
 6.759	 5.950
 6.750	 5.935
 6.741	 5.926
 6.733	 5.954
 6.724	 5.977
 6.715	 6.025
 6.707	 6.067
 6.698	 6.129
 6.689	 6.236
 6.681	 6.356
 6.672	 6.455
 6.663	 6.555
 6.655	 6.644
 6.646	 6.722
 6.638	 6.764
 6.629	 6.794
 6.621	 6.829
 6.612	 6.841
 6.604	 6.867
 6.596	 6.897
 6.587	 6.896
 6.579	 6.892
 6.571	 6.916
 6.562	 6.950
 6.554	 6.958
 6.546	 6.994
 6.537	 7.132
 6.529	 7.324
 6.521	 7.529
 6.513	 7.800
 6.505	 8.084
 6.496	 8.353
 6.488	 8.572
 6.480	 8.764
 6.472	 8.947
 6.464	 9.110
 6.456	 9.232
 6.448	 9.339
 6.440	 9.441
 6.432	 9.490
 6.424	 9.500
 6.416	 9.499
 6.408	 9.473
 6.400	 9.381
 6.392	 9.277
 6.384	 9.154
 6.377	 9.012
 6.369	 8.875
 6.361	 8.731
 6.353	 8.594
 6.345	 8.473
 6.338	 8.318
 6.330	 8.137
 6.322	 7.977
 6.314	 7.812
 6.307	 7.615
 6.299	 7.453
 6.291	 7.324
 6.284	 7.176
 6.276	 7.037
 6.269	 6.893
 6.261	 6.791
 6.253	 6.676
 6.246	 6.557
 6.239	 6.492
 6.231	 6.432
 6.223	 6.393
 6.216	 6.392
 6.209	 6.389
 6.201	 6.433
 6.194	 6.523
 6.186	 6.644
 6.179	 6.803
 6.172	 7.002
 6.164	 7.248
 6.157	 7.522
 6.150	 7.780
 6.142	 8.061
 6.135	 8.313
 6.128	 8.550
 6.121	 8.813
 6.113	 9.024
 6.106	 9.237
 6.099	 9.445
 6.092	 9.608
 6.085	 9.757
 6.078	 9.907
 6.070	10.037
 6.063	10.107
 6.056	10.139
 6.049	10.202
 6.042	10.246
 6.035	10.253
 6.028	10.279
 6.021	10.287
 6.014	10.284
 6.007	10.265
 6.000	10.208
 5.993	10.104
 5.986	 9.962
 5.979	 9.840
 5.973	 9.749
 5.966	 9.626
 5.959	 9.477
 5.952	 9.379
 5.945	 9.340
 5.938	 9.327
 5.931	 9.346
 5.925	 9.413
 5.918	 9.513
 5.911	 9.642
 5.904	 9.828
 5.898	10.022
 5.891	10.190
 5.884	10.359
 5.878	10.537
 5.871	10.681
 5.864	10.820
 5.858	10.979
 5.851	11.143
 5.845	11.262
 5.838	11.372
 5.831	11.498
 5.825	11.613
 5.818	11.690
 5.812	11.746
 5.805	11.796
 5.799	11.845
 5.792	11.936
 5.786	11.996
 5.779	12.023
 5.773	12.094
 5.767	12.156
 5.760	12.180
 5.754	12.188
 5.747	12.211
 5.741	12.265
 5.735	12.292
 5.728	12.315
 5.722	12.349
 5.716	12.336
 5.709	12.326
 5.703	12.296
 5.697	12.223
 5.691	12.144
 5.684	12.050
 5.678	11.917
 5.672	11.759
 5.666	11.567
 5.660	11.350
 5.653	11.130
 5.647	10.906
 5.641	10.690
 5.635	10.506
 5.629	10.350
 5.623	10.266
 5.617	10.217
 5.611	10.156
 5.604	10.124
 5.598	10.097
 5.592	10.088
 5.586	10.093
 5.580	10.085
 5.574	10.127
 5.568	10.191
 5.562	10.273
 5.556	10.392
 5.551	10.574
 5.545	10.793
 5.539	11.046
 5.533	11.343
 5.527	11.670
 5.521	11.990
 5.515	12.291
 5.509	12.597
 5.503	12.901
 5.497	13.188
 5.492	13.462
 5.486	13.721
 5.480	13.964
 5.474	14.192
 5.468	14.395
 5.463	14.568
 5.457	14.706
 5.451	14.805
 5.446	14.866
 5.440	14.877
 5.434	14.834
 5.428	14.731
 5.423	14.570
 5.417	14.337
 5.411	14.064
 5.406	13.704
 5.400	13.241
 5.394	12.788
 5.389	12.376
 5.383	11.969
 5.378	11.586
 5.372	11.304
 5.367	11.083
 5.361	10.908
 5.356	10.816
 5.350	10.785
 5.345	10.784
 5.339	10.827
 5.333	10.921
 5.328	11.024
 5.322	11.122
 5.317	11.212
 5.312	11.322
 5.306	11.463
 5.301	11.594
 5.295	11.748
 5.290	11.947
 5.285	12.146
 5.279	12.396
 5.274	12.712
 5.268	13.035
 5.263	13.361
 5.258	13.722
 5.252	14.101
 5.247	14.546
 5.242	15.009
 5.237	15.507
 5.231	16.049
 5.226	16.584
 5.221	17.081
 5.215	17.535
 5.210	17.908
 5.205	18.220
 5.200	18.500
 5.194	18.681
 5.189	18.821
 5.184	18.937
 5.179	19.020
 5.174	19.109
 5.169	19.184
 5.163	19.263
 5.158	19.356
 5.153	19.426
 5.148	19.484
 5.143	19.544
 5.138	19.607
 5.133	19.687
 5.128	19.782
 5.123	19.927
 5.118	20.074
 5.113	20.186
 5.107	20.287
 5.103	20.376
 5.098	20.348
 5.093	20.266
 5.088	20.177
 5.082	20.092
 5.077	20.008
 5.073	19.935
 5.068	19.893
 5.063	19.890
 5.058	19.921
 5.053	19.945
 5.048	19.976
 5.043	20.032
 5.038	20.102
 5.033	20.146
 5.028	20.158
 5.023	20.186
 5.019	20.230
 5.014	20.285
 5.009	20.366
 5.004	20.504
 4.999	20.662
 4.994	20.847
 4.990	21.090
 4.985	21.401
 4.980	21.784
 4.975	22.252
 4.970	22.801
 4.966	23.406
 4.961	24.017
 4.956	24.510
 4.951	24.899
 4.947	25.203
 4.942	25.430
 4.937	25.640
 4.933	25.851
 4.928	26.097
 4.923	26.423
 4.919	26.874
 4.914	27.428
 4.909	28.084
 4.905	28.818
 4.900	29.623
 4.895	30.482
 4.891	31.292
 4.886	32.005
 4.881	32.646
 4.877	33.199
 4.872	33.703
 4.868	34.150
 4.863	34.544
 4.859	34.903
 4.854	35.202
 4.849	35.475
 4.845	35.718
 4.840	35.926
 4.836	36.112
 4.832	36.284
 4.827	36.459
 4.822	36.610
 4.818	36.711
 4.814	36.783
 4.809	36.849
 4.805	36.896
 4.800	36.935
 4.796	36.977
 4.791	37.043
 4.787	37.065
 4.782	37.117
 4.778	37.195
 4.774	37.252
 4.769	37.332
 4.765	37.452
 4.761	37.595
 4.756	37.728
 4.752	37.880
 4.747	38.045
 4.743	38.228
 4.739	38.385
 4.734	38.470
 4.730	38.569
 4.726	38.621
 4.721	38.642
 4.717	38.652
 4.713	38.653
 4.709	38.666
 4.704	38.628
 4.700	38.534
 4.696	38.441
 4.691	38.374
 4.687	38.298
 4.683	38.271
 4.679	38.367
 4.675	38.535
 4.670	38.766
 4.666	39.029
 4.662	39.267
 4.658	39.521
 4.654	39.791
 4.649	40.031
 4.645	40.305
 4.641	40.604
 4.637	40.919
 4.633	41.192
 4.629	41.469
 4.625	41.764
 4.620	42.043
 4.616	42.319
 4.612	42.578
 4.608	42.820
 4.604	43.077
 4.600	43.289
 4.596	43.522
 4.592	43.738
 4.588	43.906
 4.584	44.119
 4.580	44.306
 4.576	44.488
 4.572	44.680
 4.567	44.869
 4.564	45.084
 4.559	45.294
 4.556	45.462
 4.551	45.590
 4.548	45.749
 4.543	45.850
 4.540	45.915
 4.536	45.976
 4.532	45.993
 4.528	45.984
 4.524	45.982
 4.520	45.946
 4.516	45.859
 4.512	45.768
 4.508	45.639
 4.504	45.494
 4.500	45.400
 4.496	45.361
 4.492	45.367
 4.488	45.389
 4.485	45.453
 4.481	45.516
 4.477	45.554
 4.473	45.627
 4.469	45.740
 4.465	45.876
 4.461	46.079
 4.458	46.345
 4.454	46.697
 4.450	47.037
 4.446	47.309
 4.442	47.549
 4.439	47.785
 4.435	47.981
 4.431	48.184
 4.427	48.426
 4.423	48.688
 4.420	48.932
 4.416	49.203
 4.412	49.456
 4.408	49.691
 4.404	49.951
 4.401	50.257
 4.397	50.593
 4.393	50.919
 4.390	51.240
 4.386	51.561
 4.382	51.876
 4.378	52.209
 4.375	52.529
 4.371	52.847
 4.367	53.173
 4.364	53.433
 4.360	53.703
 4.356	54.004
 4.353	54.264
 4.349	54.516
 4.346	54.757
 4.342	54.999
 4.338	55.228
 4.335	55.424
 4.331	55.585
 4.327	55.758
 4.324	55.934
 4.320	56.077
 4.316	56.194
 4.313	56.308
 4.309	56.378
 4.306	56.454
 4.302	56.535
 4.299	56.606
 4.295	56.708
 4.292	56.803
 4.288	56.897
 4.284	57.047
 4.281	57.204
 4.277	57.323
 4.274	57.482
 4.270	57.705
 4.267	57.954
 4.263	58.189
 4.260	58.383
 4.256	58.573
 4.253	58.679
 4.249	58.700
 4.246	58.672
 4.242	58.679
 4.239	58.700
 4.235	58.726
 4.232	58.797
 4.229	58.940
 4.225	59.112
 4.222	59.249
 4.218	59.324
 4.215	59.453
 4.211	59.574
 4.208	59.669
 4.205	59.759
 4.201	59.830
 4.198	59.879
 4.194	59.946
 4.191	60.053
 4.188	60.192
 4.184	60.286
 4.181	60.401
 4.177	60.514
 4.174	60.615
 4.171	60.727
 4.167	60.844
 4.164	60.918
 4.161	60.964
 4.157	61.042
 4.154	61.153
 4.151	61.236
 4.147	61.331
 4.144	61.377
 4.141	61.425
 4.137	61.498
 4.134	61.585
 4.131	61.682
 4.128	61.767
 4.124	61.810
 4.121	61.924
 4.118	62.016
 4.114	62.091
 4.111	62.147
 4.108	62.234
 4.105	62.293
 4.101	62.356
 4.098	62.417
 4.095	62.504
 4.092	62.578
 4.088	62.683
 4.085	62.778
 4.082	62.790
 4.079	62.811
 4.076	62.851
 4.072	62.841
 4.069	62.891
 4.066	62.937
 4.063	62.964
 4.060	62.988
 4.056	62.947
 4.053	62.905
 4.050	62.904
 4.047	62.867
 4.044	62.790
 4.041	62.687
 4.037	62.607
 4.034	62.523
 4.031	62.445
 4.028	62.351
 4.025	62.249
 4.022	62.166
 4.019	62.051
 4.016	61.921
 4.013	61.832
 4.009	61.700
 4.006	61.522
 4.003	61.352
 4.000	61.182
 3.997	61.011
 3.994	60.838
 3.991	60.719
 3.988	60.644
 3.985	60.556
 3.982	60.515
 3.979	60.504
 3.976	60.557
 3.973	60.667
 3.970	60.757
 3.966	60.875
 3.963	61.029
 3.960	61.174
 3.957	61.326
 3.954	61.524
 3.951	61.759
 3.948	61.970
 3.945	62.170
 3.942	62.391
 3.939	62.628
 3.936	62.791
 3.933	62.847
 3.930	62.869
 3.927	62.961
 3.924	63.025
 3.921	63.053
 3.918	63.115
 3.916	63.179
 3.913	63.182
 3.910	63.196
 3.907	63.189
 3.904	63.206
 3.901	63.207
 3.898	63.236
 3.895	63.238
 3.892	63.223
 3.889	63.196
 3.886	63.171
 3.883	63.187
 3.880	63.176
 3.877	63.165
 3.875	63.140
 3.872	63.116
 3.869	63.109
 3.866	63.095
 3.863	63.138
 3.860	63.169
 3.857	63.166
 3.854	63.171
 3.852	63.198
 3.849	63.216
 3.846	63.230
 3.843	63.296
 3.840	63.338
 3.837	63.434
 3.834	63.513
 3.832	63.563
 3.829	63.641
 3.826	63.728
 3.823	63.849
 3.820	63.938
 3.817	64.006
 3.815	64.086
 3.812	64.158
 3.809	64.204
 3.806	64.275
 3.804	64.335
 3.801	64.384
 3.798	64.455
 3.795	64.492
 3.792	64.507
 3.790	64.551
 3.787	64.576
 3.784	64.588
 3.781	64.576
 3.779	64.540
 3.776	64.499
 3.773	64.498
 3.770	64.495
 3.768	64.473
 3.765	64.415
 3.762	64.378
 3.759	64.381
 3.757	64.367
 3.754	64.313
 3.751	64.282
 3.748	64.288
 3.746	64.287
 3.743	64.263
 3.740	64.253
 3.738	64.235
 3.735	64.239
 3.732	64.247
 3.730	64.290
 3.727	64.311
 3.724	64.269
 3.722	64.279
 3.719	64.369
 3.716	64.409
 3.714	64.403
 3.711	64.442
 3.708	64.466
 3.706	64.500
 3.703	64.519
 3.700	64.566
 3.698	64.615
 3.695	64.662
 3.692	64.696
 3.690	64.725
 3.687	64.736
 3.684	64.716
 3.682	64.720
 3.679	64.777
 3.677	64.854
 3.674	64.865
 3.671	64.855
 3.669	64.860
 3.666	64.895
 3.664	64.887
 3.661	64.879
 3.659	64.896
 3.656	64.916
 3.653	64.897
 3.651	64.873
 3.648	64.874
 3.646	64.890
 3.643	64.845
 3.641	64.837
 3.638	64.805
 3.635	64.749
 3.633	64.723
 3.630	64.775
 3.628	64.759
 3.625	64.690
 3.623	64.640
 3.620	64.626
 3.618	64.605
 3.615	64.606
 3.613	64.573
 3.610	64.506
 3.608	64.491
 3.605	64.468
 3.603	64.420
 3.600	64.398
 3.598	64.386
 3.595	64.355
 3.593	64.326
 3.590	64.303
 3.588	64.262
 3.585	64.218
 3.583	64.189
 3.580	64.131
 3.578	64.087
 3.575	64.056
 3.573	63.998
 3.570	63.969
 3.568	63.947
 3.565	63.899
 3.563	63.897
 3.561	63.882
 3.558	63.821
 3.556	63.784
 3.553	63.738
 3.551	63.704
 3.548	63.653
 3.546	63.555
 3.543	63.515
 3.541	63.463
 3.539	63.362
 3.536	63.250
 3.534	63.152
 3.531	63.053
 3.529	62.938
 3.527	62.811
 3.524	62.662
 3.522	62.460
 3.519	62.255
 3.517	62.090
 3.515	61.918
 3.512	61.724
 3.510	61.482
 3.507	61.307
 3.505	61.132
 3.503	60.969
 3.500	60.853
 3.498	60.794
 3.496	60.771
 3.493	60.780
 3.491	60.776
 3.489	60.755
 3.486	60.688
 3.484	60.593
 3.482	60.540
 3.479	60.507
 3.477	60.472
 3.475	60.483
 3.472	60.515
 3.470	60.569
 3.468	60.691
 3.465	60.772
 3.463	60.749
 3.461	60.785
 3.458	60.817
 3.456	60.817
 3.454	60.749
 3.451	60.692
 3.449	60.629
 3.447	60.539
 3.445	60.429
 3.442	60.392
 3.440	60.304
 3.438	60.181
 3.436	60.072
 3.433	59.969
 3.431	59.813
 3.429	59.652
 3.426	59.461
 3.424	59.229
 3.422	59.031
 3.420	58.896
 3.417	58.774
 3.415	58.730
 3.413	58.672
 3.411	58.668
 3.408	58.693
 3.406	58.710
 3.404	58.766
 3.402	58.822
 3.399	58.846
 3.397	58.866
 3.395	58.868
 3.393	58.899
 3.391	58.854
 3.388	58.796
 3.386	58.754
 3.384	58.712
 3.382	58.612
 3.380	58.515
 3.377	58.495
 3.375	58.461
 3.373	58.401
 3.371	58.369
 3.369	58.365
 3.366	58.341
 3.364	58.308
 3.362	58.285
 3.360	58.208
 3.358	58.140
 3.355	58.129
 3.353	58.078
 3.351	58.057
 3.349	58.068
 3.347	58.026
 3.345	58.057
 3.342	58.139
 3.340	58.232
 3.338	58.286
 3.336	58.336
 3.334	58.379
 3.332	58.312
 3.330	58.237
 3.327	58.232
 3.325	58.208
 3.323	58.164
 3.321	58.112
 3.319	58.050
 3.317	57.951
 3.315	57.885
 3.313	57.853
 3.310	57.798
 3.308	57.719
 3.306	57.661
 3.304	57.583
 3.302	57.519
 3.300	57.476
 3.298	57.413
 3.296	57.315
 3.294	57.227
 3.292	57.133
 3.289	57.054
 3.287	56.982
 3.285	56.917
 3.283	56.813
 3.281	56.746
 3.279	56.673
 3.277	56.559
 3.275	56.456
 3.273	56.407
 3.271	56.341
 3.269	56.263
 3.267	56.193
 3.265	56.075
 3.263	55.962
 3.260	55.901
 3.258	55.796
 3.256	55.666
 3.254	55.562
 3.252	55.501
 3.250	55.423
 3.248	55.341
 3.246	55.211
 3.244	55.134
 3.242	55.060
 3.240	54.939
 3.238	54.784
 3.236	54.683
 3.234	54.619
 3.232	54.519
 3.230	54.416
 3.228	54.255
 3.226	54.127
 3.224	54.089
 3.222	53.993
 3.220	53.872
 3.218	53.772
 3.216	53.636
 3.214	53.522
 3.212	53.412
 3.210	53.296
 3.208	53.221
 3.206	53.093
 3.204	52.936
 3.202	52.802
 3.200	52.698
 3.198	52.599
 3.196	52.476
 3.194	52.356
 3.192	52.264
 3.190	52.200
 3.188	52.069
 3.186	51.911
 3.184	51.761
 3.182	51.680
 3.180	51.648
 3.179	51.533
 3.177	51.403
 3.175	51.280
 3.173	51.196
 3.171	51.122
 3.169	50.991
 3.167	50.876
 3.165	50.778
 3.163	50.687
 3.161	50.627
 3.159	50.485
 3.157	50.392
 3.155	50.302
 3.153	50.211
 3.151	50.101
 3.150	49.969
 3.148	49.868
 3.146	49.800
 3.144	49.719
 3.142	49.647
 3.140	49.514
 3.138	49.396
 3.136	49.285
 3.134	49.173
 3.132	49.110
 3.131	49.068
 3.129	48.995
 3.127	48.873
 3.125	48.769
 3.123	48.681
 3.121	48.577
 3.119	48.471
 3.117	48.387
 3.115	48.354
 3.114	48.313
 3.112	48.223
 3.110	48.103
 3.108	48.009
 3.106	47.931
 3.104	47.868
 3.102	47.835
 3.101	47.764
 3.099	47.651
 3.097	47.557
 3.095	47.563
 3.093	47.499
 3.091	47.386
 3.090	47.314
 3.088	47.260
 3.086	47.253
 3.084	47.227
 3.082	47.155
 3.080	47.057
 3.079	46.984
 3.077	46.950
 3.075	46.910
 3.073	46.848
 3.071	46.761
 3.069	46.686
 3.067	46.680
 3.066	46.695
 3.064	46.607
 3.062	46.541
 3.060	46.521
 3.058	46.488
 3.057	46.453
 3.055	46.377
 3.053	46.321
 3.051	46.308
 3.050	46.315
 3.048	46.294
 3.046	46.248
 3.044	46.200
 3.042	46.169
 3.041	46.125
 3.039	46.089
 3.037	46.048
 3.035	46.048
 3.033	46.035
 3.032	46.010
 3.030	45.932
 3.028	45.924
 3.026	45.910
 3.025	45.810
 3.023	45.737
 3.021	45.780
 3.019	45.767
 3.018	45.721
 3.016	45.696
 3.014	45.617
 3.012	45.584
 3.010	45.596
 3.009	45.524
 3.007	45.480
 3.005	45.419
 3.004	45.366
 3.002	45.360
 3.000	45.340
 2.998	45.307
 2.997	45.284
 2.995	45.246
 2.993	45.173
 2.991	45.138
 2.990	45.111
 2.988	45.061
 2.986	45.013
 2.985	44.952
 2.983	44.903
 2.981	44.875
 2.979	44.898
 2.978	44.894
 2.976	44.813
 2.974	44.732
 2.973	44.674
 2.971	44.661
 2.969	44.620
 2.967	44.580
 2.966	44.523
 2.964	44.530
 2.962	44.529
 2.961	44.451
 2.959	44.418
 2.957	44.370
 2.956	44.362
 2.954	44.402
 2.952	44.410
 2.951	44.401
 2.949	44.372
 2.947	44.338
 2.946	44.357
 2.944	44.320
 2.942	44.322
 2.941	44.308
 2.939	44.321
 2.937	44.325
 2.936	44.341
 2.934	44.381
 2.932	44.415
 2.931	44.433
 2.929	44.442
 2.927	44.454
 2.926	44.455
 2.924	44.450
 2.922	44.456
 2.921	44.500
 2.919	44.573
 2.917	44.647
 2.916	44.651
 2.914	44.662
 2.912	44.694
 2.911	44.694
 2.909	44.739
 2.908	44.803
 2.906	44.860
 2.904	44.901
 2.903	44.955
 2.901	45.006
 2.899	45.032
 2.898	45.049
 2.896	45.098
 2.895	45.149
 2.893	45.200
 2.891	45.225
 2.890	45.240
 2.888	45.309
 2.886	45.318
 2.885	45.387
 2.883	45.425
 2.882	45.410
 2.880	45.489
 2.878	45.517
 2.877	45.554
 2.875	45.555
 2.874	45.630
 2.872	45.736
 2.870	45.755
 2.869	45.748
 2.867	45.785
 2.866	45.827
 2.864	45.927
 2.863	45.998
 2.861	45.965
 2.859	45.992
 2.858	46.041
 2.856	46.036
 2.855	46.033
 2.853	46.110
 2.852	46.125
 2.850	46.182
 2.848	46.199
 2.847	46.153
 2.845	46.204
 2.844	46.250
 2.842	46.320
 2.841	46.303
 2.839	46.322
 2.837	46.354
 2.836	46.394
 2.834	46.390
 2.833	46.352
 2.831	46.364
 2.830	46.374
 2.828	46.386
 2.827	46.383
 2.825	46.384
 2.824	46.399
 2.822	46.465
 2.821	46.464
 2.819	46.425
 2.817	46.423
 2.816	46.424
 2.814	46.440
 2.813	46.419
 2.811	46.382
 2.810	46.414
 2.808	46.394
 2.807	46.410
 2.805	46.437
 2.804	46.446
 2.802	46.476
 2.801	46.473
 2.799	46.443
 2.798	46.421
 2.796	46.398
 2.795	46.394
 2.793	46.376
 2.792	46.320
 2.790	46.177
 2.789	46.060
 2.787	46.026
 2.786	45.979
 2.784	45.912
 2.783	45.829
 2.781	45.756
 2.780	45.752
 2.778	45.772
 2.777	45.771
 2.775	45.759
 2.774	45.755
 2.772	45.667
 2.771	45.602
 2.769	45.563
 2.768	45.429
 2.766	45.045
 2.765	44.314
 2.763	43.252
 2.762	42.721
 2.760	43.354
 2.759	44.305
 2.757	45.050
 2.756	45.600
 2.755	45.995
 2.753	46.295
 2.752	46.601
 2.750	46.917
 2.749	47.209
 2.747	47.405
 2.746	47.568
 2.744	47.768
 2.743	47.951
 2.741	48.027
 2.740	48.049
 2.739	48.114
 2.737	48.368
 2.736	48.749
 2.734	49.218
 2.733	49.763
 2.731	50.249
 2.730	50.581
 2.728	50.778
 2.727	50.936
 2.726	51.150
 2.724	51.564
 2.723	52.140
 2.721	52.785
 2.720	53.390
 2.719	53.798
 2.717	54.004
 2.716	53.950
 2.714	53.721
 2.713	53.435
 2.711	53.097
 2.710	52.696
 2.708	52.341
 2.707	52.195
 2.706	52.205
 2.704	52.477
 2.703	53.248
 2.701	54.587
 2.700	56.227
 2.699	57.800
 2.697	59.378
 2.696	60.714
 2.695	61.794
 2.693	62.765
 2.692	63.616
 2.690	64.311
 2.689	64.954
 2.688	65.491
 2.686	65.881
 2.685	66.287
 2.683	66.636
 2.682	66.873
 2.680	67.074
 2.679	67.285
 2.678	67.551
 2.676	67.684
 2.675	67.711
 2.674	67.735
 2.672	68.026
 2.671	68.527
 2.670	69.072
 2.668	69.593
 2.667	70.067
 2.665	70.352
 2.664	70.560
 2.663	70.682
 2.661	70.739
 2.660	70.806
 2.659	70.917
 2.657	70.961
 2.656	71.049
 2.655	71.198
 2.653	71.224
 2.652	71.271
 2.650	71.322
 2.649	71.414
 2.648	71.534
 2.646	71.481
 2.645	71.489
 2.644	71.559
 2.642	71.676
 2.641	71.759
 2.640	71.720
 2.638	71.648
 2.637	71.666
 2.636	71.819
 2.634	71.902
 2.633	71.895
 2.631	71.934
 2.630	72.026
 2.629	71.967
 2.627	71.962
 2.626	72.012
 2.625	72.011
 2.624	71.955
 2.622	71.996
 2.621	72.081
 2.620	72.116
 2.618	72.072
 2.617	72.085
 2.616	72.120
 2.614	72.036
 2.613	72.027
 2.612	72.138
 2.610	72.144
 2.609	72.094
 2.608	72.164
 2.606	72.242
 2.605	72.338
 2.604	72.285
 2.603	72.208
 2.601	72.246
 2.600	72.253
 2.599	72.160
 2.597	72.233
 2.596	72.364
 2.595	72.389
 2.593	72.321
 2.592	72.284
 2.591	72.163
 2.590	72.120
 2.588	72.280
 2.587	72.340
 2.586	72.329
 2.584	72.351
 2.583	72.331
 2.582	72.280
 2.580	72.214
 2.579	72.242
 2.578	72.274
 2.577	72.290
 2.575	72.296
 2.574	72.356
 2.573	72.313
 2.571	72.289
 2.570	72.347
 2.569	72.404
 2.568	72.391
 2.566	72.384
 2.565	72.403
 2.564	72.407
 2.563	72.411
 2.561	72.355
 2.560	72.305
 2.559	72.350
 2.558	72.443
 2.556	72.384
 2.555	72.303
 2.554	72.412
 2.553	72.370
 2.551	72.278
 2.550	72.277
 2.549	72.292
 2.547	72.254
 2.546	72.328
 2.545	72.427
 2.544	72.339
 2.542	72.276
 2.541	72.312
 2.540	72.398
 2.539	72.468
 2.538	72.415
 2.536	72.355
 2.535	72.323
 2.534	72.328
 2.533	72.404
 2.531	72.349
 2.530	72.344
 2.529	72.403
 2.528	72.482
 2.526	72.533
 2.525	72.544
 2.524	72.532
 2.523	72.437
 2.522	72.386
 2.520	72.442
 2.519	72.456
 2.518	72.445
 2.517	72.477
 2.515	72.484
 2.514	72.379
 2.513	72.422
 2.512	72.492
 2.510	72.515
 2.509	72.549
 2.508	72.541
 2.507	72.539
 2.506	72.562
 2.504	72.545
 2.503	72.572
 2.502	72.576
 2.501	72.538
 2.500	72.496
 2.498	72.552
 2.497	72.615
 2.496	72.590
 2.495	72.524
 2.494	72.562
 2.492	72.618
 2.491	72.609
 2.490	72.585
 2.489	72.559
 2.488	72.578
 2.486	72.613
 2.485	72.589
 2.484	72.643
 2.483	72.696
 2.482	72.584
 2.481	72.628
 2.479	72.746
 2.478	72.746
 2.477	72.684
 2.476	72.618
 2.474	72.621
 2.473	72.720
 2.472	72.721
 2.471	72.776
 2.470	72.794
 2.469	72.734
 2.467	72.692
 2.466	72.753
 2.465	72.740
 2.464	72.740
 2.463	72.740
 2.462	72.775
 2.460	72.807
 2.459	72.839
 2.458	72.799
 2.457	72.840
 2.456	72.915
 2.455	72.876
 2.454	72.833
 2.452	72.864
 2.451	72.876
 2.450	72.908
 2.449	72.959
 2.448	72.878
 2.446	72.852
 2.445	72.919
 2.444	72.876
 2.443	72.788
 2.442	72.778
 2.441	72.797
 2.440	72.814
 2.438	72.871
 2.437	72.864
 2.436	72.926
 2.435	72.989
 2.434	73.010
 2.433	72.990
 2.432	73.000
 2.430	73.076
 2.429	73.039
 2.428	72.962
 2.427	72.965
 2.426	73.091
 2.425	73.039
 2.424	72.977
 2.422	73.060
 2.421	73.095
 2.420	73.086
 2.419	73.065
 2.418	73.170
 2.417	73.170
 2.416	73.062
 2.415	73.067
 2.413	73.139
 2.412	73.176
 2.411	73.193
 2.410	73.176
 2.409	73.132
 2.408	73.144
 2.407	73.162
 2.406	73.234
 2.405	73.163
 2.403	73.065
 2.402	73.140
 2.401	73.209
 2.400	73.144
 2.399	73.166
 2.398	73.257
 2.397	73.253
 2.396	73.173
 2.394	73.161
 2.393	73.195
 2.392	73.265
 2.391	73.327
 2.390	73.266
 2.389	73.122
 2.388	73.015
 2.387	72.922
 2.386	73.129
 2.385	73.217
 2.384	73.199
 2.382	73.204
 2.381	73.227
 2.380	73.228
 2.379	73.182
 2.378	73.176
 2.377	73.222
 2.376	73.225
 2.375	73.307
 2.374	73.285
 2.373	73.175
 2.372	73.139
 2.370	73.151
 2.369	73.222
 2.368	73.163
 2.367	73.189
 2.366	73.322
 2.365	73.253
 2.364	73.195
 2.363	73.318
 2.362	73.292
 2.361	73.212
 2.360	73.223
 2.359	73.200
 2.357	73.249
 2.356	73.207
 2.355	73.178
 2.354	73.144
 2.353	73.225
 2.352	73.171
 2.351	73.147
 2.350	73.249
 2.349	73.193
 2.348	73.211
 2.347	73.356
 2.346	73.325
 2.345	73.273
 2.344	73.315
 2.343	73.252
 2.341	73.265
 2.341	73.320
 2.339	73.370
 2.338	73.393
 2.337	73.326
 2.336	73.290
 2.335	73.309
 2.334	73.281
 2.333	73.369
 2.332	73.425
 2.331	73.350
 2.330	73.398
 2.329	73.416
 2.328	73.410
 2.327	73.414
 2.326	73.446
 2.325	73.485
 2.324	73.477
 2.323	73.454
 2.322	73.418
 2.321	73.465
 2.320	73.528
 2.318	73.491
 2.317	73.509
 2.316	73.535
 2.315	73.537
 2.314	73.539
 2.313	73.622
 2.312	73.609
 2.311	73.671
 2.310	73.710
 2.309	73.628
 2.308	73.513
 2.307	73.601
 2.306	73.631
 2.305	73.674
 2.304	73.638
 2.303	73.617
 2.302	73.665
 2.301	73.703
 2.300	73.660
 2.299	73.629
 2.298	73.609
 2.297	73.651
 2.296	73.632
 2.295	73.605
 2.294	73.588
 2.293	73.679
 2.292	73.655
 2.291	73.693
 2.290	73.720
 2.289	73.785
 2.288	73.794
 2.287	73.703
 2.286	73.665
 2.285	73.695
 2.284	73.737
 2.283	73.638
 2.282	73.612
 2.281	73.740
 2.280	73.862
 2.279	73.875
 2.278	73.645
 2.277	73.644
 2.276	73.723
 2.275	73.671
 2.274	73.665
 2.273	73.721
 2.272	73.664
 2.271	73.638
 2.270	73.635
 2.269	73.579
 2.268	73.602
 2.267	73.660
 2.266	73.635
 2.265	73.618
 2.264	73.599
 2.263	73.588
 2.262	73.556
 2.261	73.590
 2.260	73.644
 2.259	73.642
 2.258	73.549
 2.257	73.538
 2.256	73.584
 2.255	73.557
 2.254	73.491
 2.253	73.572
 2.252	73.461
 2.251	73.397
 2.250	73.502
 2.249	73.523
 2.248	73.580
 2.247	73.645
 2.246	73.641
 2.245	73.553
 2.244	73.480
 2.243	73.560
 2.242	73.669
 2.241	73.586
 2.240	73.598
 2.239	73.591
 2.238	73.676
 2.237	73.632
 2.236	73.549
 2.236	73.550
 2.235	73.635
 2.234	73.578
 2.233	73.513
 2.232	73.506
 2.231	73.496
 2.230	73.604
 2.229	73.697
 2.228	73.676
 2.227	73.598
 2.226	73.624
 2.225	73.643
 2.224	73.610
 2.223	73.629
 2.222	73.589
 2.221	73.564
 2.220	73.560
 2.219	73.528
 2.218	73.493
 2.217	73.477
 2.216	73.520
 2.216	73.459
 2.215	73.385
 2.214	73.315
 2.213	73.270
 2.212	73.266
 2.211	73.268
 2.210	73.280
 2.209	73.230
 2.208	73.135
 2.207	73.204
 2.206	73.328
 2.205	73.344
 2.204	73.268
 2.203	73.288
 2.202	73.302
 2.201	73.359
 2.200	73.440
 2.200	73.435
 2.199	73.335
 2.198	73.367
 2.197	73.453
 2.196	73.489
 2.195	73.477
 2.194	73.529
 2.193	73.616
 2.192	73.618
 2.191	73.615
 2.190	73.640
 2.189	73.684
 2.188	73.706
 2.187	73.686
 2.187	73.659
 2.186	73.611
 2.185	73.624
 2.184	73.655
 2.183	73.686
 2.182	73.832
 2.181	73.846
 2.180	73.774
 2.179	73.924
 2.178	73.946
 2.177	73.879
 2.176	73.866
 2.175	73.910
 2.175	73.946
 2.174	73.973
 2.173	73.903
 2.172	73.869
 2.171	73.888
 2.170	73.989
 2.169	73.982
 2.168	73.926
 2.167	73.888
 2.166	73.916
 2.166	73.879
 2.165	74.034
 2.164	74.015
 2.163	73.916
 2.162	73.958
 2.161	73.982
 2.160	73.963
 2.159	73.986
 2.158	73.980
 2.157	74.097
 2.156	74.068
 2.156	74.030
 2.155	73.993
 2.154	74.089
 2.153	74.122
 2.152	74.089
 2.151	74.066
 2.150	74.044
 2.149	73.999
 2.148	74.078
 2.147	74.122
 2.147	74.169
 2.146	74.156
 2.145	74.029
 2.144	74.068
 2.143	74.220
 2.142	74.147
 2.141	74.051
 2.140	74.078
 2.140	74.072
 2.139	74.085
 2.138	74.133
 2.137	74.102
 2.136	74.068
 2.135	74.162
 2.134	74.187
 2.133	74.106
 2.132	74.032
 2.132	74.077
 2.131	74.136
 2.130	74.134
 2.129	74.182
 2.128	74.248
 2.127	74.226
 2.126	74.162
 2.126	74.118
 2.125	74.020
 2.124	74.023
 2.123	74.113
 2.122	74.237
 2.121	74.256
 2.120	74.128
 2.119	74.155
 2.119	74.239
 2.118	74.188
 2.117	74.160
 2.116	74.108
 2.115	74.124
 2.114	74.049
 2.113	74.027
 2.112	74.044
 2.112	74.035
 2.111	74.105
 2.110	74.231
 2.109	74.222
 2.108	74.138
 2.107	74.102
 2.107	74.091
 2.106	74.017
 2.105	74.047
 2.104	74.087
 2.103	74.140
 2.102	74.128
 2.101	74.224
 2.100	74.173
 2.100	74.084
 2.099	74.136
 2.098	74.226
 2.097	74.143
 2.096	74.120
 2.095	74.115
 2.095	74.125
 2.094	74.048
 2.093	74.029
 2.092	74.047
 2.091	74.102
 2.090	74.173
 2.090	74.096
 2.089	73.973
 2.088	73.976
 2.087	73.998
 2.086	74.029
 2.085	74.032
 2.084	73.988
 2.084	74.074
 2.083	74.192
 2.082	74.115
 2.081	74.121
 2.080	74.016
 2.079	74.053
 2.076	74.053
 2.072	74.351
 2.068	74.306
 2.064	74.306
 2.060	73.936
 2.056	73.815
 2.052	73.819
 2.048	73.873
 2.044	73.186
 2.040	73.345
 2.036	73.076
 2.032	73.217
 2.028	73.076
 2.024	73.126
 2.020	72.818
 2.016	72.909
 2.012	72.406
 2.008	72.363
 2.004	72.009
 2.000	72.231
 1.996	72.140
 1.992	71.958
 1.988	72.009
 1.984	71.555
 1.980	71.310
 1.976	71.314
 1.972	71.607
 1.968	71.297
 1.964	70.961
 1.960	70.961
 1.956	70.973
 1.952	71.140
 1.948	71.061
 1.944	71.112
 1.940	70.953
 1.936	70.642
 1.932	70.254
 1.928	70.144
 1.924	70.162
 1.920	70.124
 1.916	70.442
 1.912	70.349
 1.908	70.154
 1.904	70.023
 1.900	70.231
 1.896	70.282
 1.892	70.305
 1.888	70.688
 1.884	70.394
 1.880	70.777
 1.876	71.221
 1.872	71.517
 1.868	71.049
 1.864	70.613
 1.860	70.329
 1.856	70.199
 1.852	70.599
 1.848	71.133
 1.844	71.028
 1.840	70.414
 1.836	70.236
 1.832	70.279
 1.828	70.698
 1.824	70.802
 1.820	70.614
 1.816	70.604
 1.812	70.318
 1.808	70.153
 1.804	70.365
 1.800	70.365
 1.796	70.630
 1.792	70.109
 1.788	70.012
 1.784	70.074
 1.780	69.678
 1.776	69.924
 1.772	70.074
 1.768	69.632
 1.764	69.613
 1.760	69.675
 1.756	69.702
 1.752	70.030
 1.748	70.358
 1.744	69.906
 1.740	70.030
 1.736	70.279
 1.732	70.520
 1.728	70.342
 1.724	70.342
 1.720	70.520
 1.716	70.128
 1.712	69.941
 1.708	69.677
 1.704	69.456
 1.700	69.482
 1.696	69.482
 1.692	69.509
 1.688	69.632
 1.684	69.333
 1.680	69.184
 1.676	69.306
 1.672	69.367
 1.668	69.191
 1.664	69.306
 1.660	69.069
 1.656	68.754
 1.652	69.058
 1.648	69.235
 1.644	69.296
 1.640	69.113
 1.636	68.798
 1.632	68.699
 1.628	68.704
 1.624	68.694
 1.620	68.704
 1.616	68.494
 1.612	68.286
 1.608	68.406
 1.604	68.982
 1.600	69.071
 1.596	69.153
 1.592	68.649
 1.588	68.346
 1.584	68.105
 1.580	67.898
 1.576	68.021
 1.572	68.105
 1.568	68.193
 1.564	68.218
 1.560	68.225
 1.556	68.073
 1.552	67.687
 1.548	68.102
 1.544	68.102
 1.540	68.042
 1.536	67.863
 1.532	67.687
 1.528	67.749
 1.524	67.661
 1.520	67.601
 1.516	67.542
 1.512	67.276
 1.508	67.276
 1.504	67.072
 1.500	67.015
 1.496	65.870
 1.492	66.778
 1.488	66.749
 1.484	66.895
 1.480	66.964
 1.476	67.041
 1.472	66.954
 1.468	66.818
 1.464	66.759
 1.460	66.468
 1.456	66.379
 1.452	66.554
 1.448	66.348
 1.444	66.317
 1.440	66.138
 1.436	66.403
 1.432	66.314
 1.428	66.148
 1.424	66.178
 1.420	66.031
 1.416	65.882
 1.412	65.905
 1.408	65.664
 1.404	65.283
 1.400	65.275
 1.396	65.368
 1.392	65.283
 1.388	65.368
 1.384	65.485
 1.380	65.450
 1.376	65.544
 1.372	65.145
 1.368	65.221
 1.364	65.177
 1.360	65.078
 1.356	65.168
 1.352	65.190
 1.348	65.090
 1.344	65.356
 1.340	64.823
 1.336	64.992
 1.332	64.706
 1.328	64.041
 1.324	63.978
 1.320	64.313
 1.316	64.626
 1.312	64.528
 1.308	64.610
 1.304	64.490
 1.300	64.458
 1.296	64.427
 1.292	64.420
 1.288	64.324
 1.284	64.252
 1.280	64.212
 1.276	63.822
 1.272	63.658
 1.268	63.285
 1.264	62.626
 1.260	63.282
 1.256	63.783
 1.252	63.638
 1.248	63.775
 1.244	63.709
 1.240	63.667
 1.236	63.856
 1.232	63.728
 1.228	63.751
 1.224	63.831
 1.220	63.563
 1.216	63.643
 1.212	62.935
 1.208	62.569
 1.204	62.459
 1.200	62.404
 1.196	62.240
 1.192	62.107
 1.188	62.087
 1.184	61.978
 1.180	61.770
 1.176	61.958
 1.172	62.012
 1.168	61.858
 1.164	61.931
 1.160	61.863
 1.156	61.726
 1.152	61.923
 1.148	61.923
 1.144	61.899
 1.140	61.924
 1.136	62.612
 1.132	62.281
 1.128	62.247
 1.124	61.987
 1.120	61.652
 1.116	61.667
 1.112	61.613
 1.108	61.588
 1.104	61.731
 1.100	61.839
 1.096	61.411
 1.092	61.642
 1.088	61.269
 1.084	61.376
 1.080	61.386
 1.076	61.510
 1.072	61.402
 1.068	61.332
 1.064	60.959
 1.060	61.065
 1.056	61.065
 1.052	61.491
 1.048	61.349
 1.044	60.800
 1.040	60.800
 1.036	61.012
 1.032	61.048
 1.028	61.564
 1.024	61.513
 1.020	61.137
 1.016	61.102
 1.012	60.818
 1.008	61.137
 1.004	61.180
 1.000	60.825
 0.996	60.825
 0.992	60.579
 0.988	60.747
 0.984	60.739
 0.980	60.582
 0.976	60.640
 0.972	60.296
 0.968	60.355
 0.964	60.286
 0.960	60.139
 0.956	60.217
 0.952	60.109
 0.948	60.198
 0.944	60.198
 0.940	60.305
 0.936	60.256
 0.932	60.197
 0.928	60.207
 0.924	60.246
 0.920	60.334
 0.916	60.334
 0.912	60.246
 0.908	60.777
 0.904	60.706
 0.900	60.852
 0.896	60.913
 0.892	61.001
 0.888	61.063
 0.884	61.042
 0.880	61.199
 0.876	61.464
 0.872	61.662
 0.868	61.662
 0.864	61.793
 0.860	61.921
 0.856	62.078
 0.852	62.078
 0.848	62.278
 0.844	62.234
 0.840	62.258
 0.836	62.479
 0.832	62.569
 0.828	62.680
 0.824	62.724
 0.820	62.968
 0.816	63.055
 0.812	62.967
 0.808	63.273
 0.804	63.272
 0.800	63.400
 0.799	63.600
 0.798	63.600
 0.797	63.214
 0.796	63.127
 0.795	63.409
 0.794	63.409
 0.793	63.270
 0.792	63.213
 0.791	63.039
 0.790	62.987
 0.789	63.122
 0.788	63.462
 0.787	63.370
 0.786	63.201
 0.785	63.309
 0.784	63.257
 0.783	63.292
 0.782	63.488
 0.781	63.660
 0.780	63.660
 0.779	63.607
 0.778	63.270
 0.777	63.527
 0.776	63.531
 0.775	63.557
 0.774	63.500
 0.773	63.336
 0.772	63.331
 0.771	63.209
 0.770	63.507
 0.769	63.560
 0.768	63.587
 0.767	63.699
 0.766	63.752
 0.765	63.645
 0.764	63.664
 0.763	63.464
 0.762	63.411
 0.761	63.288
 0.760	63.384
 0.759	63.315
 0.758	63.580
 0.757	63.517
 0.756	63.507
 0.755	63.384
 0.754	63.266
 0.753	63.560
 0.752	63.614
 0.751	63.560
 0.750	63.494
 0.749	63.595
 0.748	63.262
 0.747	63.236
 0.746	63.288
 0.745	63.491
 0.744	63.517
 0.743	63.992
 0.742	63.411
 0.741	63.483
 0.740	63.351
 0.739	63.580
 0.738	63.288
 0.737	63.448
 0.736	63.784
 0.735	63.421
 0.734	63.421
 0.733	63.166
 0.732	63.166
 0.731	63.185
 0.730	63.264
 0.729	63.080
 0.728	63.510
 0.727	63.684
 0.726	63.591
 0.725	63.351
 0.724	63.510
 0.723	63.398
 0.722	63.344
 0.721	63.634
 0.720	63.168
 0.719	63.185
 0.718	63.207
 0.717	62.913
 0.716	62.993
 0.715	63.099
 0.714	62.913
 0.713	63.062
 0.712	63.264
 0.711	63.398
 0.710	63.265
 0.709	63.036
 0.708	62.913
 0.707	63.314
 0.706	63.125
 0.705	63.301
 0.704	63.248
 0.703	63.285
 0.702	63.503
 0.701	63.473
 0.700	63.252
 0.699	62.880
 0.698	63.107
 0.697	62.944
 0.696	63.060
 0.695	63.035
 0.694	63.035
 0.693	63.134
 0.692	63.306
 0.691	63.123
 0.690	63.321
 0.689	63.123
 0.688	63.134
 0.687	62.926
 0.686	63.106
 0.685	62.908
 0.684	62.800
 0.683	62.998
 0.682	63.166
 0.681	62.926
 0.680	63.068
 0.679	63.112
 0.678	63.112
 0.677	62.826
 0.676	62.781
 0.675	62.808
 0.674	62.817
 0.673	63.017
 0.672	63.006
 0.671	62.808
 0.670	62.980
 0.669	62.979
 0.668	62.727
 0.667	62.484
 0.666	62.528
 0.665	62.573
 0.664	62.863
 0.663	62.817
 0.662	62.962
 0.661	63.061
 0.660	62.863
 0.659	62.808
 0.658	62.610
 0.657	62.411
 0.656	62.430
 0.655	62.510
 0.654	62.510
 0.653	62.331
 0.652	62.319
 0.651	62.500
 0.650	62.545
 0.649	62.465
 0.648	62.411
 0.647	62.609
 0.646	62.437
 0.645	62.438
 0.644	62.537
 0.643	62.510
 0.642	62.429
 0.641	62.464
 0.640	62.365
 0.639	62.446
 0.638	62.419
 0.637	62.311
 0.636	62.365
 0.635	62.338
 0.634	62.112
 0.633	62.311
 0.632	62.338
 0.631	62.284
 0.630	62.139
 0.629	62.047
 0.628	62.066
 0.627	62.046
 0.626	62.100
 0.625	62.000
 0.624	62.046
 0.623	62.173
 0.622	62.200
 0.621	61.973
 0.620	61.973
 0.619	61.900
 0.618	62.080
 0.617	62.026
 0.616	62.100
 0.615	62.046
 0.614	62.073
 0.613	61.920
 0.612	61.721
 0.611	61.973
 0.610	62.000
 0.609	61.906
 0.608	61.726
 0.607	61.700
 0.606	61.626
 0.605	61.726
 0.604	61.578
 0.603	61.504
 0.602	61.303
 0.601	61.203
 0.600	61.636
 0.599	61.663
 0.598	61.716
 0.597	61.769
 0.596	61.567
 0.595	61.620
 0.594	61.850
 0.593	61.518
 0.592	61.598
 0.591	61.904
 0.590	61.598
 0.589	61.625
 0.588	61.496
 0.587	61.394
 0.586	61.441
 0.585	61.362
 0.584	61.598
 0.583	61.550
 0.582	61.315
 0.581	61.567
 0.580	61.259
 0.579	61.285
 0.578	61.158
 0.577	61.285
 0.576	61.465
 0.575	61.567
 0.574	61.487
 0.573	61.478
 0.572	61.348
 0.571	61.348
 0.570	61.322
 0.569	61.421
 0.568	61.344
 0.567	61.400
 0.566	61.504
 0.565	61.203
 0.564	61.025
 0.563	61.103
 0.562	61.128
 0.561	61.054
 0.560	61.158
 0.559	60.906
 0.558	60.329
 0.557	60.494
 0.556	60.517
 0.555	60.517
 0.554	60.425
 0.553	60.285
 0.552	60.305
 0.551	60.064
 0.550	60.107
 0.549	59.914
 0.548	59.862
 0.547	59.912
 0.546	59.936
 0.545	59.912
 0.544	60.105
 0.543	60.008
 0.542	59.814
 0.541	59.982
 0.540	59.693
 0.539	59.764
 0.538	60.030
 0.537	59.886
 0.536	59.812
 0.535	59.932
 0.534	59.860
 0.533	59.860
 0.532	59.594
 0.531	59.665
 0.530	59.689
 0.529	59.514
 0.528	59.492
 0.527	59.375
 0.526	59.375
 0.525	59.492
 0.524	59.738
 0.523	59.424
 0.522	59.161
 0.521	59.161
 0.520	59.256
 0.519	59.154
 0.518	59.252
 0.517	59.058
 0.516	58.908
 0.515	58.954
 0.514	58.840
 0.513	59.081
 0.512	59.104
 0.511	59.275
 0.510	59.110
 0.509	58.863
 0.508	58.551
 0.507	58.520
 0.506	58.588
 0.505	58.690
 0.504	58.633
 0.503	58.610
 0.502	58.476
 0.501	58.371
 0.500	58.489
 0.499	58.489
 0.498	58.400
 0.497	58.520
 0.496	58.378
 0.495	58.282
 0.494	57.860
 0.493	58.192
 0.492	58.258
 0.491	58.258
 0.490	58.229
 0.489	57.915
 0.488	57.935
 0.487	58.011
 0.486	58.002
 0.485	57.817
 0.484	57.719
 0.483	57.903
 0.482	57.600
 0.481	57.621
 0.480	57.547
 0.479	57.621
 0.478	57.709
 0.477	57.687
 0.476	57.687
 0.475	57.396
 0.474	57.221
 0.473	57.046
 0.472	57.104
 0.471	57.104
 0.470	57.300
 0.469	57.104
 0.468	57.159
 0.467	57.321
 0.466	57.028
 0.465	56.950
 0.464	56.951
 0.463	56.909
 0.462	56.849
 0.461	56.849
 0.460	56.675
 0.459	57.056
 0.458	57.097
 0.457	57.039
 0.456	57.159
 0.455	57.079
 0.454	56.759
 0.453	56.579
 0.452	56.658
 0.451	56.558
 0.450	56.818
 0.449	56.619
 0.448	56.697
 0.447	56.515
 0.446	56.370
 0.445	56.327
 0.444	56.403
 0.443	56.320
 0.442	56.475
 0.441	56.187
 0.440	56.068
 0.439	56.149
 0.438	56.206
 0.437	55.893
 0.436	55.791
 0.435	55.764
 0.434	55.808
 0.433	55.670
 0.432	55.845
 0.431	55.659
 0.430	55.574
 0.429	55.603
 0.428	55.396
 0.427	55.400
 0.426	55.126
 0.425	55.298
 0.424	54.987
 0.423	55.143
 0.422	54.989
 0.421	54.782
 0.420	54.918
 0.419	54.831
 0.418	54.833
 0.417	54.712
 0.416	54.697
 0.415	54.524
 0.414	54.289
 0.413	54.252
 0.412	54.236
 0.411	54.055
 0.410	53.984
 0.409	54.086
 0.408	54.086
 0.407	53.944
 0.406	53.991
 0.405	53.756
 0.404	53.598
 0.403	53.481
 0.402	53.511
 0.401	53.437
 0.400	53.094
