Name: Purple Quartzite 
Type:  Rocks
Class:  Metamorphic 
Subclass: Quartzite
Particle Size:  500-1500 Micrometer
Sample No.:   qrtzit4.doc
Owner:  JHU
Wavelength Range:  All
Origin:  Sample No. 378, The Hunt and Salisbury Collection at the U.S. Geological Survey, Denver, Co.
Collection Date: N/A
Description: A schistose sample consisting of medium to coarse-grained recrystallized quartz with some muscovite that often contains ferruginous material.  In addition there are scattered opaques present in this sample.  The modal analyses for this rock are 88.2% quartz, 7.2% muscovite, 3.5% opaques and 1.1% other.  
Measurement:  Directional (10 Degree) Hemispherical Reflectance
First Column:  X
Second Column:  Y  
X Units:  Wavelength (micrometers)
Y Units:  Reflectance (percent)
First X Value: 14.9831	
Last X Value:  0.4
Number of X Values: 2868
Additional Information: jhu.becknic.rock.metamorphic.quartzite.coarse.qrtzit4.ancillary.txt

14.983	 2.590
14.940	 2.417
14.897	 2.542
14.854	 2.805
14.812	 2.925
14.770	 2.816
14.728	 2.950
14.686	 3.346
14.645	 3.281
14.603	 3.027
14.562	 3.179
14.521	 3.445
14.481	 3.567
14.441	 3.421
14.400	 3.150
14.361	 2.813
14.321	 2.505
14.281	 2.242
14.242	 2.220
14.203	 2.332
14.164	 2.474
14.126	 2.647
14.087	 2.725
14.049	 2.809
14.011	 2.874
13.973	 2.893
13.936	 2.907
13.899	 2.975
13.861	 3.026
13.824	 3.056
13.788	 3.111
13.751	 3.172
13.715	 3.160
13.678	 3.245
13.643	 3.357
13.607	 3.436
13.571	 3.499
13.536	 3.523
13.500	 3.545
13.465	 3.629
13.430	 3.695
13.396	 3.774
13.361	 3.832
13.327	 3.923
13.293	 4.002
13.259	 4.082
13.225	 4.153
13.191	 4.224
13.158	 4.395
13.124	 4.624
13.091	 4.807
13.058	 5.017
13.025	 5.263
12.993	 5.577
12.960	 6.022
12.928	 6.656
12.896	 7.418
12.864	 8.155
12.832	 8.754
12.800	 9.030
12.769	 8.850
12.738	 8.247
12.706	 7.344
12.675	 6.393
12.644	 5.829
12.614	 5.877
12.583	 6.362
12.552	 7.012
12.522	 7.462
12.492	 7.582
12.462	 7.347
12.432	 6.596
12.402	 5.257
12.373	 3.512
12.343	 2.109
12.314	 1.392
12.285	 1.142
12.256	 1.141
12.227	 1.252
12.198	 1.380
12.169	 1.508
12.141	 1.635
12.113	 1.778
12.084	 1.858
12.056	 1.937
12.028	 2.061
12.000	 2.195
11.973	 2.243
11.945	 2.317
11.918	 2.410
11.890	 2.461
11.863	 2.531
11.836	 2.598
11.809	 2.667
11.782	 2.721
11.755	 2.759
11.729	 2.799
11.702	 2.871
11.676	 2.925
11.650	 2.981
11.624	 3.050
11.598	 3.084
11.572	 3.122
11.546	 3.199
11.520	 3.257
11.495	 3.260
11.469	 3.286
11.444	 3.356
11.419	 3.444
11.394	 3.495
11.369	 3.518
11.344	 3.560
11.319	 3.624
11.294	 3.672
11.270	 3.727
11.245	 3.764
11.221	 3.807
11.197	 3.895
11.173	 3.951
11.149	 3.976
11.125	 4.031
11.101	 4.112
11.077	 4.191
11.054	 4.249
11.030	 4.301
11.007	 4.354
10.983	 4.449
10.960	 4.497
10.937	 4.527
10.914	 4.576
10.891	 4.619
10.868	 4.614
10.845	 4.573
10.823	 4.605
10.800	 4.644
10.778	 4.604
10.755	 4.625
10.733	 4.720
10.711	 4.762
10.689	 4.783
10.667	 4.858
10.645	 4.914
10.623	 4.949
10.601	 4.965
10.580	 4.984
10.558	 4.999
10.537	 5.038
10.515	 5.102
10.494	 5.156
10.473	 5.202
10.452	 5.252
10.431	 5.299
10.410	 5.353
10.389	 5.428
10.368	 5.507
10.348	 5.566
10.327	 5.652
10.306	 5.750
10.286	 5.821
10.266	 5.908
10.245	 6.001
10.225	 6.117
10.205	 6.241
10.185	 6.350
10.165	 6.438
10.145	 6.546
10.125	 6.666
10.106	 6.801
10.086	 6.931
10.066	 7.064
10.047	 7.189
10.027	 7.321
10.008	 7.509
 9.989	 7.710
 9.970	 7.863
 9.950	 8.042
 9.931	 8.213
 9.912	 8.366
 9.893	 8.467
 9.875	 8.555
 9.856	 8.719
 9.837	 8.883
 9.819	 8.997
 9.800	 9.135
 9.781	 9.330
 9.763	 9.552
 9.745	 9.833
 9.726	10.181
 9.708	10.534
 9.690	10.853
 9.672	11.216
 9.654	11.565
 9.636	11.882
 9.618	12.171
 9.600	12.456
 9.582	12.776
 9.565	13.155
 9.547	13.630
 9.530	14.158
 9.512	14.713
 9.495	15.361
 9.477	16.160
 9.460	17.089
 9.443	18.196
 9.426	19.557
 9.409	21.177
 9.392	23.134
 9.375	25.208
 9.358	27.163
 9.341	28.922
 9.324	30.394
 9.307	31.486
 9.291	32.150
 9.274	32.526
 9.257	32.770
 9.241	32.927
 9.225	33.033
 9.208	33.106
 9.192	33.118
 9.175	33.117
 9.159	33.143
 9.143	33.129
 9.127	33.056
 9.111	33.018
 9.095	32.943
 9.079	32.828
 9.063	32.734
 9.047	32.580
 9.032	32.342
 9.016	32.139
 9.000	31.988
 8.985	31.902
 8.969	32.008
 8.954	32.233
 8.938	32.569
 8.923	32.970
 8.908	33.340
 8.892	33.634
 8.877	33.788
 8.862	33.855
 8.847	33.862
 8.832	33.750
 8.817	33.551
 8.802	33.291
 8.787	32.962
 8.772	32.637
 8.757	32.334
 8.742	31.964
 8.727	31.494
 8.713	30.895
 8.698	30.048
 8.684	28.829
 8.669	26.958
 8.655	24.285
 8.640	21.513
 8.626	20.344
 8.612	21.763
 8.597	24.655
 8.583	27.387
 8.569	29.272
 8.555	30.418
 8.541	31.164
 8.527	31.627
 8.513	31.852
 8.499	31.973
 8.485	32.012
 8.471	31.931
 8.457	31.862
 8.443	31.765
 8.430	31.605
 8.416	31.447
 8.402	31.320
 8.389	31.200
 8.375	31.109
 8.361	31.014
 8.348	30.948
 8.335	30.934
 8.321	30.973
 8.308	31.005
 8.295	31.058
 8.281	31.175
 8.268	31.372
 8.255	31.523
 8.242	31.621
 8.229	31.676
 8.216	31.634
 8.203	31.443
 8.190	31.084
 8.177	30.483
 8.164	29.581
 8.151	28.344
 8.138	26.813
 8.126	25.156
 8.113	23.543
 8.100	21.974
 8.088	20.490
 8.075	19.059
 8.062	17.739
 8.050	16.522
 8.037	15.365
 8.025	14.292
 8.013	13.339
 8.000	12.435
 7.988	11.542
 7.976	10.659
 7.963	 9.780
 7.951	 8.928
 7.939	 8.105
 7.927	 7.330
 7.915	 6.658
 7.903	 6.045
 7.891	 5.495
 7.879	 4.984
 7.867	 4.518
 7.855	 4.137
 7.843	 3.808
 7.831	 3.515
 7.819	 3.269
 7.808	 3.052
 7.796	 2.846
 7.784	 2.666
 7.772	 2.520
 7.761	 2.363
 7.749	 2.177
 7.737	 1.993
 7.726	 1.824
 7.715	 1.680
 7.703	 1.567
 7.692	 1.429
 7.680	 1.279
 7.669	 1.184
 7.657	 1.102
 7.646	 0.997
 7.635	 0.929
 7.624	 0.875
 7.613	 0.822
 7.601	 0.768
 7.590	 0.715
 7.579	 0.664
 7.568	 0.642
 7.557	 0.620
 7.546	 0.598
 7.535	 0.595
 7.524	 0.578
 7.513	 0.548
 7.502	 0.547
 7.492	 0.530
 7.481	 0.519
 7.470	 0.505
 7.459	 0.484
 7.449	 0.463
 7.438	 0.454
 7.427	 0.450
 7.417	 0.445
 7.406	 0.452
 7.395	 0.449
 7.385	 0.431
 7.374	 0.426
 7.364	 0.434
 7.353	 0.424
 7.343	 0.435
 7.333	 0.445
 7.322	 0.447
 7.312	 0.455
 7.302	 0.462
 7.291	 0.455
 7.281	 0.457
 7.271	 0.449
 7.261	 0.452
 7.251	 0.480
 7.240	 0.486
 7.230	 0.484
 7.220	 0.493
 7.210	 0.492
 7.200	 0.515
 7.190	 0.526
 7.180	 0.511
 7.170	 0.519
 7.160	 0.536
 7.151	 0.535
 7.141	 0.533
 7.131	 0.557
 7.121	 0.593
 7.111	 0.566
 7.102	 0.538
 7.092	 0.564
 7.082	 0.566
 7.072	 0.568
 7.063	 0.571
 7.053	 0.577
 7.044	 0.599
 7.034	 0.605
 7.025	 0.608
 7.015	 0.610
 7.006	 0.606
 6.996	 0.619
 6.987	 0.614
 6.977	 0.608
 6.968	 0.627
 6.959	 0.666
 6.949	 0.662
 6.940	 0.654
 6.931	 0.664
 6.921	 0.676
 6.912	 0.679
 6.903	 0.666
 6.894	 0.671
 6.885	 0.670
 6.875	 0.655
 6.866	 0.665
 6.857	 0.678
 6.848	 0.693
 6.839	 0.684
 6.830	 0.672
 6.821	 0.683
 6.812	 0.685
 6.803	 0.680
 6.794	 0.705
 6.785	 0.742
 6.777	 0.761
 6.768	 0.757
 6.759	 0.752
 6.750	 0.748
 6.741	 0.746
 6.733	 0.750
 6.724	 0.749
 6.715	 0.756
 6.707	 0.766
 6.698	 0.780
 6.689	 0.794
 6.681	 0.800
 6.672	 0.819
 6.663	 0.827
 6.655	 0.810
 6.646	 0.820
 6.638	 0.845
 6.629	 0.849
 6.621	 0.830
 6.612	 0.830
 6.604	 0.864
 6.596	 0.867
 6.587	 0.850
 6.579	 0.870
 6.571	 0.865
 6.562	 0.871
 6.554	 0.864
 6.546	 0.875
 6.537	 0.876
 6.529	 0.875
 6.521	 0.910
 6.513	 0.917
 6.505	 0.914
 6.496	 0.952
 6.488	 0.942
 6.480	 0.945
 6.472	 0.960
 6.464	 0.965
 6.456	 0.982
 6.448	 0.993
 6.440	 1.017
 6.432	 1.021
 6.424	 0.996
 6.416	 1.007
 6.408	 1.036
 6.400	 1.027
 6.392	 1.007
 6.384	 1.006
 6.377	 1.010
 6.369	 0.990
 6.361	 0.970
 6.353	 0.973
 6.345	 0.982
 6.338	 1.011
 6.330	 1.020
 6.322	 0.996
 6.314	 0.964
 6.307	 0.956
 6.299	 0.989
 6.291	 1.001
 6.284	 1.000
 6.276	 1.006
 6.269	 0.996
 6.261	 0.969
 6.253	 0.974
 6.246	 0.962
 6.239	 0.976
 6.231	 0.980
 6.223	 0.953
 6.216	 0.957
 6.209	 0.997
 6.201	 0.990
 6.194	 0.967
 6.186	 0.957
 6.179	 0.945
 6.172	 0.984
 6.164	 1.010
 6.157	 1.002
 6.150	 1.000
 6.142	 1.006
 6.135	 1.008
 6.128	 1.031
 6.121	 1.050
 6.113	 1.069
 6.106	 1.081
 6.099	 1.097
 6.092	 1.100
 6.085	 1.110
 6.078	 1.138
 6.070	 1.138
 6.063	 1.127
 6.056	 1.135
 6.049	 1.135
 6.042	 1.125
 6.035	 1.140
 6.028	 1.162
 6.021	 1.170
 6.014	 1.166
 6.007	 1.167
 6.000	 1.170
 5.993	 1.160
 5.986	 1.164
 5.979	 1.162
 5.973	 1.156
 5.966	 1.167
 5.959	 1.153
 5.952	 1.152
 5.945	 1.175
 5.938	 1.176
 5.931	 1.163
 5.925	 1.185
 5.918	 1.196
 5.911	 1.191
 5.904	 1.204
 5.898	 1.206
 5.891	 1.214
 5.884	 1.234
 5.878	 1.250
 5.871	 1.273
 5.864	 1.290
 5.858	 1.293
 5.851	 1.273
 5.845	 1.264
 5.838	 1.294
 5.831	 1.332
 5.825	 1.345
 5.818	 1.355
 5.812	 1.361
 5.805	 1.368
 5.799	 1.402
 5.792	 1.417
 5.786	 1.416
 5.779	 1.420
 5.773	 1.422
 5.767	 1.436
 5.760	 1.472
 5.754	 1.484
 5.747	 1.487
 5.741	 1.500
 5.735	 1.530
 5.728	 1.532
 5.722	 1.523
 5.716	 1.525
 5.709	 1.540
 5.703	 1.553
 5.697	 1.542
 5.691	 1.539
 5.684	 1.541
 5.678	 1.508
 5.672	 1.487
 5.666	 1.474
 5.660	 1.451
 5.653	 1.426
 5.647	 1.423
 5.641	 1.423
 5.635	 1.404
 5.629	 1.388
 5.623	 1.378
 5.617	 1.368
 5.611	 1.376
 5.604	 1.391
 5.598	 1.388
 5.592	 1.376
 5.586	 1.373
 5.580	 1.393
 5.574	 1.396
 5.568	 1.401
 5.562	 1.412
 5.556	 1.409
 5.551	 1.389
 5.545	 1.376
 5.539	 1.403
 5.533	 1.415
 5.527	 1.416
 5.521	 1.427
 5.515	 1.436
 5.509	 1.440
 5.503	 1.461
 5.497	 1.474
 5.492	 1.453
 5.486	 1.453
 5.480	 1.478
 5.474	 1.505
 5.468	 1.523
 5.463	 1.530
 5.457	 1.522
 5.451	 1.520
 5.446	 1.534
 5.440	 1.550
 5.434	 1.528
 5.428	 1.499
 5.423	 1.500
 5.417	 1.502
 5.411	 1.497
 5.406	 1.480
 5.400	 1.474
 5.394	 1.464
 5.389	 1.450
 5.383	 1.452
 5.378	 1.452
 5.372	 1.455
 5.367	 1.450
 5.361	 1.432
 5.356	 1.425
 5.350	 1.403
 5.345	 1.406
 5.339	 1.431
 5.333	 1.427
 5.328	 1.421
 5.322	 1.424
 5.317	 1.432
 5.312	 1.442
 5.306	 1.429
 5.301	 1.422
 5.295	 1.433
 5.290	 1.435
 5.285	 1.438
 5.279	 1.465
 5.274	 1.480
 5.268	 1.477
 5.263	 1.468
 5.258	 1.469
 5.252	 1.484
 5.247	 1.501
 5.242	 1.516
 5.237	 1.535
 5.231	 1.554
 5.226	 1.577
 5.221	 1.576
 5.215	 1.583
 5.210	 1.617
 5.205	 1.625
 5.200	 1.619
 5.194	 1.641
 5.189	 1.637
 5.184	 1.635
 5.179	 1.627
 5.174	 1.632
 5.169	 1.648
 5.163	 1.651
 5.158	 1.651
 5.153	 1.663
 5.148	 1.670
 5.143	 1.657
 5.138	 1.656
 5.133	 1.669
 5.128	 1.671
 5.123	 1.673
 5.118	 1.676
 5.113	 1.672
 5.107	 1.681
 5.103	 1.682
 5.098	 1.658
 5.093	 1.662
 5.088	 1.672
 5.082	 1.683
 5.077	 1.675
 5.073	 1.658
 5.068	 1.672
 5.063	 1.683
 5.058	 1.672
 5.053	 1.663
 5.048	 1.673
 5.043	 1.675
 5.038	 1.675
 5.033	 1.696
 5.028	 1.681
 5.023	 1.660
 5.019	 1.662
 5.014	 1.682
 5.009	 1.696
 5.004	 1.685
 4.999	 1.689
 4.994	 1.714
 4.990	 1.704
 4.985	 1.703
 4.980	 1.718
 4.975	 1.726
 4.970	 1.746
 4.966	 1.783
 4.961	 1.810
 4.956	 1.815
 4.951	 1.819
 4.947	 1.827
 4.942	 1.846
 4.937	 1.862
 4.933	 1.891
 4.928	 1.912
 4.923	 1.936
 4.919	 1.990
 4.914	 2.045
 4.909	 2.107
 4.905	 2.203
 4.900	 2.321
 4.895	 2.450
 4.891	 2.615
 4.886	 2.799
 4.881	 3.002
 4.877	 3.207
 4.872	 3.417
 4.868	 3.655
 4.863	 3.889
 4.859	 4.115
 4.854	 4.339
 4.849	 4.544
 4.845	 4.737
 4.840	 4.943
 4.836	 5.160
 4.832	 5.378
 4.827	 5.580
 4.822	 5.786
 4.818	 5.985
 4.814	 6.169
 4.809	 6.342
 4.805	 6.546
 4.800	 6.750
 4.796	 6.933
 4.791	 7.135
 4.787	 7.344
 4.782	 7.541
 4.778	 7.722
 4.774	 7.896
 4.769	 8.056
 4.765	 8.223
 4.761	 8.394
 4.756	 8.556
 4.752	 8.693
 4.747	 8.818
 4.743	 8.933
 4.739	 9.025
 4.734	 9.110
 4.730	 9.162
 4.726	 9.187
 4.721	 9.191
 4.717	 9.133
 4.713	 9.010
 4.709	 8.811
 4.704	 8.523
 4.700	 8.168
 4.696	 7.784
 4.691	 7.413
 4.687	 7.142
 4.683	 7.028
 4.679	 7.073
 4.675	 7.261
 4.670	 7.552
 4.666	 7.937
 4.662	 8.358
 4.658	 8.771
 4.654	 9.168
 4.649	 9.587
 4.645	10.041
 4.641	10.488
 4.637	10.936
 4.633	11.385
 4.629	11.823
 4.625	12.207
 4.620	12.543
 4.616	12.841
 4.612	13.097
 4.608	13.330
 4.604	13.530
 4.600	13.708
 4.596	13.852
 4.592	13.959
 4.588	14.056
 4.584	14.127
 4.580	14.165
 4.576	14.156
 4.572	14.101
 4.567	14.033
 4.564	13.902
 4.559	13.702
 4.556	13.433
 4.551	13.107
 4.548	12.706
 4.543	12.255
 4.540	11.781
 4.536	11.283
 4.532	10.768
 4.528	10.235
 4.524	 9.703
 4.520	 9.147
 4.516	 8.585
 4.512	 8.044
 4.508	 7.533
 4.504	 7.095
 4.500	 6.757
 4.496	 6.502
 4.492	 6.324
 4.488	 6.193
 4.485	 6.097
 4.481	 5.998
 4.477	 5.902
 4.473	 5.811
 4.469	 5.758
 4.465	 5.762
 4.461	 5.854
 4.458	 6.011
 4.454	 6.196
 4.450	 6.389
 4.446	 6.531
 4.442	 6.636
 4.439	 6.758
 4.435	 6.880
 4.431	 7.001
 4.427	 7.158
 4.423	 7.328
 4.420	 7.511
 4.416	 7.709
 4.412	 7.921
 4.408	 8.120
 4.404	 8.340
 4.401	 8.612
 4.397	 8.890
 4.393	 9.200
 4.390	 9.544
 4.386	 9.895
 4.382	10.254
 4.378	10.621
 4.375	11.012
 4.371	11.428
 4.367	11.825
 4.364	12.190
 4.360	12.560
 4.356	12.910
 4.353	13.224
 4.349	13.501
 4.346	13.731
 4.342	13.954
 4.338	14.125
 4.335	14.240
 4.331	14.333
 4.327	14.370
 4.324	14.352
 4.320	14.284
 4.316	14.186
 4.313	14.058
 4.309	13.901
 4.306	13.775
 4.302	13.639
 4.299	13.508
 4.295	13.407
 4.292	13.351
 4.288	13.350
 4.284	13.387
 4.281	13.443
 4.277	13.551
 4.274	13.697
 4.270	13.869
 4.267	14.099
 4.263	14.360
 4.260	14.587
 4.256	14.780
 4.253	14.958
 4.249	15.085
 4.246	15.137
 4.242	15.167
 4.239	15.197
 4.235	15.221
 4.232	15.273
 4.229	15.380
 4.225	15.513
 4.222	15.644
 4.218	15.741
 4.215	15.824
 4.211	15.869
 4.208	15.882
 4.205	15.902
 4.201	15.926
 4.198	15.951
 4.194	16.035
 4.191	16.171
 4.188	16.331
 4.184	16.531
 4.181	16.749
 4.177	16.953
 4.174	17.131
 4.171	17.291
 4.167	17.472
 4.164	17.651
 4.161	17.805
 4.157	17.965
 4.154	18.121
 4.151	18.259
 4.147	18.410
 4.144	18.578
 4.141	18.747
 4.137	18.932
 4.134	19.106
 4.131	19.308
 4.128	19.539
 4.124	19.748
 4.121	19.950
 4.118	20.170
 4.114	20.427
 4.111	20.689
 4.108	20.935
 4.105	21.185
 4.101	21.452
 4.098	21.707
 4.095	21.951
 4.092	22.201
 4.088	22.444
 4.085	22.674
 4.082	22.871
 4.079	23.061
 4.076	23.229
 4.072	23.380
 4.069	23.522
 4.066	23.628
 4.063	23.688
 4.060	23.729
 4.056	23.767
 4.053	23.784
 4.050	23.790
 4.047	23.785
 4.044	23.730
 4.041	23.679
 4.037	23.656
 4.034	23.603
 4.031	23.555
 4.028	23.527
 4.025	23.485
 4.022	23.444
 4.019	23.423
 4.016	23.422
 4.013	23.434
 4.009	23.413
 4.006	23.429
 4.003	23.488
 4.000	23.537
 3.997	23.609
 3.994	23.702
 3.991	23.804
 3.988	23.920
 3.985	24.052
 3.982	24.203
 3.979	24.366
 3.976	24.534
 3.973	24.710
 3.970	24.884
 3.966	25.047
 3.963	25.234
 3.960	25.443
 3.957	25.658
 3.954	25.854
 3.951	26.037
 3.948	26.207
 3.945	26.396
 3.942	26.577
 3.939	26.737
 3.936	26.870
 3.933	26.996
 3.930	27.126
 3.927	27.218
 3.924	27.252
 3.921	27.290
 3.918	27.328
 3.916	27.337
 3.913	27.290
 3.910	27.255
 3.907	27.204
 3.904	27.115
 3.901	27.011
 3.898	26.895
 3.895	26.762
 3.892	26.634
 3.889	26.509
 3.886	26.362
 3.883	26.201
 3.880	26.056
 3.877	25.912
 3.875	25.785
 3.872	25.677
 3.869	25.578
 3.866	25.482
 3.863	25.408
 3.860	25.375
 3.857	25.346
 3.854	25.315
 3.852	25.297
 3.849	25.301
 3.846	25.329
 3.843	25.391
 3.840	25.467
 3.837	25.520
 3.834	25.589
 3.832	25.674
 3.829	25.775
 3.826	25.901
 3.823	25.989
 3.820	26.061
 3.817	26.127
 3.815	26.231
 3.812	26.322
 3.809	26.373
 3.806	26.412
 3.804	26.445
 3.801	26.455
 3.798	26.443
 3.795	26.395
 3.792	26.343
 3.790	26.285
 3.787	26.217
 3.784	26.149
 3.781	26.028
 3.779	25.887
 3.776	25.771
 3.773	25.663
 3.770	25.517
 3.768	25.363
 3.765	25.228
 3.762	25.098
 3.759	24.980
 3.757	24.872
 3.754	24.790
 3.751	24.694
 3.748	24.590
 3.746	24.501
 3.743	24.438
 3.740	24.437
 3.738	24.464
 3.735	24.518
 3.732	24.580
 3.730	24.643
 3.727	24.735
 3.724	24.854
 3.722	24.976
 3.719	25.130
 3.716	25.312
 3.714	25.488
 3.711	25.660
 3.708	25.838
 3.706	26.019
 3.703	26.229
 3.700	26.476
 3.698	26.727
 3.695	26.970
 3.692	27.203
 3.690	27.465
 3.687	27.766
 3.684	28.061
 3.682	28.334
 3.679	28.601
 3.677	28.895
 3.674	29.166
 3.671	29.388
 3.669	29.578
 3.666	29.783
 3.664	29.991
 3.661	30.147
 3.659	30.272
 3.656	30.428
 3.653	30.567
 3.651	30.665
 3.648	30.733
 3.646	30.808
 3.643	30.882
 3.641	30.940
 3.638	30.978
 3.635	31.017
 3.633	31.044
 3.630	31.075
 3.628	31.086
 3.625	31.121
 3.623	31.150
 3.620	31.170
 3.618	31.192
 3.615	31.215
 3.613	31.242
 3.610	31.278
 3.608	31.293
 3.605	31.316
 3.603	31.361
 3.600	31.410
 3.598	31.467
 3.595	31.506
 3.593	31.545
 3.590	31.607
 3.588	31.663
 3.585	31.718
 3.583	31.811
 3.580	31.894
 3.578	31.958
 3.575	32.026
 3.573	32.096
 3.570	32.200
 3.568	32.313
 3.565	32.400
 3.563	32.475
 3.561	32.544
 3.558	32.631
 3.556	32.738
 3.553	32.839
 3.551	32.883
 3.548	32.952
 3.546	33.044
 3.543	33.115
 3.541	33.165
 3.539	33.228
 3.536	33.318
 3.534	33.353
 3.531	33.357
 3.529	33.405
 3.527	33.427
 3.524	33.416
 3.522	33.419
 3.519	33.422
 3.517	33.403
 3.515	33.374
 3.512	33.372
 3.510	33.388
 3.507	33.386
 3.505	33.398
 3.503	33.446
 3.500	33.549
 3.498	33.630
 3.496	33.704
 3.493	33.805
 3.491	33.895
 3.489	33.983
 3.486	34.043
 3.484	34.091
 3.482	34.116
 3.479	34.143
 3.477	34.189
 3.475	34.207
 3.472	34.200
 3.470	34.197
 3.468	34.183
 3.465	34.198
 3.463	34.194
 3.461	34.144
 3.458	34.094
 3.456	34.052
 3.454	34.011
 3.451	33.945
 3.449	33.853
 3.447	33.777
 3.445	33.730
 3.442	33.677
 3.440	33.625
 3.438	33.548
 3.436	33.482
 3.433	33.417
 3.431	33.358
 3.429	33.278
 3.426	33.169
 3.424	33.045
 3.422	32.931
 3.420	32.795
 3.417	32.705
 3.415	32.645
 3.413	32.578
 3.411	32.551
 3.408	32.507
 3.406	32.532
 3.404	32.554
 3.402	32.532
 3.399	32.546
 3.397	32.529
 3.395	32.511
 3.393	32.500
 3.391	32.461
 3.388	32.385
 3.386	32.337
 3.384	32.295
 3.382	32.211
 3.380	32.148
 3.377	32.124
 3.375	32.080
 3.373	32.048
 3.371	32.040
 3.369	32.037
 3.366	32.050
 3.364	32.078
 3.362	32.051
 3.360	32.049
 3.358	32.071
 3.355	32.071
 3.353	32.031
 3.351	31.994
 3.349	31.965
 3.347	31.892
 3.345	31.871
 3.342	31.859
 3.340	31.784
 3.338	31.729
 3.336	31.712
 3.334	31.686
 3.332	31.616
 3.330	31.560
 3.327	31.527
 3.325	31.473
 3.323	31.415
 3.321	31.335
 3.319	31.258
 3.317	31.187
 3.315	31.131
 3.313	31.061
 3.310	30.962
 3.308	30.873
 3.306	30.782
 3.304	30.681
 3.302	30.569
 3.300	30.478
 3.298	30.383
 3.296	30.293
 3.294	30.197
 3.292	30.077
 3.289	29.971
 3.287	29.899
 3.285	29.826
 3.283	29.728
 3.281	29.628
 3.279	29.535
 3.277	29.451
 3.275	29.381
 3.273	29.283
 3.271	29.167
 3.269	29.067
 3.267	28.973
 3.265	28.910
 3.263	28.843
 3.260	28.750
 3.258	28.632
 3.256	28.537
 3.254	28.466
 3.252	28.369
 3.250	28.281
 3.248	28.208
 3.246	28.110
 3.244	28.021
 3.242	27.925
 3.240	27.806
 3.238	27.708
 3.236	27.600
 3.234	27.526
 3.232	27.435
 3.230	27.331
 3.228	27.203
 3.226	27.091
 3.224	27.002
 3.222	26.897
 3.220	26.793
 3.218	26.701
 3.216	26.556
 3.214	26.451
 3.212	26.314
 3.210	26.189
 3.208	26.101
 3.206	25.991
 3.204	25.875
 3.202	25.759
 3.200	25.653
 3.198	25.520
 3.196	25.398
 3.194	25.299
 3.192	25.210
 3.190	25.104
 3.188	24.962
 3.186	24.843
 3.184	24.742
 3.182	24.647
 3.180	24.546
 3.179	24.435
 3.177	24.333
 3.175	24.252
 3.173	24.139
 3.171	24.019
 3.169	23.929
 3.167	23.813
 3.165	23.709
 3.163	23.584
 3.161	23.470
 3.159	23.371
 3.157	23.249
 3.155	23.133
 3.153	23.019
 3.151	22.876
 3.150	22.745
 3.148	22.617
 3.146	22.461
 3.144	22.286
 3.142	22.102
 3.140	21.959
 3.138	21.815
 3.136	21.675
 3.134	21.546
 3.132	21.430
 3.131	21.354
 3.129	21.257
 3.127	21.151
 3.125	21.056
 3.123	21.002
 3.121	20.948
 3.119	20.883
 3.117	20.819
 3.115	20.781
 3.114	20.738
 3.112	20.679
 3.110	20.641
 3.108	20.590
 3.106	20.528
 3.104	20.483
 3.102	20.422
 3.101	20.360
 3.099	20.295
 3.097	20.266
 3.095	20.206
 3.093	20.122
 3.091	20.081
 3.090	20.049
 3.088	19.980
 3.086	19.884
 3.084	19.804
 3.082	19.730
 3.080	19.656
 3.079	19.607
 3.077	19.519
 3.075	19.429
 3.073	19.353
 3.071	19.270
 3.069	19.178
 3.067	19.112
 3.066	19.026
 3.064	18.947
 3.062	18.868
 3.060	18.785
 3.058	18.685
 3.057	18.558
 3.055	18.490
 3.053	18.391
 3.051	18.251
 3.050	18.161
 3.048	18.056
 3.046	17.936
 3.044	17.842
 3.042	17.746
 3.041	17.667
 3.039	17.592
 3.037	17.523
 3.035	17.453
 3.033	17.364
 3.032	17.261
 3.030	17.215
 3.028	17.164
 3.026	17.105
 3.025	17.055
 3.023	16.995
 3.021	16.929
 3.019	16.891
 3.018	16.858
 3.016	16.805
 3.014	16.769
 3.012	16.767
 3.010	16.766
 3.009	16.727
 3.007	16.694
 3.005	16.693
 3.004	16.673
 3.002	16.645
 3.000	16.595
 2.998	16.522
 2.997	16.506
 2.995	16.484
 2.993	16.432
 2.991	16.421
 2.990	16.379
 2.988	16.294
 2.986	16.206
 2.985	16.152
 2.983	16.102
 2.981	16.002
 2.979	15.880
 2.978	15.770
 2.976	15.672
 2.974	15.544
 2.973	15.417
 2.971	15.250
 2.969	15.063
 2.967	14.881
 2.966	14.665
 2.964	14.480
 2.962	14.351
 2.961	14.246
 2.959	14.213
 2.957	14.248
 2.956	14.320
 2.954	14.449
 2.952	14.571
 2.951	14.620
 2.949	14.645
 2.947	14.716
 2.946	14.749
 2.944	14.801
 2.942	14.841
 2.941	14.846
 2.939	14.830
 2.937	14.844
 2.936	14.844
 2.934	14.818
 2.932	14.781
 2.931	14.737
 2.929	14.714
 2.927	14.694
 2.926	14.617
 2.924	14.559
 2.922	14.541
 2.921	14.510
 2.919	14.473
 2.917	14.418
 2.916	14.374
 2.914	14.379
 2.912	14.342
 2.911	14.337
 2.909	14.350
 2.908	14.341
 2.906	14.323
 2.904	14.326
 2.903	14.336
 2.901	14.351
 2.899	14.313
 2.898	14.257
 2.896	14.241
 2.895	14.235
 2.893	14.290
 2.891	14.297
 2.890	14.244
 2.888	14.188
 2.886	14.191
 2.885	14.171
 2.883	14.123
 2.882	14.079
 2.880	14.070
 2.878	14.114
 2.877	14.123
 2.875	14.133
 2.874	14.168
 2.872	14.172
 2.870	14.129
 2.869	14.107
 2.867	14.147
 2.866	14.148
 2.864	14.148
 2.863	14.178
 2.861	14.174
 2.859	14.158
 2.858	14.154
 2.856	14.125
 2.855	14.121
 2.853	14.137
 2.852	14.136
 2.850	14.161
 2.848	14.184
 2.847	14.187
 2.845	14.177
 2.844	14.179
 2.842	14.223
 2.841	14.277
 2.839	14.270
 2.837	14.266
 2.836	14.275
 2.834	14.285
 2.833	14.303
 2.831	14.290
 2.830	14.245
 2.828	14.208
 2.827	14.204
 2.825	14.142
 2.824	14.091
 2.822	14.083
 2.821	14.058
 2.819	13.983
 2.817	13.921
 2.816	13.878
 2.814	13.814
 2.813	13.764
 2.811	13.700
 2.810	13.578
 2.808	13.456
 2.807	13.367
 2.805	13.304
 2.804	13.206
 2.802	13.064
 2.801	12.929
 2.799	12.797
 2.798	12.667
 2.796	12.560
 2.795	12.397
 2.793	12.239
 2.792	12.085
 2.790	11.937
 2.789	11.823
 2.787	11.673
 2.786	11.511
 2.784	11.377
 2.783	11.178
 2.781	10.951
 2.780	10.796
 2.778	10.644
 2.777	10.489
 2.775	10.319
 2.774	10.087
 2.772	 9.773
 2.771	 9.403
 2.769	 8.983
 2.768	 8.510
 2.766	 7.985
 2.765	 7.391
 2.763	 6.829
 2.762	 6.606
 2.760	 6.851
 2.759	 7.305
 2.757	 7.703
 2.756	 8.063
 2.755	 8.326
 2.753	 8.489
 2.752	 8.587
 2.750	 8.610
 2.749	 8.561
 2.747	 8.484
 2.746	 8.350
 2.744	 8.129
 2.743	 7.898
 2.741	 7.716
 2.740	 7.561
 2.739	 7.444
 2.737	 7.424
 2.736	 7.500
 2.734	 7.650
 2.733	 7.838
 2.731	 7.975
 2.730	 7.987
 2.728	 7.931
 2.727	 7.869
 2.726	 7.836
 2.724	 7.866
 2.723	 8.009
 2.721	 8.204
 2.720	 8.417
 2.719	 8.545
 2.717	 8.579
 2.716	 8.559
 2.714	 8.533
 2.713	 8.503
 2.711	 8.506
 2.710	 8.509
 2.708	 8.509
 2.707	 8.512
 2.706	 8.593
 2.704	 8.796
 2.703	 9.141
 2.701	 9.582
 2.700	10.053
 2.699	10.548
 2.697	11.095
 2.696	11.574
 2.695	12.060
 2.693	12.699
 2.692	13.446
 2.690	14.288
 2.689	15.160
 2.688	16.059
 2.686	16.952
 2.685	17.744
 2.683	18.477
 2.682	19.177
 2.680	19.800
 2.679	20.390
 2.678	20.941
 2.676	21.481
 2.675	21.996
 2.674	22.463
 2.672	22.954
 2.671	23.410
 2.670	23.831
 2.668	24.234
 2.667	24.594
 2.665	24.973
 2.664	25.349
 2.663	25.693
 2.661	26.018
 2.660	26.315
 2.659	26.605
 2.657	26.862
 2.656	27.106
 2.655	27.361
 2.653	27.598
 2.652	27.791
 2.650	27.971
 2.649	28.158
 2.648	28.321
 2.646	28.496
 2.645	28.657
 2.644	28.761
 2.642	28.897
 2.641	29.058
 2.640	29.212
 2.638	29.347
 2.637	29.466
 2.636	29.576
 2.634	29.744
 2.633	29.907
 2.631	30.025
 2.630	30.137
 2.629	30.290
 2.627	30.380
 2.626	30.468
 2.625	30.562
 2.624	30.642
 2.622	30.716
 2.621	30.793
 2.620	30.849
 2.618	30.885
 2.617	30.910
 2.616	30.914
 2.614	30.946
 2.613	30.990
 2.612	30.953
 2.610	30.945
 2.609	30.976
 2.608	31.008
 2.606	31.066
 2.605	31.125
 2.604	31.135
 2.603	31.159
 2.601	31.192
 2.600	31.228
 2.599	31.277
 2.597	31.310
 2.596	31.357
 2.595	31.459
 2.593	31.541
 2.592	31.607
 2.591	31.668
 2.590	31.748
 2.588	31.802
 2.587	31.848
 2.586	31.924
 2.584	32.063
 2.583	32.191
 2.582	32.275
 2.580	32.301
 2.579	32.328
 2.578	32.391
 2.577	32.420
 2.575	32.442
 2.574	32.503
 2.573	32.560
 2.571	32.623
 2.570	32.673
 2.569	32.769
 2.568	32.900
 2.566	33.019
 2.565	33.128
 2.564	33.238
 2.563	33.358
 2.561	33.493
 2.560	33.567
 2.559	33.644
 2.558	33.779
 2.556	33.892
 2.555	33.965
 2.554	34.015
 2.553	34.009
 2.551	34.014
 2.550	33.997
 2.549	34.002
 2.547	34.073
 2.546	34.094
 2.545	34.114
 2.544	34.151
 2.542	34.194
 2.541	34.233
 2.540	34.300
 2.539	34.354
 2.538	34.385
 2.536	34.412
 2.535	34.435
 2.534	34.443
 2.533	34.468
 2.531	34.510
 2.530	34.514
 2.529	34.505
 2.528	34.520
 2.526	34.538
 2.525	34.571
 2.524	34.596
 2.523	34.559
 2.522	34.524
 2.520	34.510
 2.519	34.493
 2.518	34.481
 2.517	34.461
 2.515	34.463
 2.514	34.448
 2.513	34.425
 2.512	34.416
 2.510	34.409
 2.509	34.414
 2.508	34.442
 2.507	34.459
 2.506	34.454
 2.504	34.455
 2.503	34.466
 2.502	34.490
 2.501	34.480
 2.500	34.505
 2.498	34.520
 2.497	34.511
 2.496	34.506
 2.495	34.487
 2.494	34.461
 2.492	34.458
 2.491	34.476
 2.490	34.466
 2.489	34.446
 2.488	34.458
 2.486	34.518
 2.485	34.577
 2.484	34.670
 2.483	34.782
 2.482	34.874
 2.481	34.978
 2.479	35.084
 2.478	35.113
 2.477	35.160
 2.476	35.231
 2.474	35.289
 2.473	35.321
 2.472	35.346
 2.471	35.376
 2.470	35.391
 2.469	35.404
 2.467	35.394
 2.466	35.415
 2.465	35.422
 2.464	35.373
 2.463	35.360
 2.462	35.384
 2.460	35.351
 2.459	35.298
 2.458	35.291
 2.457	35.290
 2.456	35.281
 2.455	35.287
 2.454	35.334
 2.452	35.347
 2.451	35.305
 2.450	35.292
 2.449	35.312
 2.448	35.312
 2.446	35.323
 2.445	35.335
 2.444	35.348
 2.443	35.369
 2.442	35.391
 2.441	35.379
 2.440	35.405
 2.438	35.457
 2.437	35.547
 2.436	35.653
 2.435	35.729
 2.434	35.853
 2.433	35.990
 2.432	36.075
 2.430	36.150
 2.429	36.280
 2.428	36.423
 2.427	36.539
 2.426	36.610
 2.425	36.700
 2.424	36.800
 2.422	36.911
 2.421	37.032
 2.420	37.145
 2.419	37.242
 2.418	37.320
 2.417	37.396
 2.416	37.488
 2.415	37.587
 2.413	37.696
 2.412	37.764
 2.411	37.806
 2.410	37.873
 2.409	37.946
 2.408	37.989
 2.407	38.058
 2.406	38.158
 2.405	38.198
 2.403	38.233
 2.402	38.242
 2.401	38.196
 2.400	38.151
 2.399	38.142
 2.398	38.126
 2.397	38.032
 2.396	37.960
 2.394	37.915
 2.393	37.838
 2.392	37.766
 2.391	37.694
 2.390	37.679
 2.389	37.630
 2.388	37.533
 2.387	37.474
 2.386	37.425
 2.385	37.379
 2.384	37.361
 2.382	37.384
 2.381	37.464
 2.380	37.564
 2.379	37.649
 2.378	37.736
 2.377	37.868
 2.376	38.011
 2.375	38.153
 2.374	38.266
 2.373	38.385
 2.372	38.498
 2.370	38.637
 2.369	38.741
 2.368	38.770
 2.367	38.827
 2.366	38.895
 2.365	38.914
 2.364	38.911
 2.363	38.876
 2.362	38.819
 2.361	38.757
 2.360	38.738
 2.359	38.710
 2.357	38.645
 2.356	38.620
 2.355	38.667
 2.354	38.681
 2.353	38.682
 2.352	38.724
 2.351	38.751
 2.350	38.730
 2.349	38.716
 2.348	38.787
 2.347	38.887
 2.346	38.942
 2.345	38.996
 2.344	39.092
 2.343	39.211
 2.341	39.314
 2.341	39.367
 2.339	39.478
 2.338	39.569
 2.337	39.623
 2.336	39.661
 2.335	39.699
 2.334	39.724
 2.333	39.749
 2.332	39.758
 2.331	39.746
 2.330	39.760
 2.329	39.849
 2.328	39.910
 2.327	39.929
 2.326	39.949
 2.325	39.999
 2.324	40.094
 2.323	40.219
 2.322	40.289
 2.321	40.312
 2.320	40.386
 2.318	40.497
 2.317	40.588
 2.316	40.702
 2.315	40.779
 2.314	40.888
 2.313	41.018
 2.312	41.092
 2.311	41.208
 2.310	41.371
 2.309	41.515
 2.308	41.652
 2.307	41.777
 2.306	41.886
 2.305	42.038
 2.304	42.181
 2.303	42.269
 2.302	42.302
 2.301	42.395
 2.300	42.532
 2.299	42.694
 2.298	42.783
 2.297	42.851
 2.296	42.944
 2.295	43.064
 2.294	43.141
 2.293	43.207
 2.292	43.282
 2.291	43.351
 2.290	43.477
 2.289	43.599
 2.288	43.685
 2.287	43.757
 2.286	43.825
 2.285	43.891
 2.284	43.998
 2.283	44.054
 2.282	44.086
 2.281	44.180
 2.280	44.263
 2.279	44.300
 2.278	44.330
 2.277	44.401
 2.276	44.489
 2.275	44.535
 2.274	44.590
 2.273	44.645
 2.272	44.711
 2.271	44.768
 2.270	44.803
 2.269	44.850
 2.268	44.899
 2.267	44.920
 2.266	44.930
 2.265	44.945
 2.264	44.950
 2.263	44.963
 2.262	44.938
 2.261	44.914
 2.260	44.922
 2.259	44.987
 2.258	45.043
 2.257	45.061
 2.256	45.071
 2.255	45.060
 2.254	45.023
 2.253	45.037
 2.252	45.073
 2.251	45.048
 2.250	45.012
 2.249	45.009
 2.248	44.993
 2.247	44.959
 2.246	44.915
 2.245	44.864
 2.244	44.800
 2.243	44.727
 2.242	44.720
 2.241	44.644
 2.240	44.542
 2.239	44.494
 2.238	44.462
 2.237	44.367
 2.236	44.305
 2.236	44.271
 2.235	44.245
 2.234	44.207
 2.233	44.151
 2.232	44.087
 2.231	44.020
 2.230	43.998
 2.229	43.955
 2.228	43.865
 2.227	43.786
 2.226	43.750
 2.225	43.669
 2.224	43.492
 2.223	43.345
 2.222	43.168
 2.221	42.982
 2.220	42.750
 2.219	42.504
 2.218	42.159
 2.217	41.738
 2.216	41.296
 2.216	40.771
 2.215	40.136
 2.214	39.318
 2.213	38.322
 2.212	37.218
 2.211	36.086
 2.210	35.113
 2.209	34.533
 2.208	34.430
 2.207	34.735
 2.206	35.299
 2.205	35.953
 2.204	36.452
 2.203	36.785
 2.202	37.045
 2.201	37.251
 2.200	37.389
 2.200	37.440
 2.199	37.443
 2.198	37.392
 2.197	37.367
 2.196	37.354
 2.195	37.338
 2.194	37.357
 2.193	37.392
 2.192	37.521
 2.191	37.654
 2.190	37.768
 2.189	37.866
 2.188	37.969
 2.187	38.145
 2.187	38.318
 2.186	38.424
 2.185	38.531
 2.184	38.639
 2.183	38.756
 2.182	38.901
 2.181	39.024
 2.180	39.117
 2.179	39.272
 2.178	39.426
 2.177	39.546
 2.176	39.656
 2.175	39.739
 2.175	39.769
 2.174	39.805
 2.173	39.888
 2.172	39.922
 2.171	39.900
 2.170	39.914
 2.169	39.993
 2.168	40.053
 2.167	40.076
 2.166	40.227
 2.166	40.428
 2.165	40.602
 2.164	40.837
 2.163	41.142
 2.162	41.390
 2.161	41.608
 2.160	41.883
 2.159	42.151
 2.158	42.435
 2.157	42.704
 2.156	42.938
 2.156	43.144
 2.155	43.373
 2.154	43.608
 2.153	43.807
 2.152	44.044
 2.151	44.259
 2.150	44.500
 2.149	44.737
 2.148	44.994
 2.147	45.214
 2.147	45.451
 2.146	45.694
 2.145	45.916
 2.144	46.105
 2.143	46.272
 2.142	46.393
 2.141	46.495
 2.140	46.607
 2.140	46.723
 2.139	46.842
 2.138	46.995
 2.137	47.083
 2.136	47.208
 2.135	47.338
 2.134	47.354
 2.133	47.401
 2.132	47.488
 2.132	47.556
 2.131	47.581
 2.130	47.643
 2.129	47.727
 2.128	47.801
 2.127	47.817
 2.126	47.824
 2.126	47.859
 2.125	47.990
 2.124	48.037
 2.123	48.053
 2.122	48.034
 2.121	48.056
 2.120	48.070
 2.119	48.107
 2.119	48.109
 2.118	48.089
 2.117	48.110
 2.116	48.136
 2.115	48.139
 2.114	48.149
 2.113	48.146
 2.112	48.147
 2.112	48.192
 2.111	48.289
 2.110	48.467
 2.109	48.528
 2.108	48.572
 2.107	48.725
 2.107	48.789
 2.106	48.794
 2.105	48.858
 2.104	48.887
 2.103	48.949
 2.102	49.055
 2.101	49.112
 2.100	49.046
 2.100	49.053
 2.099	49.119
 2.098	49.182
 2.097	49.199
 2.096	49.201
 2.095	49.182
 2.095	49.231
 2.094	49.234
 2.093	49.251
 2.092	49.303
 2.091	49.325
 2.090	49.286
 2.090	49.304
 2.089	49.351
 2.088	49.355
 2.087	49.376
 2.086	49.438
 2.085	49.457
 2.084	49.450
 2.084	49.533
 2.083	49.627
 2.082	49.666
 2.081	49.625
 2.080	49.666
 2.079	49.745
 2.076	49.922
 2.072	50.230
 2.068	50.258
 2.064	50.307
 2.060	50.493
 2.056	50.657
 2.052	50.359
 2.048	50.515
 2.044	50.638
 2.040	50.810
 2.036	51.029
 2.032	50.829
 2.028	50.834
 2.024	50.906
 2.020	50.818
 2.016	50.685
 2.012	50.735
 2.008	50.809
 2.004	50.811
 2.000	50.850
 1.996	50.815
 1.992	50.517
 1.988	50.571
 1.984	50.577
 1.980	50.450
 1.976	50.357
 1.972	50.382
 1.968	50.323
 1.964	50.596
 1.960	50.581
 1.956	50.366
 1.952	50.282
 1.948	50.273
 1.944	50.086
 1.940	49.987
 1.936	49.870
 1.932	50.019
 1.928	50.307
 1.924	50.345
 1.920	49.915
 1.916	49.860
 1.912	49.910
 1.908	49.897
 1.904	50.101
 1.900	50.406
 1.896	50.495
 1.892	50.632
 1.888	50.959
 1.884	51.433
 1.880	51.820
 1.876	51.944
 1.872	52.088
 1.868	51.998
 1.864	52.278
 1.860	52.341
 1.856	52.381
 1.852	52.466
 1.848	52.466
 1.844	52.402
 1.840	52.320
 1.836	52.304
 1.832	52.377
 1.828	52.458
 1.824	52.158
 1.820	52.135
 1.816	52.140
 1.812	52.233
 1.808	52.489
 1.804	52.567
 1.800	52.442
 1.796	52.372
 1.792	52.325
 1.788	52.278
 1.784	52.190
 1.780	52.247
 1.776	52.255
 1.772	52.169
 1.768	52.223
 1.764	52.249
 1.760	52.257
 1.756	52.418
 1.752	52.270
 1.748	52.338
 1.744	52.601
 1.740	52.963
 1.736	52.866
 1.732	52.819
 1.728	52.867
 1.724	52.987
 1.720	52.970
 1.716	53.027
 1.712	52.851
 1.708	52.750
 1.704	52.593
 1.700	52.794
 1.696	52.757
 1.692	52.870
 1.688	52.864
 1.684	53.033
 1.680	53.101
 1.676	52.999
 1.672	52.971
 1.668	52.987
 1.664	53.090
 1.660	52.877
 1.656	52.834
 1.652	53.064
 1.648	53.176
 1.644	53.423
 1.640	53.335
 1.636	53.226
 1.632	53.302
 1.628	53.215
 1.624	53.108
 1.620	52.965
 1.616	52.907
 1.612	52.914
 1.608	53.145
 1.604	53.228
 1.600	53.340
 1.596	53.303
 1.592	53.093
 1.588	53.106
 1.584	53.049
 1.580	53.020
 1.576	53.044
 1.572	53.237
 1.568	53.359
 1.564	53.143
 1.560	53.000
 1.556	53.014
 1.552	52.968
 1.548	52.870
 1.544	52.904
 1.540	53.447
 1.536	53.398
 1.532	53.500
 1.528	53.641
 1.524	53.544
 1.520	53.427
 1.516	53.377
 1.512	53.239
 1.508	53.104
 1.504	52.886
 1.500	53.028
 1.496	52.931
 1.492	52.891
 1.488	52.950
 1.484	53.207
 1.480	53.340
 1.476	53.220
 1.472	53.148
 1.468	53.181
 1.464	52.967
 1.460	52.853
 1.456	52.703
 1.452	52.779
 1.448	52.811
 1.444	52.867
 1.440	52.864
 1.436	52.966
 1.432	52.767
 1.428	52.638
 1.424	52.150
 1.420	51.525
 1.416	50.336
 1.412	48.152
 1.408	45.509
 1.404	44.519
 1.400	44.987
 1.396	45.196
 1.392	45.637
 1.388	46.397
 1.384	47.502
 1.380	48.738
 1.376	49.865
 1.372	50.644
 1.368	51.543
 1.364	52.143
 1.360	52.294
 1.356	52.499
 1.352	52.418
 1.348	52.695
 1.344	52.959
 1.340	52.961
 1.336	53.161
 1.332	53.175
 1.328	53.177
 1.324	53.121
 1.320	53.159
 1.316	53.023
 1.312	52.881
 1.308	52.977
 1.304	53.026
 1.300	53.121
 1.296	53.249
 1.292	53.346
 1.288	53.484
 1.284	53.398
 1.280	53.481
 1.276	53.588
 1.272	53.517
 1.268	53.838
 1.264	54.070
 1.260	54.038
 1.256	54.188
 1.252	54.312
 1.248	54.329
 1.244	54.349
 1.240	54.393
 1.236	54.527
 1.232	54.443
 1.228	54.243
 1.224	54.401
 1.220	54.528
 1.216	54.487
 1.212	54.554
 1.208	54.820
 1.204	54.827
 1.200	55.001
 1.196	54.899
 1.192	54.863
 1.188	54.893
 1.184	54.867
 1.180	54.798
 1.176	54.683
 1.172	54.639
 1.168	54.564
 1.164	54.698
 1.160	54.667
 1.156	54.523
 1.152	54.679
 1.148	54.865
 1.144	54.962
 1.140	54.516
 1.136	54.548
 1.132	54.645
 1.128	54.830
 1.124	54.941
 1.120	54.804
 1.116	54.282
 1.112	54.264
 1.108	54.239
 1.104	54.342
 1.100	54.335
 1.096	54.267
 1.092	54.773
 1.088	54.620
 1.084	54.774
 1.080	54.561
 1.076	54.592
 1.072	54.628
 1.068	54.714
 1.064	54.746
 1.060	54.561
 1.056	54.754
 1.052	54.839
 1.048	54.859
 1.044	54.846
 1.040	54.606
 1.036	54.277
 1.032	54.254
 1.028	54.433
 1.024	54.035
 1.020	54.476
 1.016	54.587
 1.012	54.298
 1.008	54.215
 1.004	54.011
 1.000	53.876
 0.996	53.926
 0.992	53.589
 0.988	53.227
 0.984	53.360
 0.980	53.529
 0.976	53.340
 0.972	53.138
 0.968	53.111
 0.964	52.957
 0.960	52.591
 0.956	52.523
 0.952	52.300
 0.948	52.391
 0.944	52.219
 0.940	51.986
 0.936	51.977
 0.932	51.924
 0.928	51.930
 0.924	51.803
 0.920	51.514
 0.916	51.041
 0.912	51.344
 0.908	51.343
 0.904	51.045
 0.900	50.976
 0.896	50.960
 0.892	50.916
 0.888	50.930
 0.884	50.889
 0.880	50.860
 0.876	50.741
 0.872	50.913
 0.868	50.843
 0.864	50.764
 0.860	50.888
 0.856	50.962
 0.852	50.843
 0.848	50.922
 0.844	50.888
 0.840	50.927
 0.836	50.897
 0.832	51.172
 0.828	51.384
 0.824	51.137
 0.820	51.086
 0.816	51.395
 0.812	51.330
 0.808	51.364
 0.804	51.658
 0.800	51.911
 0.799	52.814
 0.798	52.813
 0.797	52.764
 0.796	52.651
 0.795	52.710
 0.794	52.657
 0.793	52.810
 0.792	52.814
 0.791	52.733
 0.790	52.682
 0.789	52.776
 0.788	52.879
 0.787	52.976
 0.786	52.849
 0.785	53.127
 0.784	53.088
 0.783	52.841
 0.782	52.857
 0.781	53.267
 0.780	53.237
 0.779	53.034
 0.778	52.864
 0.777	52.907
 0.776	53.054
 0.775	53.158
 0.774	53.146
 0.773	53.034
 0.772	53.164
 0.771	53.320
 0.770	53.395
 0.769	53.519
 0.768	53.275
 0.767	53.248
 0.766	53.035
 0.765	53.163
 0.764	53.116
 0.763	53.151
 0.762	53.482
 0.761	53.185
 0.760	53.314
 0.759	53.362
 0.758	53.529
 0.757	53.334
 0.756	53.237
 0.755	53.075
 0.754	53.364
 0.753	53.309
 0.752	53.399
 0.751	53.184
 0.750	53.259
 0.749	53.444
 0.748	53.234
 0.747	53.189
 0.746	53.280
 0.745	53.577
 0.744	53.388
 0.743	53.451
 0.742	53.114
 0.741	53.154
 0.740	53.016
 0.739	53.197
 0.738	53.454
 0.737	53.172
 0.736	53.357
 0.735	53.659
 0.734	53.560
 0.733	53.111
 0.732	52.873
 0.731	52.756
 0.730	52.924
 0.729	53.007
 0.728	52.959
 0.727	53.173
 0.726	52.973
 0.725	52.753
 0.724	52.727
 0.723	52.800
 0.722	52.793
 0.721	52.920
 0.720	52.682
 0.719	52.521
 0.718	52.600
 0.717	52.837
 0.716	52.619
 0.715	52.577
 0.714	52.540
 0.713	52.653
 0.712	52.568
 0.711	52.621
 0.710	52.435
 0.709	52.375
 0.708	52.166
 0.707	52.234
 0.706	52.224
 0.705	52.285
 0.704	52.260
 0.703	51.995
 0.702	51.885
 0.701	51.907
 0.700	51.797
 0.699	51.617
 0.698	50.644
 0.697	50.635
 0.696	50.916
 0.695	50.902
 0.694	50.501
 0.693	50.636
 0.692	50.671
 0.691	50.712
 0.690	50.505
 0.689	50.133
 0.688	50.239
 0.687	50.563
 0.686	50.558
 0.685	50.360
 0.684	50.230
 0.683	50.177
 0.682	49.967
 0.681	50.274
 0.680	50.228
 0.679	49.948
 0.678	49.785
 0.677	49.851
 0.676	49.792
 0.675	49.712
 0.674	49.589
 0.673	49.507
 0.672	49.543
 0.671	49.686
 0.670	49.857
 0.669	49.554
 0.668	49.231
 0.667	49.133
 0.666	49.146
 0.665	49.283
 0.664	49.225
 0.663	49.156
 0.662	49.090
 0.661	49.008
 0.660	49.067
 0.659	49.113
 0.658	48.905
 0.657	48.839
 0.656	48.640
 0.655	48.432
 0.654	48.314
 0.653	48.397
 0.652	48.547
 0.651	48.330
 0.650	48.241
 0.649	48.693
 0.648	48.575
 0.647	48.678
 0.646	48.783
 0.645	48.668
 0.644	48.569
 0.643	48.334
 0.642	48.196
 0.641	48.143
 0.640	48.103
 0.639	48.188
 0.638	47.955
 0.637	48.150
 0.636	48.145
 0.635	48.088
 0.634	48.289
 0.633	48.378
 0.632	47.914
 0.631	47.465
 0.630	47.810
 0.629	48.038
 0.628	47.978
 0.627	47.895
 0.626	47.796
 0.625	47.627
 0.624	47.520
 0.623	47.496
 0.622	47.397
 0.621	47.344
 0.620	47.312
 0.619	47.322
 0.618	47.541
 0.617	47.540
 0.616	47.220
 0.615	47.175
 0.614	47.064
 0.613	46.955
 0.612	46.916
 0.611	46.874
 0.610	46.873
 0.609	46.676
 0.608	46.432
 0.607	46.349
 0.606	46.277
 0.605	46.234
 0.604	46.247
 0.603	46.213
 0.602	46.231
 0.601	45.906
 0.600	45.971
 0.599	45.829
 0.598	45.709
 0.597	45.753
 0.596	45.615
 0.595	45.754
 0.594	45.365
 0.593	45.403
 0.592	45.167
 0.591	45.193
 0.590	44.866
 0.589	44.955
 0.588	44.669
 0.587	44.347
 0.586	44.336
 0.585	44.122
 0.584	44.431
 0.583	44.117
 0.582	44.078
 0.581	43.610
 0.580	43.194
 0.579	42.745
 0.578	42.670
 0.577	42.481
 0.576	42.393
 0.575	42.357
 0.574	42.105
 0.573	41.993
 0.572	41.508
 0.571	41.932
 0.570	41.757
 0.569	41.433
 0.568	41.233
 0.567	41.303
 0.566	41.150
 0.565	40.831
 0.564	40.737
 0.563	40.367
 0.562	40.242
 0.561	39.993
 0.560	39.962
 0.559	39.812
 0.558	39.803
 0.557	39.601
 0.556	39.469
 0.555	39.542
 0.554	39.392
 0.553	39.184
 0.552	38.983
 0.551	38.931
 0.550	38.884
 0.549	39.167
 0.548	38.741
 0.547	38.250
 0.546	38.234
 0.545	38.025
 0.544	38.039
 0.543	37.985
 0.542	38.129
 0.541	37.931
 0.540	37.902
 0.539	37.615
 0.538	37.669
 0.537	37.603
 0.536	37.752
 0.535	37.702
 0.534	37.739
 0.533	37.809
 0.532	37.817
 0.531	37.784
 0.530	37.644
 0.529	37.438
 0.528	37.050
 0.527	37.030
 0.526	37.033
 0.525	36.917
 0.524	36.901
 0.523	36.847
 0.522	36.905
 0.521	37.015
 0.520	37.005
 0.519	36.772
 0.518	36.716
 0.517	36.742
 0.516	36.835
 0.515	37.037
 0.514	36.807
 0.513	36.689
 0.512	36.552
 0.511	36.638
 0.510	36.583
 0.509	36.473
 0.508	36.320
 0.507	36.652
 0.506	36.718
 0.505	36.610
 0.504	36.533
 0.503	36.533
 0.502	36.305
 0.501	36.412
 0.500	36.375
 0.499	36.035
 0.498	36.189
 0.497	36.471
 0.496	36.224
 0.495	36.175
 0.494	36.114
 0.493	36.029
 0.492	36.079
 0.491	35.953
 0.490	36.096
 0.489	36.037
 0.488	36.193
 0.487	36.108
 0.486	36.041
 0.485	35.943
 0.484	35.897
 0.483	35.791
 0.482	35.801
 0.481	35.645
 0.480	35.690
 0.479	35.669
 0.478	35.592
 0.477	35.687
 0.476	35.791
 0.475	35.797
 0.474	35.558
 0.473	35.514
 0.472	35.369
 0.471	35.288
 0.470	35.458
 0.469	35.299
 0.468	35.171
 0.467	35.319
 0.466	35.167
 0.465	35.058
 0.464	35.286
 0.463	35.016
 0.462	35.080
 0.461	35.118
 0.460	35.045
 0.459	35.334
 0.458	35.220
 0.457	35.201
 0.456	35.183
 0.455	34.941
 0.454	34.865
 0.453	34.734
 0.452	34.656
 0.451	34.469
 0.450	34.302
 0.449	34.422
 0.448	34.373
 0.447	34.277
 0.446	34.089
 0.445	34.125
 0.444	34.093
 0.443	33.902
 0.442	33.944
 0.441	34.052
 0.440	33.824
 0.439	33.778
 0.438	33.704
 0.437	33.624
 0.436	33.653
 0.435	33.471
 0.434	33.776
 0.433	33.431
 0.432	33.505
 0.431	33.451
 0.430	33.490
 0.429	33.419
 0.428	33.413
 0.427	33.406
 0.426	33.221
 0.425	33.283
 0.424	33.238
 0.423	33.204
 0.422	33.108
 0.421	33.086
 0.420	32.841
 0.419	33.138
 0.418	33.100
 0.417	32.949
 0.416	32.798
 0.415	33.137
 0.414	32.841
 0.413	32.795
 0.412	32.802
 0.411	32.773
 0.410	32.706
 0.409	32.792
 0.408	32.646
 0.407	32.626
 0.406	32.572
 0.405	32.353
 0.404	32.252
 0.403	32.282
 0.402	31.971
 0.401	32.020
 0.400	31.913
