Name: Basaltic Andesite
Type: Rocks
Class: Igneous
Subclass: Intermediate
Particle Size: Solid
Sample No.: Andesite.H4
Owner: JHU
Wavelength range: All
Origin: Agrigan Volcano, Mariana Is., via Smithsonian (Cat. No: NMNH 115263-19)
Collection Date: N/A
Description: A dark gray, porphyritic and vuggy rock. The phenocrysts are plagioclase laths, orangish-yellow olivine and opaques.
Measurement: Directional (10 degree) hemispherical reflectance
First Column: X
Second Column: Y
X Units: Wavelength (micrometers)
Y Units: Reflectance (percent)
First X Value: 14.0112
Last X Value: 0.4000
Number of X Values: 2844
Additional Information: jhu.becknic.rock.igneous.intermediate.solid.andesi4.ancillary.txt

14.011	 0.975
13.973	 1.193
13.936	 0.692
13.899	 1.252
13.861	 2.237
13.824	 1.808
13.788	 1.071
13.751	 1.757
13.715	 1.854
13.678	 1.572
13.643	 1.740
13.607	 2.143
13.571	 2.605
13.536	 2.111
13.500	 1.890
13.465	 1.968
13.430	 1.676
13.396	 1.610
13.361	 1.807
13.327	 1.786
13.293	 1.796
13.259	 1.863
13.225	 1.769
13.191	 1.997
13.158	 2.205
13.124	 2.255
13.091	 2.004
13.058	 1.744
13.025	 1.959
12.993	 2.026
12.960	 2.186
12.928	 2.124
12.896	 2.066
12.864	 2.117
12.832	 2.159
12.800	 2.165
12.769	 2.242
12.738	 2.232
12.706	 2.124
12.675	 2.282
12.644	 2.519
12.614	 2.578
12.583	 2.580
12.552	 2.624
12.522	 2.595
12.492	 2.577
12.462	 2.645
12.432	 2.711
12.402	 2.746
12.373	 2.854
12.343	 3.011
12.314	 3.149
12.285	 3.250
12.256	 3.325
12.227	 3.335
12.198	 3.415
12.169	 3.570
12.141	 3.688
12.113	 3.815
12.084	 3.854
12.056	 3.866
12.028	 4.045
12.000	 4.206
11.973	 4.183
11.945	 4.267
11.918	 4.415
11.890	 4.481
11.863	 4.512
11.836	 4.606
11.809	 4.703
11.782	 4.752
11.755	 4.905
11.729	 5.088
11.702	 5.178
11.676	 5.235
11.650	 5.342
11.624	 5.465
11.598	 5.615
11.572	 5.745
11.546	 5.865
11.520	 5.926
11.495	 5.997
11.469	 6.168
11.444	 6.355
11.419	 6.537
11.394	 6.666
11.369	 6.778
11.344	 6.969
11.319	 7.150
11.294	 7.309
11.270	 7.463
11.245	 7.648
11.221	 7.825
11.197	 8.041
11.173	 8.251
11.149	 8.359
11.125	 8.492
11.101	 8.620
11.077	 8.750
11.054	 8.871
11.030	 8.999
11.007	 9.140
10.983	 9.278
10.960	 9.444
10.937	 9.615
10.914	 9.754
10.891	 9.851
10.868	 9.978
10.845	10.088
10.823	10.231
10.800	10.341
10.778	10.405
10.755	10.415
10.733	10.470
10.711	10.518
10.689	10.514
10.667	10.542
10.645	10.576
10.623	10.554
10.601	10.513
10.580	10.525
10.558	10.529
10.537	10.511
10.515	10.463
10.494	10.411
10.473	10.376
10.452	10.355
10.431	10.276
10.410	10.171
10.389	10.122
10.368	10.003
10.348	 9.887
10.327	 9.764
10.306	 9.675
10.286	 9.581
10.266	 9.484
10.245	 9.407
10.225	 9.401
10.205	 9.428
10.185	 9.367
10.165	 9.351
10.145	 9.404
10.125	 9.445
10.106	 9.495
10.086	 9.530
10.066	 9.551
10.047	 9.566
10.027	 9.580
10.008	 9.570
 9.989	 9.561
 9.970	 9.551
 9.950	 9.512
 9.931	 9.510
 9.912	 9.489
 9.893	 9.485
 9.875	 9.458
 9.856	 9.442
 9.837	 9.488
 9.819	 9.512
 9.800	 9.492
 9.781	 9.473
 9.763	 9.457
 9.745	 9.434
 9.726	 9.355
 9.708	 9.287
 9.690	 9.181
 9.672	 9.217
 9.654	 9.124
 9.636	 8.875
 9.618	 8.739
 9.600	 8.637
 9.582	 8.551
 9.565	 8.479
 9.547	 8.331
 9.530	 8.187
 9.512	 8.107
 9.495	 8.022
 9.477	 7.940
 9.460	 7.881
 9.443	 7.835
 9.426	 7.793
 9.409	 7.755
 9.392	 7.748
 9.375	 7.756
 9.358	 7.732
 9.341	 7.713
 9.324	 7.734
 9.307	 7.829
 9.291	 7.911
 9.274	 7.947
 9.257	 8.056
 9.241	 8.219
 9.225	 8.319
 9.208	 8.371
 9.192	 8.434
 9.175	 8.592
 9.159	 8.720
 9.143	 8.797
 9.127	 8.894
 9.111	 8.983
 9.095	 9.044
 9.079	 9.077
 9.063	 9.139
 9.047	 9.237
 9.032	 9.270
 9.016	 9.265
 9.000	 9.276
 8.985	 9.301
 8.969	 9.295
 8.954	 9.272
 8.938	 9.253
 8.923	 9.184
 8.908	 9.134
 8.892	 9.085
 8.877	 9.021
 8.862	 8.967
 8.847	 8.919
 8.832	 8.828
 8.817	 8.704
 8.802	 8.634
 8.787	 8.591
 8.772	 8.539
 8.757	 8.492
 8.742	 8.412
 8.727	 8.299
 8.713	 8.209
 8.698	 8.164
 8.684	 8.139
 8.669	 8.145
 8.655	 8.121
 8.640	 8.082
 8.626	 8.028
 8.612	 7.980
 8.597	 7.930
 8.583	 7.849
 8.569	 7.736
 8.555	 7.632
 8.541	 7.521
 8.527	 7.445
 8.513	 7.421
 8.499	 7.321
 8.485	 7.213
 8.471	 7.130
 8.457	 7.031
 8.443	 6.923
 8.430	 6.779
 8.416	 6.585
 8.402	 6.399
 8.389	 6.233
 8.375	 6.108
 8.361	 6.097
 8.348	 5.951
 8.335	 5.706
 8.321	 5.521
 8.308	 5.317
 8.295	 5.145
 8.281	 4.944
 8.268	 4.737
 8.255	 4.511
 8.242	 4.302
 8.229	 4.129
 8.216	 3.978
 8.203	 3.836
 8.190	 3.698
 8.177	 3.545
 8.164	 3.412
 8.151	 3.285
 8.138	 3.171
 8.126	 3.065
 8.113	 2.975
 8.100	 2.908
 8.088	 2.824
 8.075	 2.752
 8.062	 2.707
 8.050	 2.658
 8.037	 2.598
 8.025	 2.568
 8.013	 2.554
 8.000	 2.508
 7.988	 2.455
 7.976	 2.475
 7.963	 2.483
 7.951	 2.452
 7.939	 2.443
 7.927	 2.417
 7.915	 2.398
 7.903	 2.383
 7.891	 2.370
 7.879	 2.351
 7.867	 2.345
 7.855	 2.308
 7.843	 2.271
 7.831	 2.255
 7.819	 2.243
 7.808	 2.233
 7.796	 2.213
 7.784	 2.184
 7.772	 2.180
 7.761	 2.157
 7.749	 2.123
 7.737	 2.128
 7.726	 2.114
 7.715	 2.096
 7.703	 2.102
 7.692	 2.104
 7.680	 2.084
 7.669	 2.034
 7.657	 2.073
 7.646	 2.111
 7.635	 2.102
 7.624	 2.102
 7.613	 2.118
 7.601	 2.144
 7.590	 2.149
 7.579	 2.144
 7.568	 2.122
 7.557	 2.119
 7.546	 2.126
 7.535	 2.123
 7.524	 2.115
 7.513	 2.138
 7.502	 2.140
 7.492	 2.129
 7.481	 2.135
 7.470	 2.171
 7.459	 2.157
 7.449	 2.140
 7.438	 2.151
 7.427	 2.168
 7.417	 2.165
 7.406	 2.166
 7.395	 2.184
 7.385	 2.198
 7.374	 2.219
 7.364	 2.218
 7.353	 2.175
 7.343	 2.211
 7.333	 2.270
 7.322	 2.265
 7.312	 2.276
 7.302	 2.287
 7.291	 2.308
 7.281	 2.337
 7.271	 2.337
 7.261	 2.328
 7.251	 2.350
 7.240	 2.355
 7.230	 2.365
 7.220	 2.380
 7.210	 2.388
 7.200	 2.409
 7.190	 2.433
 7.180	 2.441
 7.170	 2.435
 7.160	 2.432
 7.151	 2.438
 7.141	 2.433
 7.131	 2.446
 7.121	 2.455
 7.111	 2.464
 7.102	 2.461
 7.092	 2.494
 7.082	 2.525
 7.072	 2.501
 7.063	 2.498
 7.053	 2.509
 7.044	 2.510
 7.034	 2.532
 7.025	 2.556
 7.015	 2.552
 7.006	 2.568
 6.996	 2.574
 6.987	 2.568
 6.977	 2.592
 6.968	 2.591
 6.959	 2.559
 6.949	 2.527
 6.940	 2.541
 6.931	 2.551
 6.921	 2.553
 6.912	 2.572
 6.903	 2.589
 6.894	 2.596
 6.885	 2.588
 6.875	 2.579
 6.866	 2.596
 6.857	 2.590
 6.848	 2.602
 6.839	 2.615
 6.830	 2.611
 6.821	 2.606
 6.812	 2.576
 6.803	 2.541
 6.794	 2.554
 6.785	 2.569
 6.777	 2.582
 6.768	 2.601
 6.759	 2.630
 6.750	 2.643
 6.741	 2.643
 6.733	 2.652
 6.724	 2.673
 6.715	 2.685
 6.707	 2.697
 6.698	 2.714
 6.689	 2.701
 6.681	 2.684
 6.672	 2.692
 6.663	 2.666
 6.655	 2.621
 6.646	 2.615
 6.638	 2.629
 6.629	 2.646
 6.621	 2.639
 6.612	 2.646
 6.604	 2.663
 6.596	 2.662
 6.587	 2.647
 6.579	 2.663
 6.571	 2.679
 6.562	 2.672
 6.554	 2.687
 6.546	 2.718
 6.537	 2.744
 6.529	 2.728
 6.521	 2.732
 6.513	 2.737
 6.505	 2.727
 6.496	 2.737
 6.488	 2.728
 6.480	 2.712
 6.472	 2.741
 6.464	 2.731
 6.456	 2.718
 6.448	 2.715
 6.440	 2.717
 6.432	 2.730
 6.424	 2.746
 6.416	 2.762
 6.408	 2.761
 6.400	 2.756
 6.392	 2.773
 6.384	 2.780
 6.377	 2.778
 6.369	 2.799
 6.361	 2.800
 6.353	 2.774
 6.345	 2.766
 6.338	 2.773
 6.330	 2.768
 6.322	 2.769
 6.314	 2.785
 6.307	 2.756
 6.299	 2.764
 6.291	 2.788
 6.284	 2.777
 6.276	 2.763
 6.269	 2.751
 6.261	 2.733
 6.253	 2.740
 6.246	 2.758
 6.239	 2.755
 6.231	 2.746
 6.223	 2.751
 6.216	 2.743
 6.209	 2.722
 6.201	 2.711
 6.194	 2.729
 6.186	 2.754
 6.179	 2.743
 6.172	 2.741
 6.164	 2.755
 6.157	 2.766
 6.150	 2.752
 6.142	 2.748
 6.135	 2.778
 6.128	 2.804
 6.121	 2.797
 6.113	 2.780
 6.106	 2.805
 6.099	 2.820
 6.092	 2.811
 6.085	 2.832
 6.078	 2.856
 6.070	 2.857
 6.063	 2.845
 6.056	 2.841
 6.049	 2.847
 6.042	 2.846
 6.035	 2.835
 6.028	 2.840
 6.021	 2.850
 6.014	 2.853
 6.007	 2.868
 6.000	 2.890
 5.993	 2.899
 5.986	 2.891
 5.979	 2.861
 5.973	 2.875
 5.966	 2.910
 5.959	 2.924
 5.952	 2.931
 5.945	 2.936
 5.938	 2.937
 5.931	 2.920
 5.925	 2.941
 5.918	 2.965
 5.911	 2.997
 5.904	 3.027
 5.898	 3.001
 5.891	 3.007
 5.884	 3.067
 5.878	 3.071
 5.871	 3.063
 5.864	 3.072
 5.858	 3.083
 5.851	 3.087
 5.845	 3.087
 5.838	 3.100
 5.831	 3.116
 5.825	 3.134
 5.818	 3.144
 5.812	 3.152
 5.805	 3.171
 5.799	 3.162
 5.792	 3.148
 5.786	 3.165
 5.779	 3.177
 5.773	 3.191
 5.767	 3.186
 5.760	 3.182
 5.754	 3.188
 5.747	 3.192
 5.741	 3.208
 5.735	 3.237
 5.728	 3.263
 5.722	 3.276
 5.716	 3.270
 5.709	 3.270
 5.703	 3.291
 5.697	 3.319
 5.691	 3.340
 5.684	 3.347
 5.678	 3.382
 5.672	 3.395
 5.666	 3.384
 5.660	 3.391
 5.653	 3.421
 5.647	 3.436
 5.641	 3.426
 5.635	 3.408
 5.629	 3.428
 5.623	 3.458
 5.617	 3.470
 5.611	 3.475
 5.604	 3.472
 5.598	 3.484
 5.592	 3.517
 5.586	 3.521
 5.580	 3.506
 5.574	 3.502
 5.568	 3.532
 5.562	 3.549
 5.556	 3.550
 5.551	 3.565
 5.545	 3.595
 5.539	 3.607
 5.533	 3.588
 5.527	 3.582
 5.521	 3.596
 5.515	 3.617
 5.509	 3.615
 5.503	 3.600
 5.497	 3.608
 5.492	 3.635
 5.486	 3.668
 5.480	 3.677
 5.474	 3.686
 5.468	 3.687
 5.463	 3.671
 5.457	 3.670
 5.451	 3.688
 5.446	 3.697
 5.440	 3.682
 5.434	 3.682
 5.428	 3.707
 5.423	 3.716
 5.417	 3.706
 5.411	 3.717
 5.406	 3.719
 5.400	 3.707
 5.394	 3.724
 5.389	 3.728
 5.383	 3.725
 5.378	 3.731
 5.372	 3.744
 5.367	 3.738
 5.361	 3.732
 5.356	 3.736
 5.350	 3.739
 5.345	 3.757
 5.339	 3.780
 5.333	 3.787
 5.328	 3.778
 5.322	 3.772
 5.317	 3.790
 5.312	 3.807
 5.306	 3.808
 5.301	 3.826
 5.295	 3.864
 5.290	 3.873
 5.285	 3.885
 5.279	 3.894
 5.274	 3.883
 5.268	 3.897
 5.263	 3.929
 5.258	 3.943
 5.252	 3.966
 5.247	 3.980
 5.242	 4.008
 5.237	 4.036
 5.231	 4.047
 5.226	 4.051
 5.221	 4.067
 5.215	 4.077
 5.210	 4.086
 5.205	 4.096
 5.200	 4.124
 5.194	 4.150
 5.189	 4.149
 5.184	 4.156
 5.179	 4.168
 5.174	 4.175
 5.169	 4.188
 5.163	 4.206
 5.158	 4.218
 5.153	 4.224
 5.148	 4.236
 5.143	 4.260
 5.138	 4.270
 5.133	 4.261
 5.128	 4.287
 5.123	 4.318
 5.118	 4.335
 5.113	 4.322
 5.107	 4.326
 5.103	 4.370
 5.098	 4.382
 5.093	 4.385
 5.088	 4.390
 5.082	 4.415
 5.077	 4.417
 5.073	 4.404
 5.068	 4.404
 5.063	 4.424
 5.058	 4.441
 5.053	 4.445
 5.048	 4.441
 5.043	 4.446
 5.038	 4.467
 5.033	 4.491
 5.028	 4.508
 5.023	 4.511
 5.019	 4.516
 5.014	 4.524
 5.009	 4.549
 5.004	 4.558
 4.999	 4.552
 4.994	 4.570
 4.990	 4.607
 4.985	 4.610
 4.980	 4.614
 4.975	 4.636
 4.970	 4.663
 4.966	 4.654
 4.961	 4.649
 4.956	 4.664
 4.951	 4.690
 4.947	 4.718
 4.942	 4.718
 4.937	 4.713
 4.933	 4.729
 4.928	 4.769
 4.923	 4.796
 4.919	 4.803
 4.914	 4.813
 4.909	 4.834
 4.905	 4.849
 4.900	 4.888
 4.895	 4.897
 4.891	 4.899
 4.886	 4.915
 4.881	 4.928
 4.877	 4.938
 4.872	 4.958
 4.868	 4.987
 4.863	 4.989
 4.859	 4.975
 4.854	 4.982
 4.849	 5.009
 4.845	 5.027
 4.840	 5.038
 4.836	 5.048
 4.832	 5.061
 4.827	 5.066
 4.822	 5.069
 4.818	 5.073
 4.814	 5.085
 4.809	 5.088
 4.805	 5.100
 4.800	 5.109
 4.796	 5.127
 4.791	 5.169
 4.787	 5.189
 4.782	 5.167
 4.778	 5.160
 4.774	 5.169
 4.769	 5.179
 4.765	 5.192
 4.761	 5.196
 4.756	 5.228
 4.752	 5.239
 4.747	 5.220
 4.743	 5.227
 4.739	 5.243
 4.734	 5.261
 4.730	 5.293
 4.726	 5.289
 4.721	 5.281
 4.717	 5.314
 4.713	 5.345
 4.709	 5.353
 4.704	 5.378
 4.700	 5.378
 4.696	 5.372
 4.691	 5.365
 4.687	 5.373
 4.683	 5.421
 4.679	 5.437
 4.675	 5.415
 4.670	 5.413
 4.666	 5.431
 4.662	 5.448
 4.658	 5.461
 4.654	 5.465
 4.649	 5.484
 4.645	 5.511
 4.641	 5.542
 4.637	 5.557
 4.633	 5.561
 4.629	 5.572
 4.625	 5.590
 4.620	 5.592
 4.616	 5.607
 4.612	 5.637
 4.608	 5.642
 4.604	 5.659
 4.600	 5.689
 4.596	 5.690
 4.592	 5.677
 4.588	 5.702
 4.584	 5.731
 4.580	 5.743
 4.576	 5.756
 4.572	 5.776
 4.567	 5.775
 4.564	 5.771
 4.559	 5.794
 4.556	 5.799
 4.551	 5.802
 4.548	 5.831
 4.543	 5.840
 4.540	 5.835
 4.536	 5.854
 4.532	 5.886
 4.528	 5.900
 4.524	 5.897
 4.520	 5.906
 4.516	 5.922
 4.512	 5.930
 4.508	 5.924
 4.504	 5.952
 4.500	 5.975
 4.496	 5.964
 4.492	 5.947
 4.488	 5.969
 4.485	 5.978
 4.481	 6.002
 4.477	 6.016
 4.473	 6.009
 4.469	 6.019
 4.465	 6.028
 4.461	 6.016
 4.458	 6.027
 4.454	 6.056
 4.450	 6.061
 4.446	 6.051
 4.442	 6.061
 4.439	 6.062
 4.435	 6.079
 4.431	 6.102
 4.427	 6.105
 4.423	 6.104
 4.420	 6.103
 4.416	 6.096
 4.412	 6.114
 4.408	 6.132
 4.404	 6.132
 4.401	 6.140
 4.397	 6.140
 4.393	 6.133
 4.390	 6.145
 4.386	 6.162
 4.382	 6.174
 4.378	 6.175
 4.375	 6.192
 4.371	 6.201
 4.367	 6.201
 4.364	 6.220
 4.360	 6.222
 4.356	 6.212
 4.353	 6.232
 4.349	 6.268
 4.346	 6.263
 4.342	 6.247
 4.338	 6.268
 4.335	 6.297
 4.331	 6.308
 4.327	 6.313
 4.324	 6.311
 4.320	 6.333
 4.316	 6.349
 4.313	 6.343
 4.309	 6.354
 4.306	 6.357
 4.302	 6.376
 4.299	 6.384
 4.295	 6.391
 4.292	 6.417
 4.288	 6.428
 4.284	 6.410
 4.281	 6.410
 4.277	 6.426
 4.274	 6.440
 4.270	 6.443
 4.267	 6.462
 4.263	 6.485
 4.260	 6.503
 4.256	 6.495
 4.253	 6.503
 4.249	 6.513
 4.246	 6.520
 4.242	 6.542
 4.239	 6.542
 4.235	 6.549
 4.232	 6.555
 4.229	 6.566
 4.225	 6.567
 4.222	 6.545
 4.218	 6.556
 4.215	 6.577
 4.211	 6.587
 4.208	 6.584
 4.205	 6.585
 4.201	 6.592
 4.198	 6.590
 4.194	 6.604
 4.191	 6.607
 4.188	 6.597
 4.184	 6.611
 4.181	 6.635
 4.177	 6.630
 4.174	 6.614
 4.171	 6.621
 4.167	 6.627
 4.164	 6.633
 4.161	 6.631
 4.157	 6.636
 4.154	 6.650
 4.151	 6.650
 4.147	 6.663
 4.144	 6.689
 4.141	 6.674
 4.137	 6.661
 4.134	 6.676
 4.131	 6.690
 4.128	 6.676
 4.124	 6.672
 4.121	 6.673
 4.118	 6.682
 4.114	 6.685
 4.111	 6.692
 4.108	 6.687
 4.105	 6.697
 4.101	 6.711
 4.098	 6.715
 4.095	 6.702
 4.092	 6.697
 4.088	 6.697
 4.085	 6.718
 4.082	 6.729
 4.079	 6.732
 4.076	 6.718
 4.072	 6.694
 4.069	 6.715
 4.066	 6.729
 4.063	 6.741
 4.060	 6.750
 4.056	 6.739
 4.053	 6.738
 4.050	 6.747
 4.047	 6.751
 4.044	 6.760
 4.041	 6.756
 4.037	 6.737
 4.034	 6.746
 4.031	 6.770
 4.028	 6.761
 4.025	 6.766
 4.022	 6.787
 4.019	 6.771
 4.016	 6.763
 4.013	 6.768
 4.009	 6.782
 4.006	 6.782
 4.003	 6.772
 4.000	 6.773
 3.997	 6.791
 3.994	 6.795
 3.991	 6.786
 3.988	 6.775
 3.985	 6.760
 3.982	 6.774
 3.979	 6.798
 3.976	 6.791
 3.973	 6.785
 3.970	 6.800
 3.966	 6.784
 3.963	 6.785
 3.960	 6.815
 3.957	 6.813
 3.954	 6.804
 3.951	 6.799
 3.948	 6.795
 3.945	 6.799
 3.942	 6.837
 3.939	 6.828
 3.936	 6.801
 3.933	 6.806
 3.930	 6.813
 3.927	 6.827
 3.924	 6.839
 3.921	 6.832
 3.918	 6.843
 3.916	 6.837
 3.913	 6.826
 3.910	 6.827
 3.907	 6.848
 3.904	 6.847
 3.901	 6.851
 3.898	 6.856
 3.895	 6.861
 3.892	 6.850
 3.889	 6.848
 3.886	 6.862
 3.883	 6.891
 3.880	 6.900
 3.877	 6.880
 3.875	 6.862
 3.872	 6.875
 3.869	 6.883
 3.866	 6.869
 3.863	 6.855
 3.860	 6.869
 3.857	 6.866
 3.854	 6.862
 3.852	 6.879
 3.849	 6.879
 3.846	 6.891
 3.843	 6.891
 3.840	 6.895
 3.837	 6.900
 3.834	 6.897
 3.832	 6.876
 3.829	 6.875
 3.826	 6.880
 3.823	 6.897
 3.820	 6.916
 3.817	 6.920
 3.815	 6.914
 3.812	 6.906
 3.809	 6.929
 3.806	 6.931
 3.804	 6.931
 3.801	 6.943
 3.798	 6.926
 3.795	 6.907
 3.792	 6.919
 3.790	 6.928
 3.787	 6.941
 3.784	 6.948
 3.781	 6.942
 3.779	 6.931
 3.776	 6.937
 3.773	 6.929
 3.770	 6.926
 3.768	 6.962
 3.765	 6.958
 3.762	 6.924
 3.759	 6.947
 3.757	 6.959
 3.754	 6.947
 3.751	 6.957
 3.748	 6.977
 3.746	 6.976
 3.743	 6.970
 3.740	 6.975
 3.738	 6.979
 3.735	 6.958
 3.732	 6.948
 3.730	 6.956
 3.727	 6.972
 3.724	 6.988
 3.722	 6.988
 3.719	 6.977
 3.716	 6.974
 3.714	 6.968
 3.711	 6.960
 3.708	 6.976
 3.706	 6.987
 3.703	 6.989
 3.700	 6.971
 3.698	 6.965
 3.695	 6.984
 3.692	 6.992
 3.690	 6.983
 3.687	 6.966
 3.684	 6.976
 3.682	 6.993
 3.679	 6.994
 3.677	 6.971
 3.674	 6.980
 3.671	 6.988
 3.669	 6.987
 3.666	 6.983
 3.664	 6.988
 3.661	 6.993
 3.659	 6.976
 3.656	 6.969
 3.653	 6.970
 3.651	 6.966
 3.648	 6.989
 3.646	 7.001
 3.643	 7.004
 3.641	 7.018
 3.638	 7.013
 3.635	 6.997
 3.633	 6.993
 3.630	 6.992
 3.628	 7.005
 3.625	 6.999
 3.623	 6.997
 3.620	 7.005
 3.618	 6.998
 3.615	 7.006
 3.613	 7.013
 3.610	 7.010
 3.608	 7.013
 3.605	 7.000
 3.603	 7.001
 3.600	 7.021
 3.598	 7.033
 3.595	 7.016
 3.593	 6.996
 3.590	 6.989
 3.588	 6.992
 3.585	 6.990
 3.583	 7.007
 3.580	 7.033
 3.578	 7.007
 3.575	 6.989
 3.573	 7.003
 3.570	 7.019
 3.568	 7.031
 3.565	 7.009
 3.563	 7.009
 3.561	 7.005
 3.558	 7.005
 3.556	 7.025
 3.553	 7.029
 3.551	 7.012
 3.548	 6.988
 3.546	 6.979
 3.543	 6.986
 3.541	 6.969
 3.539	 6.953
 3.536	 6.948
 3.534	 6.950
 3.531	 6.944
 3.529	 6.945
 3.527	 6.929
 3.524	 6.915
 3.522	 6.910
 3.519	 6.899
 3.517	 6.870
 3.515	 6.829
 3.512	 6.766
 3.510	 6.737
 3.507	 6.727
 3.505	 6.714
 3.503	 6.706
 3.500	 6.703
 3.498	 6.708
 3.496	 6.705
 3.493	 6.694
 3.491	 6.685
 3.489	 6.673
 3.486	 6.669
 3.484	 6.665
 3.482	 6.650
 3.479	 6.672
 3.477	 6.694
 3.475	 6.696
 3.472	 6.710
 3.470	 6.715
 3.468	 6.722
 3.465	 6.725
 3.463	 6.733
 3.461	 6.728
 3.458	 6.696
 3.456	 6.671
 3.454	 6.669
 3.451	 6.647
 3.449	 6.646
 3.447	 6.658
 3.445	 6.646
 3.442	 6.619
 3.440	 6.583
 3.438	 6.565
 3.436	 6.581
 3.433	 6.591
 3.431	 6.551
 3.429	 6.495
 3.426	 6.463
 3.424	 6.469
 3.422	 6.452
 3.420	 6.415
 3.417	 6.402
 3.415	 6.412
 3.413	 6.426
 3.411	 6.417
 3.408	 6.406
 3.406	 6.449
 3.404	 6.501
 3.402	 6.521
 3.399	 6.526
 3.397	 6.508
 3.395	 6.505
 3.393	 6.527
 3.391	 6.513
 3.388	 6.470
 3.386	 6.473
 3.384	 6.477
 3.382	 6.485
 3.380	 6.488
 3.377	 6.479
 3.375	 6.497
 3.373	 6.516
 3.371	 6.546
 3.369	 6.557
 3.366	 6.575
 3.364	 6.624
 3.362	 6.664
 3.360	 6.706
 3.358	 6.721
 3.355	 6.749
 3.353	 6.782
 3.351	 6.787
 3.349	 6.780
 3.347	 6.813
 3.345	 6.827
 3.342	 6.826
 3.340	 6.838
 3.338	 6.874
 3.336	 6.895
 3.334	 6.907
 3.332	 6.903
 3.330	 6.885
 3.327	 6.886
 3.325	 6.897
 3.323	 6.904
 3.321	 6.920
 3.319	 6.901
 3.317	 6.896
 3.315	 6.905
 3.313	 6.919
 3.310	 6.932
 3.308	 6.926
 3.306	 6.923
 3.304	 6.943
 3.302	 6.942
 3.300	 6.916
 3.298	 6.899
 3.296	 6.920
 3.294	 6.899
 3.292	 6.877
 3.289	 6.892
 3.287	 6.899
 3.285	 6.901
 3.283	 6.913
 3.281	 6.892
 3.279	 6.881
 3.277	 6.891
 3.275	 6.888
 3.273	 6.897
 3.271	 6.882
 3.269	 6.846
 3.267	 6.841
 3.265	 6.877
 3.263	 6.884
 3.260	 6.856
 3.258	 6.880
 3.256	 6.861
 3.254	 6.821
 3.252	 6.812
 3.250	 6.845
 3.248	 6.869
 3.246	 6.856
 3.244	 6.846
 3.242	 6.846
 3.240	 6.851
 3.238	 6.843
 3.236	 6.839
 3.234	 6.819
 3.232	 6.823
 3.230	 6.842
 3.228	 6.845
 3.226	 6.815
 3.224	 6.813
 3.222	 6.833
 3.220	 6.805
 3.218	 6.780
 3.216	 6.802
 3.214	 6.847
 3.212	 6.851
 3.210	 6.819
 3.208	 6.773
 3.206	 6.787
 3.204	 6.829
 3.202	 6.829
 3.200	 6.824
 3.198	 6.808
 3.196	 6.779
 3.194	 6.772
 3.192	 6.769
 3.190	 6.741
 3.188	 6.747
 3.186	 6.779
 3.184	 6.774
 3.182	 6.755
 3.180	 6.742
 3.179	 6.765
 3.177	 6.754
 3.175	 6.719
 3.173	 6.727
 3.171	 6.762
 3.169	 6.755
 3.167	 6.699
 3.165	 6.661
 3.163	 6.675
 3.161	 6.697
 3.159	 6.699
 3.157	 6.675
 3.155	 6.682
 3.153	 6.683
 3.151	 6.652
 3.150	 6.654
 3.148	 6.638
 3.146	 6.621
 3.144	 6.652
 3.142	 6.661
 3.140	 6.653
 3.138	 6.643
 3.136	 6.646
 3.134	 6.634
 3.132	 6.627
 3.131	 6.616
 3.129	 6.619
 3.127	 6.601
 3.125	 6.575
 3.123	 6.584
 3.121	 6.608
 3.119	 6.594
 3.117	 6.579
 3.115	 6.563
 3.114	 6.569
 3.112	 6.592
 3.110	 6.598
 3.108	 6.566
 3.106	 6.554
 3.104	 6.566
 3.102	 6.572
 3.101	 6.545
 3.099	 6.547
 3.097	 6.550
 3.095	 6.521
 3.093	 6.491
 3.091	 6.512
 3.090	 6.518
 3.088	 6.490
 3.086	 6.483
 3.084	 6.510
 3.082	 6.547
 3.080	 6.546
 3.079	 6.504
 3.077	 6.503
 3.075	 6.524
 3.073	 6.544
 3.071	 6.517
 3.069	 6.465
 3.067	 6.490
 3.066	 6.517
 3.064	 6.545
 3.062	 6.561
 3.060	 6.527
 3.058	 6.470
 3.057	 6.465
 3.055	 6.508
 3.053	 6.497
 3.051	 6.496
 3.050	 6.499
 3.048	 6.492
 3.046	 6.499
 3.044	 6.487
 3.042	 6.468
 3.041	 6.458
 3.039	 6.442
 3.037	 6.448
 3.035	 6.446
 3.033	 6.487
 3.032	 6.515
 3.030	 6.497
 3.028	 6.494
 3.026	 6.521
 3.025	 6.525
 3.023	 6.518
 3.021	 6.472
 3.019	 6.430
 3.018	 6.454
 3.016	 6.493
 3.014	 6.499
 3.012	 6.473
 3.010	 6.481
 3.009	 6.512
 3.007	 6.524
 3.005	 6.486
 3.004	 6.456
 3.002	 6.460
 3.000	 6.470
 2.998	 6.500
 2.997	 6.490
 2.995	 6.477
 2.993	 6.499
 2.991	 6.496
 2.990	 6.484
 2.988	 6.490
 2.986	 6.482
 2.985	 6.508
 2.983	 6.494
 2.981	 6.473
 2.979	 6.470
 2.978	 6.495
 2.976	 6.495
 2.974	 6.469
 2.973	 6.486
 2.971	 6.496
 2.969	 6.483
 2.967	 6.495
 2.966	 6.484
 2.964	 6.477
 2.962	 6.502
 2.961	 6.530
 2.959	 6.505
 2.957	 6.465
 2.956	 6.483
 2.954	 6.488
 2.952	 6.502
 2.951	 6.513
 2.949	 6.501
 2.947	 6.500
 2.946	 6.511
 2.944	 6.490
 2.942	 6.496
 2.941	 6.501
 2.939	 6.515
 2.937	 6.483
 2.936	 6.456
 2.934	 6.472
 2.932	 6.513
 2.931	 6.545
 2.929	 6.540
 2.927	 6.568
 2.926	 6.597
 2.924	 6.571
 2.922	 6.580
 2.921	 6.601
 2.919	 6.594
 2.917	 6.575
 2.916	 6.594
 2.914	 6.618
 2.912	 6.634
 2.911	 6.639
 2.909	 6.655
 2.908	 6.647
 2.906	 6.627
 2.904	 6.628
 2.903	 6.663
 2.901	 6.676
 2.899	 6.672
 2.898	 6.665
 2.896	 6.655
 2.895	 6.680
 2.893	 6.711
 2.891	 6.729
 2.890	 6.698
 2.888	 6.683
 2.886	 6.724
 2.885	 6.732
 2.883	 6.717
 2.882	 6.706
 2.880	 6.758
 2.878	 6.721
 2.877	 6.678
 2.875	 6.728
 2.874	 6.762
 2.872	 6.752
 2.870	 6.731
 2.869	 6.769
 2.867	 6.796
 2.866	 6.795
 2.864	 6.772
 2.863	 6.766
 2.861	 6.762
 2.859	 6.790
 2.858	 6.840
 2.856	 6.818
 2.855	 6.826
 2.853	 6.815
 2.852	 6.786
 2.850	 6.844
 2.848	 6.860
 2.847	 6.797
 2.845	 6.798
 2.844	 6.876
 2.842	 6.856
 2.841	 6.823
 2.839	 6.833
 2.837	 6.848
 2.836	 6.834
 2.834	 6.856
 2.833	 6.868
 2.831	 6.869
 2.830	 6.862
 2.828	 6.887
 2.827	 6.929
 2.825	 6.914
 2.824	 6.911
 2.822	 6.950
 2.821	 6.952
 2.819	 6.934
 2.817	 6.935
 2.816	 6.934
 2.814	 6.939
 2.813	 6.958
 2.811	 6.978
 2.810	 6.963
 2.808	 6.960
 2.807	 7.006
 2.805	 6.991
 2.804	 6.987
 2.802	 6.981
 2.801	 6.965
 2.799	 7.009
 2.798	 7.092
 2.796	 7.088
 2.795	 7.085
 2.793	 7.069
 2.792	 7.037
 2.790	 7.057
 2.789	 7.062
 2.787	 7.069
 2.786	 7.105
 2.784	 7.120
 2.783	 7.156
 2.781	 7.145
 2.780	 7.147
 2.778	 7.161
 2.777	 7.175
 2.775	 7.189
 2.774	 7.201
 2.772	 7.217
 2.771	 7.233
 2.769	 7.220
 2.768	 7.204
 2.766	 7.207
 2.765	 7.240
 2.763	 7.281
 2.762	 7.310
 2.760	 7.296
 2.759	 7.297
 2.757	 7.318
 2.756	 7.334
 2.755	 7.327
 2.753	 7.341
 2.752	 7.370
 2.750	 7.409
 2.749	 7.390
 2.747	 7.364
 2.746	 7.422
 2.744	 7.481
 2.743	 7.468
 2.741	 7.483
 2.740	 7.527
 2.739	 7.527
 2.737	 7.528
 2.736	 7.543
 2.734	 7.588
 2.733	 7.646
 2.731	 7.629
 2.730	 7.595
 2.728	 7.665
 2.727	 7.721
 2.726	 7.729
 2.724	 7.711
 2.723	 7.632
 2.721	 7.575
 2.720	 7.519
 2.719	 7.582
 2.717	 7.736
 2.716	 7.838
 2.714	 7.862
 2.713	 7.902
 2.711	 7.949
 2.710	 7.930
 2.708	 7.937
 2.707	 7.957
 2.706	 7.949
 2.704	 8.003
 2.703	 8.046
 2.701	 8.074
 2.700	 8.117
 2.699	 8.124
 2.697	 8.134
 2.696	 8.137
 2.695	 8.128
 2.693	 8.098
 2.692	 8.127
 2.690	 8.166
 2.689	 8.152
 2.688	 8.162
 2.686	 8.183
 2.685	 8.225
 2.683	 8.262
 2.682	 8.272
 2.680	 8.272
 2.679	 8.233
 2.678	 8.180
 2.676	 8.202
 2.675	 8.214
 2.674	 8.244
 2.672	 8.297
 2.671	 8.306
 2.670	 8.292
 2.668	 8.308
 2.667	 8.292
 2.665	 8.242
 2.664	 8.216
 2.663	 8.181
 2.661	 8.163
 2.660	 8.229
 2.659	 8.298
 2.657	 8.310
 2.656	 8.267
 2.655	 8.251
 2.653	 8.266
 2.652	 8.278
 2.650	 8.299
 2.649	 8.280
 2.648	 8.280
 2.646	 8.280
 2.645	 8.308
 2.644	 8.299
 2.642	 8.300
 2.641	 8.371
 2.640	 8.387
 2.638	 8.293
 2.637	 8.239
 2.636	 8.266
 2.634	 8.297
 2.633	 8.330
 2.631	 8.320
 2.630	 8.334
 2.629	 8.366
 2.627	 8.354
 2.626	 8.335
 2.625	 8.350
 2.624	 8.371
 2.622	 8.334
 2.621	 8.308
 2.620	 8.313
 2.618	 8.307
 2.617	 8.342
 2.616	 8.370
 2.614	 8.386
 2.613	 8.366
 2.612	 8.360
 2.610	 8.364
 2.609	 8.340
 2.608	 8.349
 2.606	 8.335
 2.605	 8.343
 2.604	 8.358
 2.603	 8.365
 2.601	 8.355
 2.600	 8.373
 2.599	 8.387
 2.597	 8.383
 2.596	 8.359
 2.595	 8.341
 2.593	 8.398
 2.592	 8.430
 2.591	 8.410
 2.590	 8.406
 2.588	 8.356
 2.587	 8.371
 2.586	 8.384
 2.584	 8.361
 2.583	 8.365
 2.582	 8.377
 2.580	 8.417
 2.579	 8.384
 2.578	 8.367
 2.577	 8.401
 2.575	 8.422
 2.574	 8.406
 2.573	 8.369
 2.571	 8.351
 2.570	 8.354
 2.569	 8.355
 2.568	 8.341
 2.566	 8.337
 2.565	 8.372
 2.564	 8.417
 2.563	 8.403
 2.561	 8.373
 2.560	 8.318
 2.559	 8.317
 2.558	 8.312
 2.556	 8.313
 2.555	 8.324
 2.554	 8.370
 2.553	 8.390
 2.551	 8.374
 2.550	 8.383
 2.549	 8.391
 2.547	 8.407
 2.546	 8.379
 2.545	 8.385
 2.544	 8.402
 2.542	 8.422
 2.541	 8.421
 2.540	 8.367
 2.539	 8.399
 2.538	 8.426
 2.536	 8.435
 2.535	 8.455
 2.534	 8.405
 2.533	 8.378
 2.531	 8.416
 2.530	 8.438
 2.529	 8.426
 2.528	 8.457
 2.526	 8.420
 2.525	 8.400
 2.524	 8.411
 2.523	 8.398
 2.522	 8.400
 2.520	 8.457
 2.519	 8.476
 2.518	 8.446
 2.517	 8.442
 2.515	 8.415
 2.514	 8.408
 2.513	 8.430
 2.512	 8.448
 2.510	 8.443
 2.509	 8.473
 2.508	 8.464
 2.507	 8.429
 2.506	 8.480
 2.504	 8.495
 2.503	 8.450
 2.502	 8.428
 2.501	 8.424
 2.500	 8.466
 2.498	 8.481
 2.497	 8.515
 2.496	 8.530
 2.495	 8.495
 2.494	 8.431
 2.492	 8.398
 2.491	 8.422
 2.490	 8.423
 2.489	 8.483
 2.488	 8.541
 2.486	 8.483
 2.485	 8.445
 2.484	 8.474
 2.483	 8.439
 2.482	 8.453
 2.481	 8.479
 2.479	 8.524
 2.478	 8.534
 2.477	 8.498
 2.476	 8.470
 2.474	 8.467
 2.473	 8.501
 2.472	 8.495
 2.471	 8.457
 2.470	 8.478
 2.469	 8.504
 2.467	 8.479
 2.466	 8.503
 2.465	 8.588
 2.464	 8.561
 2.463	 8.520
 2.462	 8.530
 2.460	 8.495
 2.459	 8.495
 2.458	 8.546
 2.457	 8.559
 2.456	 8.511
 2.455	 8.512
 2.454	 8.504
 2.452	 8.504
 2.451	 8.537
 2.450	 8.495
 2.449	 8.466
 2.448	 8.508
 2.446	 8.534
 2.445	 8.577
 2.444	 8.560
 2.443	 8.499
 2.442	 8.486
 2.441	 8.531
 2.440	 8.529
 2.438	 8.507
 2.437	 8.494
 2.436	 8.464
 2.435	 8.485
 2.434	 8.528
 2.433	 8.513
 2.432	 8.482
 2.430	 8.511
 2.429	 8.525
 2.428	 8.538
 2.427	 8.594
 2.426	 8.541
 2.425	 8.453
 2.424	 8.450
 2.422	 8.468
 2.421	 8.483
 2.420	 8.526
 2.419	 8.553
 2.418	 8.564
 2.417	 8.501
 2.416	 8.511
 2.415	 8.578
 2.413	 8.625
 2.412	 8.633
 2.411	 8.569
 2.410	 8.517
 2.409	 8.540
 2.408	 8.587
 2.407	 8.601
 2.406	 8.607
 2.405	 8.628
 2.403	 8.605
 2.402	 8.537
 2.401	 8.551
 2.400	 8.608
 2.399	 8.600
 2.398	 8.590
 2.397	 8.649
 2.396	 8.626
 2.394	 8.570
 2.393	 8.562
 2.392	 8.547
 2.391	 8.560
 2.390	 8.629
 2.389	 8.619
 2.388	 8.614
 2.387	 8.637
 2.386	 8.665
 2.385	 8.680
 2.384	 8.653
 2.382	 8.620
 2.381	 8.613
 2.380	 8.662
 2.379	 8.656
 2.378	 8.585
 2.377	 8.569
 2.376	 8.564
 2.375	 8.615
 2.374	 8.630
 2.373	 8.601
 2.372	 8.570
 2.370	 8.625
 2.369	 8.631
 2.368	 8.595
 2.367	 8.600
 2.366	 8.612
 2.365	 8.648
 2.364	 8.632
 2.363	 8.608
 2.362	 8.617
 2.361	 8.597
 2.360	 8.621
 2.359	 8.653
 2.357	 8.670
 2.356	 8.665
 2.355	 8.594
 2.354	 8.561
 2.353	 8.598
 2.352	 8.629
 2.351	 8.692
 2.350	 8.686
 2.349	 8.700
 2.348	 8.745
 2.347	 8.712
 2.346	 8.700
 2.345	 8.677
 2.344	 8.699
 2.343	 8.703
 2.341	 8.602
 2.341	 8.599
 2.339	 8.658
 2.338	 8.713
 2.337	 8.758
 2.336	 8.739
 2.335	 8.669
 2.334	 8.651
 2.333	 8.626
 2.332	 8.646
 2.331	 8.670
 2.330	 8.689
 2.329	 8.705
 2.328	 8.695
 2.327	 8.670
 2.326	 8.730
 2.325	 8.754
 2.324	 8.755
 2.323	 8.743
 2.322	 8.748
 2.321	 8.667
 2.320	 8.643
 2.318	 8.725
 2.317	 8.733
 2.316	 8.700
 2.315	 8.706
 2.314	 8.662
 2.313	 8.620
 2.312	 8.638
 2.311	 8.652
 2.310	 8.629
 2.309	 8.685
 2.308	 8.791
 2.307	 8.741
 2.306	 8.674
 2.305	 8.700
 2.304	 8.741
 2.303	 8.755
 2.302	 8.770
 2.301	 8.737
 2.300	 8.693
 2.299	 8.662
 2.298	 8.713
 2.297	 8.750
 2.296	 8.692
 2.295	 8.706
 2.294	 8.741
 2.293	 8.772
 2.292	 8.813
 2.291	 8.744
 2.290	 8.713
 2.289	 8.769
 2.288	 8.729
 2.287	 8.720
 2.286	 8.774
 2.285	 8.778
 2.284	 8.784
 2.283	 8.771
 2.282	 8.704
 2.281	 8.756
 2.280	 8.828
 2.279	 8.837
 2.278	 8.819
 2.277	 8.749
 2.276	 8.668
 2.275	 8.699
 2.274	 8.747
 2.273	 8.779
 2.272	 8.810
 2.271	 8.749
 2.270	 8.724
 2.269	 8.814
 2.268	 8.777
 2.267	 8.683
 2.266	 8.684
 2.265	 8.711
 2.264	 8.788
 2.263	 8.842
 2.262	 8.827
 2.261	 8.775
 2.260	 8.770
 2.259	 8.732
 2.258	 8.743
 2.257	 8.853
 2.256	 8.891
 2.255	 8.819
 2.254	 8.799
 2.253	 8.809
 2.252	 8.802
 2.251	 8.766
 2.250	 8.755
 2.249	 8.720
 2.248	 8.744
 2.247	 8.759
 2.246	 8.746
 2.245	 8.793
 2.244	 8.767
 2.243	 8.744
 2.242	 8.793
 2.241	 8.788
 2.240	 8.769
 2.239	 8.769
 2.238	 8.798
 2.237	 8.797
 2.236	 8.797
 2.236	 8.791
 2.235	 8.760
 2.234	 8.842
 2.233	 8.904
 2.232	 8.857
 2.231	 8.854
 2.230	 8.850
 2.229	 8.811
 2.228	 8.782
 2.227	 8.731
 2.226	 8.762
 2.225	 8.849
 2.224	 8.800
 2.223	 8.762
 2.222	 8.804
 2.221	 8.837
 2.220	 8.846
 2.219	 8.796
 2.218	 8.820
 2.217	 8.824
 2.216	 8.841
 2.216	 8.902
 2.215	 8.899
 2.214	 8.892
 2.213	 8.897
 2.212	 8.864
 2.211	 8.831
 2.210	 8.766
 2.209	 8.822
 2.208	 8.862
 2.207	 8.831
 2.206	 8.830
 2.205	 8.877
 2.204	 8.900
 2.203	 8.879
 2.202	 8.864
 2.201	 8.877
 2.200	 8.877
 2.200	 8.847
 2.199	 8.847
 2.198	 8.863
 2.197	 8.892
 2.196	 8.963
 2.195	 8.940
 2.194	 8.885
 2.193	 8.850
 2.192	 8.813
 2.191	 8.861
 2.190	 8.922
 2.189	 8.919
 2.188	 8.940
 2.187	 8.961
 2.187	 8.931
 2.186	 8.912
 2.185	 8.901
 2.184	 8.912
 2.183	 8.904
 2.182	 8.887
 2.181	 8.891
 2.180	 8.887
 2.179	 8.955
 2.178	 8.959
 2.177	 8.945
 2.176	 8.954
 2.175	 8.883
 2.175	 8.808
 2.174	 8.807
 2.173	 8.884
 2.172	 8.914
 2.171	 8.941
 2.170	 8.909
 2.169	 8.837
 2.168	 8.901
 2.167	 8.855
 2.166	 8.799
 2.166	 8.889
 2.165	 8.913
 2.164	 8.898
 2.163	 9.013
 2.162	 8.988
 2.161	 8.870
 2.160	 8.868
 2.159	 8.951
 2.158	 8.986
 2.157	 8.962
 2.156	 8.924
 2.156	 8.874
 2.155	 8.864
 2.154	 8.898
 2.153	 8.875
 2.152	 8.868
 2.151	 8.914
 2.150	 8.871
 2.149	 8.864
 2.148	 8.915
 2.147	 8.895
 2.147	 8.917
 2.146	 8.927
 2.145	 8.900
 2.144	 8.916
 2.143	 8.927
 2.142	 8.931
 2.141	 8.990
 2.140	 9.017
 2.140	 8.963
 2.139	 8.921
 2.138	 8.920
 2.137	 8.907
 2.136	 8.916
 2.135	 8.941
 2.134	 8.910
 2.133	 8.897
 2.132	 8.930
 2.132	 8.950
 2.131	 8.968
 2.130	 9.015
 2.129	 9.056
 2.128	 8.961
 2.127	 8.871
 2.126	 8.893
 2.126	 8.963
 2.125	 8.967
 2.124	 8.965
 2.123	 8.984
 2.122	 8.944
 2.121	 8.903
 2.120	 8.900
 2.119	 8.855
 2.119	 8.975
 2.118	 9.079
 2.117	 8.996
 2.116	 8.953
 2.115	 8.899
 2.114	 8.875
 2.113	 8.967
 2.112	 8.996
 2.112	 8.946
 2.111	 8.964
 2.110	 8.961
 2.109	 8.877
 2.108	 8.948
 2.107	 8.990
 2.107	 8.964
 2.106	 9.014
 2.105	 8.991
 2.104	 8.932
 2.103	 9.003
 2.102	 9.023
 2.101	 8.996
 2.100	 8.964
 2.100	 8.944
 2.099	 8.984
 2.098	 9.019
 2.097	 9.055
 2.096	 9.036
 2.095	 9.037
 2.095	 9.050
 2.094	 8.974
 2.093	 8.972
 2.092	 9.047
 2.091	 9.058
 2.090	 8.958
 2.090	 8.965
 2.089	 9.057
 2.088	 9.070
 2.087	 9.010
 2.086	 8.984
 2.085	 9.043
 2.084	 9.026
 2.084	 9.028
 2.083	 9.060
 2.082	 8.985
 2.081	 8.943
 2.080	 9.014
 2.079	 9.063
 2.076	 9.036
 2.072	 9.075
 2.068	 9.144
 2.064	 9.003
 2.060	 9.025
 2.056	 9.033
 2.052	 8.991
 2.048	 8.977
 2.044	 9.103
 2.040	 9.135
 2.036	 9.044
 2.032	 9.033
 2.028	 8.975
 2.024	 9.053
 2.020	 9.172
 2.016	 9.095
 2.012	 9.071
 2.008	 9.055
 2.004	 9.063
 2.000	 9.171
 1.996	 9.182
 1.992	 9.156
 1.988	 9.082
 1.984	 9.117
 1.980	 9.099
 1.976	 9.094
 1.972	 9.153
 1.968	 9.188
 1.964	 9.117
 1.960	 9.114
 1.956	 9.090
 1.952	 9.158
 1.948	 9.312
 1.944	 9.246
 1.940	 9.273
 1.936	 9.165
 1.932	 9.177
 1.928	 9.188
 1.924	 9.312
 1.920	 9.369
 1.916	 9.469
 1.912	 9.430
 1.908	 9.408
 1.904	 9.427
 1.900	 9.371
 1.896	 9.445
 1.892	 9.470
 1.888	 9.495
 1.884	 9.371
 1.880	 9.403
 1.876	 9.415
 1.872	 9.341
 1.868	 9.328
 1.864	 9.469
 1.860	 9.699
 1.856	 9.536
 1.852	 9.547
 1.848	 9.444
 1.844	 9.440
 1.840	 9.296
 1.836	 9.421
 1.832	 9.463
 1.828	 9.468
 1.824	 9.558
 1.820	 9.712
 1.816	 9.699
 1.812	 9.699
 1.808	 9.662
 1.804	 9.666
 1.800	 9.624
 1.796	 9.631
 1.792	 9.656
 1.788	 9.666
 1.784	 9.789
 1.780	 9.741
 1.776	 9.678
 1.772	 9.703
 1.768	 9.765
 1.764	 9.823
 1.760	 9.652
 1.756	 9.676
 1.752	 9.749
 1.748	 9.729
 1.744	 9.710
 1.740	 9.736
 1.736	 9.793
 1.732	 9.859
 1.728	 9.854
 1.724	 9.917
 1.720	10.039
 1.716	 9.955
 1.712	 9.811
 1.708	 9.897
 1.704	 9.866
 1.700	 9.751
 1.696	 9.757
 1.692	 9.933
 1.688	 9.889
 1.684	 9.973
 1.680	10.033
 1.676	 9.984
 1.672	 9.885
 1.668	 9.859
 1.664	 9.920
 1.660	 9.917
 1.656	 9.987
 1.652	 9.952
 1.648	10.104
 1.644	10.030
 1.640	 9.999
 1.636	10.067
 1.632	10.077
 1.628	10.131
 1.624	10.055
 1.620	10.022
 1.616	10.133
 1.612	10.169
 1.608	10.180
 1.604	10.180
 1.600	10.165
 1.596	10.298
 1.592	10.143
 1.588	10.150
 1.584	10.111
 1.580	10.094
 1.576	10.208
 1.572	10.190
 1.568	10.172
 1.564	10.165
 1.560	10.173
 1.556	10.162
 1.552	10.230
 1.548	10.166
 1.544	10.113
 1.540	10.041
 1.536	10.122
 1.532	10.106
 1.528	10.160
 1.524	10.202
 1.520	10.146
 1.516	10.250
 1.512	10.196
 1.508	10.315
 1.504	10.263
 1.500	10.259
 1.496	10.163
 1.492	10.160
 1.488	10.179
 1.484	10.245
 1.480	10.220
 1.476	10.228
 1.472	10.171
 1.468	10.163
 1.464	10.155
 1.460	10.207
 1.456	10.189
 1.452	10.230
 1.448	10.226
 1.444	10.283
 1.440	10.234
 1.436	10.275
 1.432	10.278
 1.428	10.231
 1.424	10.297
 1.420	10.248
 1.416	10.292
 1.412	10.174
 1.408	10.204
 1.404	10.212
 1.400	10.243
 1.396	10.237
 1.392	10.248
 1.388	10.276
 1.384	10.156
 1.380	10.141
 1.376	10.218
 1.372	10.313
 1.368	10.272
 1.364	10.287
 1.360	10.231
 1.356	10.268
 1.352	10.288
 1.348	10.396
 1.344	10.399
 1.340	10.280
 1.336	10.266
 1.332	10.207
 1.328	10.314
 1.324	10.306
 1.320	10.295
 1.316	10.254
 1.312	10.302
 1.308	10.416
 1.304	10.419
 1.300	10.383
 1.296	10.264
 1.292	10.304
 1.288	10.222
 1.284	10.264
 1.280	10.305
 1.276	10.255
 1.272	10.323
 1.268	10.401
 1.264	10.378
 1.260	10.324
 1.256	10.378
 1.252	10.420
 1.248	10.398
 1.244	10.407
 1.240	10.424
 1.236	10.325
 1.232	10.163
 1.228	10.305
 1.224	10.468
 1.220	10.275
 1.216	10.551
 1.212	10.531
 1.208	10.602
 1.204	10.600
 1.200	10.553
 1.196	10.506
 1.192	10.505
 1.188	10.587
 1.184	10.648
 1.180	10.586
 1.176	10.582
 1.172	10.535
 1.168	10.586
 1.164	10.539
 1.160	10.528
 1.156	10.555
 1.152	10.579
 1.148	10.480
 1.144	10.507
 1.140	10.505
 1.136	10.580
 1.132	10.582
 1.128	10.574
 1.124	10.611
 1.120	10.599
 1.116	10.486
 1.112	10.551
 1.108	10.557
 1.104	10.519
 1.100	10.495
 1.096	10.565
 1.092	10.512
 1.088	10.460
 1.084	10.396
 1.080	10.281
 1.076	10.369
 1.072	10.214
 1.068	10.242
 1.064	10.344
 1.060	10.403
 1.056	10.226
 1.052	10.257
 1.048	10.296
 1.044	10.154
 1.040	10.154
 1.036	10.049
 1.032	10.157
 1.028	 9.964
 1.024	 9.926
 1.020	10.007
 1.016	10.009
 1.012	 9.974
 1.008	10.022
 1.004	10.062
 1.000	10.005
 0.996	 9.951
 0.992	 9.987
 0.988	 9.886
 0.984	 9.885
 0.980	 9.824
 0.976	 9.836
 0.972	 9.937
 0.968	 9.969
 0.964	 9.905
 0.960	 9.966
 0.956	 9.978
 0.952	 9.970
 0.948	10.034
 0.944	10.028
 0.940	10.066
 0.936	10.066
 0.932	10.163
 0.928	10.215
 0.924	10.275
 0.920	10.394
 0.916	10.404
 0.912	10.329
 0.908	10.432
 0.904	10.557
 0.900	10.684
 0.896	10.582
 0.892	10.697
 0.888	10.740
 0.884	10.761
 0.880	10.743
 0.876	10.775
 0.872	10.904
 0.868	10.980
 0.864	11.045
 0.860	11.233
 0.856	11.277
 0.852	11.258
 0.848	11.270
 0.844	11.392
 0.840	11.399
 0.836	11.576
 0.832	11.664
 0.828	11.875
 0.824	11.836
 0.820	11.737
 0.816	11.767
 0.812	11.863
 0.808	11.943
 0.804	11.966
 0.800	11.839
 0.799	11.586
 0.798	11.586
 0.797	11.574
 0.796	11.459
 0.795	11.570
 0.794	11.436
 0.793	11.720
 0.792	11.547
 0.791	11.567
 0.790	11.403
 0.789	11.427
 0.788	11.470
 0.787	11.357
 0.786	11.587
 0.785	11.698
 0.784	11.607
 0.783	11.575
 0.782	11.521
 0.781	11.442
 0.780	11.430
 0.779	11.527
 0.778	11.553
 0.777	11.459
 0.776	11.537
 0.775	11.721
 0.774	11.592
 0.773	11.469
 0.772	11.428
 0.771	11.400
 0.770	11.542
 0.769	11.668
 0.768	11.370
 0.767	11.231
 0.766	11.418
 0.765	11.537
 0.764	11.743
 0.763	11.802
 0.762	11.484
 0.761	11.497
 0.760	11.600
 0.759	11.714
 0.758	11.626
 0.757	11.624
 0.756	11.605
 0.755	11.552
 0.754	11.639
 0.753	11.363
 0.752	11.432
 0.751	11.459
 0.750	11.415
 0.749	11.387
 0.748	11.464
 0.747	11.452
 0.746	11.374
 0.745	11.355
 0.744	11.508
 0.743	11.712
 0.742	11.709
 0.741	11.620
 0.740	11.544
 0.739	11.438
 0.738	11.475
 0.737	11.315
 0.736	11.309
 0.735	11.399
 0.734	11.368
 0.733	11.437
 0.732	11.393
 0.731	11.468
 0.730	11.576
 0.729	11.376
 0.728	11.373
 0.727	11.532
 0.726	11.498
 0.725	11.620
 0.724	11.352
 0.723	11.300
 0.722	11.232
 0.721	11.366
 0.720	11.570
 0.719	11.570
 0.718	11.443
 0.717	11.534
 0.716	11.258
 0.715	11.297
 0.714	11.246
 0.713	11.177
 0.712	11.428
 0.711	11.240
 0.710	11.296
 0.709	11.661
 0.708	11.534
 0.707	11.282
 0.706	11.379
 0.705	11.393
 0.704	11.400
 0.703	11.133
 0.702	11.404
 0.701	11.220
 0.700	11.077
 0.699	11.344
 0.698	11.148
 0.697	11.255
 0.696	11.182
 0.695	11.468
 0.694	11.562
 0.693	11.418
 0.692	11.391
 0.691	11.369
 0.690	11.484
 0.689	11.315
 0.688	11.322
 0.687	11.086
 0.686	11.109
 0.685	11.133
 0.684	11.145
 0.683	11.292
 0.682	11.166
 0.681	11.237
 0.680	11.016
 0.679	10.995
 0.678	11.106
 0.677	11.176
 0.676	11.202
 0.675	11.134
 0.674	11.190
 0.673	11.227
 0.672	11.330
 0.671	11.110
 0.670	11.306
 0.669	11.208
 0.668	11.288
 0.667	11.199
 0.666	11.337
 0.665	11.341
 0.664	11.128
 0.663	11.132
 0.662	11.277
 0.661	11.348
 0.660	11.259
 0.659	11.268
 0.658	11.270
 0.657	11.146
 0.656	11.221
 0.655	11.052
 0.654	11.177
 0.653	11.080
 0.652	11.191
 0.651	11.140
 0.650	11.244
 0.649	11.493
 0.648	11.308
 0.647	11.252
 0.646	11.176
 0.645	10.996
 0.644	10.973
 0.643	11.043
 0.642	11.221
 0.641	11.138
 0.640	11.368
 0.639	11.241
 0.638	11.296
 0.637	11.190
 0.636	11.379
 0.635	11.123
 0.634	11.123
 0.633	11.116
 0.632	11.108
 0.631	10.920
 0.630	11.147
 0.629	11.052
 0.628	11.194
 0.627	11.227
 0.626	11.154
 0.625	11.144
 0.624	11.059
 0.623	11.033
 0.622	11.056
 0.621	11.191
 0.620	11.102
 0.619	11.144
 0.618	11.142
 0.617	10.982
 0.616	10.965
 0.615	11.024
 0.614	11.053
 0.613	11.104
 0.612	11.088
 0.611	11.146
 0.610	11.126
 0.609	11.265
 0.608	11.049
 0.607	11.389
 0.606	11.317
 0.605	11.175
 0.604	11.175
 0.603	11.039
 0.602	11.089
 0.601	10.915
 0.600	11.160
 0.599	10.950
 0.598	11.018
 0.597	11.079
 0.596	11.199
 0.595	10.967
 0.594	11.069
 0.593	10.931
 0.592	11.076
 0.591	10.916
 0.590	10.885
 0.589	11.114
 0.588	11.234
 0.587	10.969
 0.586	10.932
 0.585	10.944
 0.584	11.024
 0.583	10.917
 0.582	11.109
 0.581	10.956
 0.580	10.952
 0.579	10.954
 0.578	10.918
 0.577	10.980
 0.576	10.850
 0.575	10.986
 0.574	11.065
 0.573	11.172
 0.572	11.084
 0.571	11.110
 0.570	11.196
 0.569	11.151
 0.568	11.143
 0.567	11.038
 0.566	11.241
 0.565	11.028
 0.564	10.955
 0.563	11.182
 0.562	11.184
 0.561	11.223
 0.560	11.257
 0.559	11.189
 0.558	10.826
 0.557	10.917
 0.556	10.933
 0.555	10.662
 0.554	10.852
 0.553	10.639
 0.552	10.579
 0.551	10.468
 0.550	10.467
 0.549	10.429
 0.548	10.425
 0.547	10.458
 0.546	10.448
 0.545	10.619
 0.544	10.549
 0.543	10.503
 0.542	10.365
 0.541	10.575
 0.540	10.430
 0.539	10.293
 0.538	10.342
 0.537	10.542
 0.536	10.386
 0.535	10.714
 0.534	10.627
 0.533	10.518
 0.532	10.576
 0.531	10.449
 0.530	10.307
 0.529	10.583
 0.528	10.686
 0.527	10.297
 0.526	10.259
 0.525	10.217
 0.524	10.389
 0.523	10.690
 0.522	10.554
 0.521	10.562
 0.520	10.252
 0.519	10.568
 0.518	10.665
 0.517	10.483
 0.516	10.512
 0.515	10.340
 0.514	10.532
 0.513	10.189
 0.512	10.083
 0.511	10.289
 0.510	10.126
 0.509	10.235
 0.508	10.049
 0.507	10.080
 0.506	 9.901
 0.505	10.255
 0.504	10.412
 0.503	10.147
 0.502	10.006
 0.501	 9.927
 0.500	 9.748
 0.499	 9.992
 0.498	 9.953
 0.497	10.065
 0.496	10.243
 0.495	10.185
 0.494	10.119
 0.493	 9.894
 0.492	 9.901
 0.491	 9.940
 0.490	 9.963
 0.489	 9.733
 0.488	 9.848
 0.487	10.146
 0.486	10.012
 0.485	 9.857
 0.484	 9.978
 0.483	 9.905
 0.482	 9.755
 0.481	 9.688
 0.480	 9.679
 0.479	 9.873
 0.478	 9.931
 0.477	10.052
 0.476	 9.956
 0.475	10.177
 0.474	 9.921
 0.473	 9.973
 0.472	 9.927
 0.471	 9.822
 0.470	 9.867
 0.469	 9.628
 0.468	 9.753
 0.467	 9.511
 0.466	 9.631
 0.465	 9.656
 0.464	 9.896
 0.463	 9.823
 0.462	 9.598
 0.461	 9.572
 0.460	 9.646
 0.459	 9.970
 0.458	10.108
 0.457	 9.859
 0.456	 9.707
 0.455	 9.738
 0.454	 9.752
 0.453	 9.680
 0.452	 9.726
 0.451	 9.830
 0.450	10.015
 0.449	10.021
 0.448	 9.630
 0.447	 9.650
 0.446	 9.500
 0.445	 9.463
 0.444	 9.683
 0.443	 9.755
 0.442	 9.823
 0.441	 9.808
 0.440	 9.496
 0.439	 9.275
 0.438	 9.604
 0.437	 9.360
 0.436	 9.341
 0.435	 9.383
 0.434	 9.287
 0.433	 9.199
 0.432	 9.353
 0.431	 9.270
 0.430	 9.191
 0.429	 9.069
 0.428	 9.314
 0.427	 9.287
 0.426	 9.160
 0.425	 8.948
 0.424	 9.032
 0.423	 9.355
 0.422	 9.060
 0.421	 8.979
 0.420	 9.004
 0.419	 8.857
 0.418	 8.801
 0.417	 8.867
 0.416	 9.024
 0.415	 8.843
 0.414	 8.723
 0.413	 8.471
 0.412	 8.591
 0.411	 8.694
 0.410	 8.860
 0.409	 8.574
 0.408	 8.451
 0.407	 8.761
 0.406	 8.807
 0.405	 8.544
 0.404	 8.460
 0.403	 8.472
 0.402	 8.333
 0.401	 8.665
 0.400	 8.516
