Name: Beaucarnea recurvata
Type: vegetation
Class: Tree
Genus: Beaucarnea
Species: recurvata
Sample No.: JPL069
Owner: JPL
Wavelength Range: All
Origin: 34.12603; - 118.11015; WGS84
Collection Date: 2/2/2016
Description: Samples were collected at the Huntington Garden in San Marino California as part of a JPL Subcontract studying HyTES imagery. Samples were taken to JPL and processed within 48 hours of collection. The same leaves were processed in the Nicolet and then measured using the ASD.
Measurement: Bidirectional and directional hemispherical reflectance
First Column: X
Second Column: Y
X Units: Wavelength (micrometer)
Y Units: Reflectance (percentage)
First X Value: 0.35
Last X Value: 15.3869
Number of X Values: 3889
Additional Information: 

 0.350	 5.522
 0.351	 5.798
 0.352	 5.882
 0.353	 6.081
 0.354	 6.578
 0.355	 6.422
 0.356	 6.600
 0.357	 6.800
 0.358	 6.256
 0.359	 6.073
 0.360	 5.982
 0.361	 5.883
 0.362	 6.137
 0.363	 6.149
 0.364	 6.336
 0.365	 6.970
 0.366	 6.938
 0.367	 6.796
 0.368	 6.652
 0.369	 6.326
 0.370	 6.025
 0.371	 5.742
 0.372	 5.650
 0.373	 6.403
 0.374	 6.527
 0.375	 6.203
 0.376	 6.091
 0.377	 6.200
 0.378	 5.910
 0.379	 5.474
 0.380	 5.839
 0.381	 6.588
 0.382	 6.647
 0.383	 5.921
 0.384	 6.542
 0.385	 6.978
 0.386	 6.984
 0.387	 6.834
 0.388	 6.837
 0.389	 6.714
 0.390	 6.464
 0.391	 6.418
 0.392	 6.806
 0.393	 7.012
 0.394	 6.681
 0.395	 6.544
 0.396	 6.675
 0.397	 6.779
 0.398	 6.505
 0.399	 6.548
 0.400	 6.793
 0.401	 7.041
 0.402	 7.095
 0.403	 6.988
 0.404	 6.887
 0.405	 6.915
 0.406	 6.929
 0.407	 6.898
 0.408	 6.889
 0.409	 7.007
 0.410	 7.064
 0.411	 7.221
 0.412	 7.466
 0.413	 7.379
 0.414	 7.448
 0.415	 7.563
 0.416	 7.491
 0.417	 7.350
 0.418	 7.374
 0.419	 7.493
 0.420	 7.378
 0.421	 7.475
 0.422	 7.615
 0.423	 7.634
 0.424	 7.677
 0.425	 7.644
 0.426	 7.594
 0.427	 7.646
 0.428	 7.806
 0.429	 7.858
 0.430	 7.756
 0.431	 7.708
 0.432	 7.696
 0.433	 7.694
 0.434	 7.701
 0.435	 7.831
 0.436	 7.969
 0.437	 8.005
 0.438	 7.859
 0.439	 7.908
 0.440	 8.005
 0.441	 8.018
 0.442	 8.052
 0.443	 8.086
 0.444	 8.116
 0.445	 8.153
 0.446	 8.230
 0.447	 8.287
 0.448	 8.324
 0.449	 8.422
 0.450	 8.537
 0.451	 8.568
 0.452	 8.494
 0.453	 8.600
 0.454	 8.608
 0.455	 8.564
 0.456	 8.686
 0.457	 8.718
 0.458	 8.757
 0.459	 8.854
 0.460	 8.887
 0.461	 8.881
 0.462	 8.871
 0.463	 8.886
 0.464	 8.881
 0.465	 8.943
 0.466	 9.032
 0.467	 8.988
 0.468	 9.017
 0.469	 9.057
 0.470	 9.043
 0.471	 9.073
 0.472	 9.057
 0.473	 9.033
 0.474	 9.097
 0.475	 9.201
 0.476	 9.232
 0.477	 9.180
 0.478	 9.196
 0.479	 9.166
 0.480	 9.122
 0.481	 9.127
 0.482	 9.180
 0.483	 9.244
 0.484	 9.310
 0.485	 9.394
 0.486	 9.384
 0.487	 9.397
 0.488	 9.500
 0.489	 9.534
 0.490	 9.587
 0.491	 9.673
 0.492	 9.761
 0.493	 9.779
 0.494	 9.882
 0.495	10.103
 0.496	10.271
 0.497	10.360
 0.498	10.453
 0.499	10.639
 0.500	10.892
 0.501	11.121
 0.502	11.319
 0.503	11.550
 0.504	11.810
 0.505	12.112
 0.506	12.443
 0.507	12.743
 0.508	13.056
 0.509	13.408
 0.510	13.805
 0.511	14.187
 0.512	14.574
 0.513	14.982
 0.514	15.413
 0.515	15.890
 0.516	16.365
 0.517	16.791
 0.518	17.190
 0.519	17.647
 0.520	18.144
 0.521	18.582
 0.522	19.009
 0.523	19.422
 0.524	19.817
 0.525	20.207
 0.526	20.593
 0.527	20.946
 0.528	21.245
 0.529	21.560
 0.530	21.844
 0.531	22.086
 0.532	22.344
 0.533	22.601
 0.534	22.817
 0.535	22.977
 0.536	23.191
 0.537	23.372
 0.538	23.508
 0.539	23.642
 0.540	23.811
 0.541	23.973
 0.542	24.102
 0.543	24.238
 0.544	24.363
 0.545	24.464
 0.546	24.531
 0.547	24.567
 0.548	24.596
 0.549	24.635
 0.550	24.684
 0.551	24.739
 0.552	24.782
 0.553	24.801
 0.554	24.811
 0.555	24.774
 0.556	24.696
 0.557	24.625
 0.558	24.586
 0.559	24.541
 0.560	24.458
 0.561	24.338
 0.562	24.238
 0.563	24.136
 0.564	23.994
 0.565	23.880
 0.566	23.749
 0.567	23.579
 0.568	23.392
 0.569	23.210
 0.570	23.036
 0.571	22.858
 0.572	22.640
 0.573	22.422
 0.574	22.233
 0.575	22.081
 0.576	21.925
 0.577	21.767
 0.578	21.613
 0.579	21.466
 0.580	21.345
 0.581	21.227
 0.582	21.085
 0.583	20.989
 0.584	20.911
 0.585	20.817
 0.586	20.681
 0.587	20.574
 0.588	20.479
 0.589	20.377
 0.590	20.316
 0.591	20.263
 0.592	20.202
 0.593	20.125
 0.594	20.045
 0.595	19.992
 0.596	19.966
 0.597	19.921
 0.598	19.879
 0.599	19.847
 0.600	19.818
 0.601	19.748
 0.602	19.658
 0.603	19.565
 0.604	19.481
 0.605	19.388
 0.606	19.278
 0.607	19.150
 0.608	19.011
 0.609	18.893
 0.610	18.780
 0.611	18.641
 0.612	18.472
 0.613	18.305
 0.614	18.152
 0.615	17.986
 0.616	17.832
 0.617	17.685
 0.618	17.542
 0.619	17.406
 0.620	17.298
 0.621	17.218
 0.622	17.154
 0.623	17.074
 0.624	16.999
 0.625	16.951
 0.626	16.936
 0.627	16.934
 0.628	16.931
 0.629	16.917
 0.630	16.891
 0.631	16.882
 0.632	16.885
 0.633	16.853
 0.634	16.813
 0.635	16.747
 0.636	16.637
 0.637	16.496
 0.638	16.330
 0.639	16.153
 0.640	15.978
 0.641	15.784
 0.642	15.569
 0.643	15.333
 0.644	15.085
 0.645	14.820
 0.646	14.573
 0.647	14.371
 0.648	14.156
 0.649	13.966
 0.650	13.807
 0.651	13.656
 0.652	13.535
 0.653	13.426
 0.654	13.310
 0.655	13.193
 0.656	13.055
 0.657	12.891
 0.658	12.708
 0.659	12.521
 0.660	12.316
 0.661	12.088
 0.662	11.845
 0.663	11.613
 0.664	11.406
 0.665	11.221
 0.666	11.020
 0.667	10.839
 0.668	10.686
 0.669	10.550
 0.670	10.436
 0.671	10.357
 0.672	10.308
 0.673	10.268
 0.674	10.238
 0.675	10.219
 0.676	10.209
 0.677	10.213
 0.678	10.253
 0.679	10.326
 0.680	10.412
 0.681	10.533
 0.682	10.701
 0.683	10.931
 0.684	11.237
 0.685	11.621
 0.686	12.105
 0.687	12.706
 0.688	13.389
 0.689	14.179
 0.690	15.073
 0.691	16.047
 0.692	17.123
 0.693	18.271
 0.694	19.457
 0.695	20.662
 0.696	21.905
 0.697	23.155
 0.698	24.370
 0.699	25.592
 0.700	26.790
 0.701	27.937
 0.702	29.018
 0.703	30.065
 0.704	31.067
 0.705	32.013
 0.706	32.910
 0.707	33.774
 0.708	34.586
 0.709	35.333
 0.710	36.081
 0.711	36.804
 0.712	37.488
 0.713	38.139
 0.714	38.751
 0.715	39.355
 0.716	39.965
 0.717	40.526
 0.718	41.066
 0.719	41.590
 0.720	42.093
 0.721	42.563
 0.722	43.021
 0.723	43.473
 0.724	43.906
 0.725	44.302
 0.726	44.663
 0.727	45.002
 0.728	45.351
 0.729	45.669
 0.730	45.962
 0.731	46.249
 0.732	46.493
 0.733	46.736
 0.734	46.981
 0.735	47.186
 0.736	47.395
 0.737	47.585
 0.738	47.742
 0.739	47.904
 0.740	48.063
 0.741	48.209
 0.742	48.334
 0.743	48.443
 0.744	48.552
 0.745	48.655
 0.746	48.728
 0.747	48.821
 0.748	48.908
 0.749	48.968
 0.750	49.018
 0.751	49.072
 0.752	49.124
 0.753	49.166
 0.754	49.223
 0.755	49.261
 0.756	49.279
 0.757	49.303
 0.758	49.326
 0.759	49.355
 0.760	49.387
 0.761	49.402
 0.762	49.423
 0.763	49.444
 0.764	49.456
 0.765	49.484
 0.766	49.506
 0.767	49.520
 0.768	49.536
 0.769	49.531
 0.770	49.526
 0.771	49.531
 0.772	49.540
 0.773	49.552
 0.774	49.571
 0.775	49.589
 0.776	49.579
 0.777	49.566
 0.778	49.570
 0.779	49.596
 0.780	49.589
 0.781	49.583
 0.782	49.600
 0.783	49.641
 0.784	49.642
 0.785	49.619
 0.786	49.602
 0.787	49.605
 0.788	49.620
 0.789	49.631
 0.790	49.627
 0.791	49.616
 0.792	49.605
 0.793	49.606
 0.794	49.625
 0.795	49.630
 0.796	49.616
 0.797	49.592
 0.798	49.581
 0.799	49.580
 0.800	49.575
 0.801	49.559
 0.802	49.545
 0.803	49.543
 0.804	49.540
 0.805	49.525
 0.806	49.532
 0.807	49.517
 0.808	49.486
 0.809	49.487
 0.810	49.484
 0.811	49.473
 0.812	49.454
 0.813	49.436
 0.814	49.417
 0.815	49.402
 0.816	49.393
 0.817	49.382
 0.818	49.369
 0.819	49.352
 0.820	49.330
 0.821	49.325
 0.822	49.329
 0.823	49.325
 0.824	49.297
 0.825	49.271
 0.826	49.252
 0.827	49.245
 0.828	49.260
 0.829	49.233
 0.830	49.201
 0.831	49.198
 0.832	49.180
 0.833	49.155
 0.834	49.133
 0.835	49.122
 0.836	49.131
 0.837	49.123
 0.838	49.108
 0.839	49.125
 0.840	49.144
 0.841	49.134
 0.842	49.101
 0.843	49.100
 0.844	49.104
 0.845	49.117
 0.846	49.135
 0.847	49.121
 0.848	49.098
 0.849	49.092
 0.850	49.114
 0.851	49.140
 0.852	49.151
 0.853	49.151
 0.854	49.153
 0.855	49.153
 0.856	49.154
 0.857	49.157
 0.858	49.157
 0.859	49.175
 0.860	49.198
 0.861	49.208
 0.862	49.199
 0.863	49.189
 0.864	49.206
 0.865	49.258
 0.866	49.309
 0.867	49.316
 0.868	49.297
 0.869	49.295
 0.870	49.324
 0.871	49.339
 0.872	49.334
 0.873	49.332
 0.874	49.327
 0.875	49.347
 0.876	49.384
 0.877	49.394
 0.878	49.421
 0.879	49.431
 0.880	49.417
 0.881	49.422
 0.882	49.428
 0.883	49.456
 0.884	49.497
 0.885	49.460
 0.886	49.426
 0.887	49.430
 0.888	49.477
 0.889	49.535
 0.890	49.544
 0.891	49.529
 0.892	49.536
 0.893	49.521
 0.894	49.512
 0.895	49.541
 0.896	49.621
 0.897	49.605
 0.898	49.572
 0.899	49.566
 0.900	49.575
 0.901	49.579
 0.902	49.575
 0.903	49.568
 0.904	49.565
 0.905	49.581
 0.906	49.585
 0.907	49.568
 0.908	49.586
 0.909	49.589
 0.910	49.566
 0.911	49.535
 0.912	49.543
 0.913	49.553
 0.914	49.550
 0.915	49.537
 0.916	49.533
 0.917	49.523
 0.918	49.505
 0.919	49.486
 0.920	49.466
 0.921	49.454
 0.922	49.431
 0.923	49.379
 0.924	49.395
 0.925	49.377
 0.926	49.311
 0.927	49.263
 0.928	49.291
 0.929	49.282
 0.930	49.202
 0.931	49.116
 0.932	49.105
 0.933	49.103
 0.934	49.060
 0.935	48.976
 0.936	48.909
 0.937	48.895
 0.938	48.912
 0.939	48.871
 0.940	48.767
 0.941	48.670
 0.942	48.629
 0.943	48.630
 0.944	48.552
 0.945	48.458
 0.946	48.406
 0.947	48.338
 0.948	48.270
 0.949	48.164
 0.950	48.024
 0.951	47.995
 0.952	47.903
 0.953	47.760
 0.954	47.625
 0.955	47.503
 0.956	47.391
 0.957	47.290
 0.958	47.199
 0.959	47.111
 0.960	47.026
 0.961	46.959
 0.962	46.923
 0.963	46.922
 0.964	46.853
 0.965	46.758
 0.966	46.722
 0.967	46.714
 0.968	46.686
 0.969	46.658
 0.970	46.657
 0.971	46.598
 0.972	46.548
 0.973	46.543
 0.974	46.581
 0.975	46.592
 0.976	46.585
 0.977	46.564
 0.978	46.541
 0.979	46.575
 0.980	46.523
 0.981	46.462
 0.982	46.524
 0.983	46.532
 0.984	46.528
 0.985	46.557
 0.986	46.623
 0.987	46.559
 0.988	46.605
 0.989	46.681
 0.990	46.608
 0.991	46.611
 0.992	46.638
 0.993	46.660
 0.994	46.660
 0.995	46.612
 0.996	46.673
 0.997	46.787
 0.998	46.822
 0.999	46.831
 1.000	46.834
 1.001	47.239
 1.002	47.332
 1.003	47.421
 1.004	47.464
 1.005	47.506
 1.006	47.512
 1.007	47.520
 1.008	47.548
 1.009	47.607
 1.010	47.639
 1.011	47.649
 1.012	47.686
 1.013	47.728
 1.014	47.768
 1.015	47.826
 1.016	47.888
 1.017	47.927
 1.018	47.942
 1.019	47.956
 1.020	47.977
 1.021	48.009
 1.022	48.062
 1.023	48.114
 1.024	48.189
 1.025	48.243
 1.026	48.293
 1.027	48.328
 1.028	48.355
 1.029	48.378
 1.030	48.379
 1.031	48.397
 1.032	48.418
 1.033	48.439
 1.034	48.480
 1.035	48.527
 1.036	48.557
 1.037	48.588
 1.038	48.614
 1.039	48.620
 1.040	48.647
 1.041	48.686
 1.042	48.719
 1.043	48.758
 1.044	48.792
 1.045	48.829
 1.046	48.852
 1.047	48.855
 1.048	48.879
 1.049	48.908
 1.050	48.935
 1.051	48.980
 1.052	49.022
 1.053	49.040
 1.054	49.032
 1.055	49.049
 1.056	49.067
 1.057	49.081
 1.058	49.110
 1.059	49.122
 1.060	49.109
 1.061	49.116
 1.062	49.130
 1.063	49.143
 1.064	49.167
 1.065	49.182
 1.066	49.189
 1.067	49.198
 1.068	49.205
 1.069	49.211
 1.070	49.213
 1.071	49.212
 1.072	49.219
 1.073	49.225
 1.074	49.232
 1.075	49.252
 1.076	49.257
 1.077	49.254
 1.078	49.252
 1.079	49.237
 1.080	49.237
 1.081	49.249
 1.082	49.252
 1.083	49.273
 1.084	49.270
 1.085	49.242
 1.086	49.221
 1.087	49.208
 1.088	49.190
 1.089	49.180
 1.090	49.191
 1.091	49.177
 1.092	49.146
 1.093	49.128
 1.094	49.097
 1.095	49.091
 1.096	49.114
 1.097	49.112
 1.098	49.122
 1.099	49.108
 1.100	49.052
 1.101	49.026
 1.102	49.004
 1.103	48.988
 1.104	48.991
 1.105	48.973
 1.106	48.954
 1.107	48.922
 1.108	48.893
 1.109	48.863
 1.110	48.831
 1.111	48.785
 1.112	48.762
 1.113	48.761
 1.114	48.735
 1.115	48.720
 1.116	48.684
 1.117	48.614
 1.118	48.560
 1.119	48.509
 1.120	48.447
 1.121	48.402
 1.122	48.355
 1.123	48.312
 1.124	48.266
 1.125	48.209
 1.126	48.160
 1.127	48.072
 1.128	47.964
 1.129	47.851
 1.130	47.706
 1.131	47.574
 1.132	47.456
 1.133	47.309
 1.134	47.150
 1.135	46.977
 1.136	46.784
 1.137	46.584
 1.138	46.369
 1.139	46.174
 1.140	45.969
 1.141	45.756
 1.142	45.545
 1.143	45.319
 1.144	45.101
 1.145	44.872
 1.146	44.661
 1.147	44.464
 1.148	44.261
 1.149	44.056
 1.150	43.871
 1.151	43.682
 1.152	43.521
 1.153	43.391
 1.154	43.261
 1.155	43.143
 1.156	43.028
 1.157	42.927
 1.158	42.835
 1.159	42.747
 1.160	42.680
 1.161	42.618
 1.162	42.551
 1.163	42.487
 1.164	42.433
 1.165	42.380
 1.166	42.321
 1.167	42.279
 1.168	42.255
 1.169	42.224
 1.170	42.205
 1.171	42.179
 1.172	42.143
 1.173	42.115
 1.174	42.092
 1.175	42.060
 1.176	42.031
 1.177	41.997
 1.178	41.951
 1.179	41.917
 1.180	41.886
 1.181	41.866
 1.182	41.854
 1.183	41.832
 1.184	41.798
 1.185	41.759
 1.186	41.729
 1.187	41.698
 1.188	41.665
 1.189	41.638
 1.190	41.610
 1.191	41.574
 1.192	41.552
 1.193	41.540
 1.194	41.528
 1.195	41.526
 1.196	41.513
 1.197	41.496
 1.198	41.495
 1.199	41.488
 1.200	41.477
 1.201	41.473
 1.202	41.475
 1.203	41.472
 1.204	41.479
 1.205	41.494
 1.206	41.497
 1.207	41.505
 1.208	41.513
 1.209	41.518
 1.210	41.537
 1.211	41.556
 1.212	41.581
 1.213	41.606
 1.214	41.628
 1.215	41.662
 1.216	41.705
 1.217	41.749
 1.218	41.790
 1.219	41.829
 1.220	41.863
 1.221	41.903
 1.222	41.957
 1.223	42.016
 1.224	42.068
 1.225	42.109
 1.226	42.149
 1.227	42.201
 1.228	42.246
 1.229	42.295
 1.230	42.352
 1.231	42.390
 1.232	42.424
 1.233	42.463
 1.234	42.496
 1.235	42.517
 1.236	42.546
 1.237	42.576
 1.238	42.609
 1.239	42.647
 1.240	42.697
 1.241	42.734
 1.242	42.766
 1.243	42.797
 1.244	42.808
 1.245	42.828
 1.246	42.862
 1.247	42.886
 1.248	42.925
 1.249	42.965
 1.250	42.987
 1.251	43.011
 1.252	43.017
 1.253	43.025
 1.254	43.041
 1.255	43.059
 1.256	43.086
 1.257	43.105
 1.258	43.117
 1.259	43.134
 1.260	43.154
 1.261	43.164
 1.262	43.171
 1.263	43.182
 1.264	43.187
 1.265	43.179
 1.266	43.185
 1.267	43.194
 1.268	43.203
 1.269	43.215
 1.270	43.222
 1.271	43.221
 1.272	43.197
 1.273	43.173
 1.274	43.147
 1.275	43.121
 1.276	43.113
 1.277	43.091
 1.278	43.070
 1.279	43.057
 1.280	43.032
 1.281	43.012
 1.282	42.994
 1.283	42.958
 1.284	42.927
 1.285	42.899
 1.286	42.858
 1.287	42.820
 1.288	42.786
 1.289	42.747
 1.290	42.701
 1.291	42.661
 1.292	42.611
 1.293	42.551
 1.294	42.478
 1.295	42.400
 1.296	42.329
 1.297	42.260
 1.298	42.199
 1.299	42.141
 1.300	42.067
 1.301	41.986
 1.302	41.898
 1.303	41.802
 1.304	41.718
 1.305	41.636
 1.306	41.550
 1.307	41.469
 1.308	41.375
 1.309	41.275
 1.310	41.164
 1.311	41.044
 1.312	40.921
 1.313	40.786
 1.314	40.652
 1.315	40.519
 1.316	40.380
 1.317	40.239
 1.318	40.096
 1.319	39.941
 1.320	39.790
 1.321	39.638
 1.322	39.478
 1.323	39.337
 1.324	39.185
 1.325	39.017
 1.326	38.861
 1.327	38.695
 1.328	38.526
 1.329	38.363
 1.330	38.203
 1.331	38.037
 1.332	37.864
 1.333	37.694
 1.334	37.517
 1.335	37.344
 1.336	37.176
 1.337	37.002
 1.338	36.833
 1.339	36.662
 1.340	36.489
 1.341	36.330
 1.342	36.171
 1.343	36.006
 1.344	35.847
 1.345	35.686
 1.346	35.514
 1.347	35.356
 1.348	35.202
 1.349	35.052
 1.350	34.909
 1.351	34.773
 1.352	34.630
 1.353	34.498
 1.354	34.365
 1.355	34.222
 1.356	34.078
 1.357	33.936
 1.358	33.787
 1.359	33.636
 1.360	33.489
 1.361	33.334
 1.362	33.178
 1.363	33.016
 1.364	32.842
 1.365	32.664
 1.366	32.482
 1.367	32.295
 1.368	32.095
 1.369	31.879
 1.370	31.651
 1.371	31.404
 1.372	31.145
 1.373	30.878
 1.374	30.593
 1.375	30.294
 1.376	29.985
 1.377	29.654
 1.378	29.301
 1.379	28.929
 1.380	28.530
 1.381	28.118
 1.382	27.696
 1.383	27.263
 1.384	26.817
 1.385	26.356
 1.386	25.890
 1.387	25.409
 1.388	24.933
 1.389	24.453
 1.390	23.975
 1.391	23.502
 1.392	23.025
 1.393	22.557
 1.394	22.102
 1.395	21.653
 1.396	21.219
 1.397	20.797
 1.398	20.386
 1.399	19.999
 1.400	19.624
 1.401	19.269
 1.402	18.928
 1.403	18.601
 1.404	18.293
 1.405	17.999
 1.406	17.726
 1.407	17.471
 1.408	17.230
 1.409	17.008
 1.410	16.797
 1.411	16.596
 1.412	16.411
 1.413	16.239
 1.414	16.080
 1.415	15.935
 1.416	15.798
 1.417	15.668
 1.418	15.543
 1.419	15.429
 1.420	15.323
 1.421	15.222
 1.422	15.138
 1.423	15.059
 1.424	14.981
 1.425	14.908
 1.426	14.838
 1.427	14.773
 1.428	14.711
 1.429	14.656
 1.430	14.606
 1.431	14.562
 1.432	14.523
 1.433	14.488
 1.434	14.460
 1.435	14.432
 1.436	14.405
 1.437	14.378
 1.438	14.353
 1.439	14.330
 1.440	14.313
 1.441	14.301
 1.442	14.293
 1.443	14.286
 1.444	14.277
 1.445	14.269
 1.446	14.262
 1.447	14.259
 1.448	14.261
 1.449	14.266
 1.450	14.271
 1.451	14.275
 1.452	14.279
 1.453	14.282
 1.454	14.286
 1.455	14.296
 1.456	14.307
 1.457	14.320
 1.458	14.339
 1.459	14.354
 1.460	14.373
 1.461	14.392
 1.462	14.414
 1.463	14.446
 1.464	14.478
 1.465	14.515
 1.466	14.557
 1.467	14.593
 1.468	14.635
 1.469	14.684
 1.470	14.731
 1.471	14.782
 1.472	14.837
 1.473	14.891
 1.474	14.946
 1.475	15.005
 1.476	15.066
 1.477	15.130
 1.478	15.196
 1.479	15.264
 1.480	15.332
 1.481	15.398
 1.482	15.471
 1.483	15.548
 1.484	15.622
 1.485	15.696
 1.486	15.771
 1.487	15.846
 1.488	15.923
 1.489	16.006
 1.490	16.090
 1.491	16.176
 1.492	16.260
 1.493	16.346
 1.494	16.431
 1.495	16.513
 1.496	16.600
 1.497	16.689
 1.498	16.776
 1.499	16.862
 1.500	16.950
 1.501	17.040
 1.502	17.130
 1.503	17.223
 1.504	17.317
 1.505	17.407
 1.506	17.497
 1.507	17.588
 1.508	17.677
 1.509	17.764
 1.510	17.853
 1.511	17.946
 1.512	18.040
 1.513	18.131
 1.514	18.224
 1.515	18.317
 1.516	18.406
 1.517	18.500
 1.518	18.593
 1.519	18.682
 1.520	18.772
 1.521	18.863
 1.522	18.951
 1.523	19.040
 1.524	19.130
 1.525	19.218
 1.526	19.306
 1.527	19.392
 1.528	19.484
 1.529	19.574
 1.530	19.666
 1.531	19.763
 1.532	19.856
 1.533	19.949
 1.534	20.040
 1.535	20.123
 1.536	20.208
 1.537	20.285
 1.538	20.365
 1.539	20.453
 1.540	20.535
 1.541	20.621
 1.542	20.706
 1.543	20.789
 1.544	20.875
 1.545	20.959
 1.546	21.043
 1.547	21.130
 1.548	21.218
 1.549	21.307
 1.550	21.388
 1.551	21.464
 1.552	21.542
 1.553	21.615
 1.554	21.689
 1.555	21.772
 1.556	21.851
 1.557	21.925
 1.558	22.002
 1.559	22.080
 1.560	22.158
 1.561	22.235
 1.562	22.316
 1.563	22.395
 1.564	22.468
 1.565	22.545
 1.566	22.620
 1.567	22.689
 1.568	22.763
 1.569	22.838
 1.570	22.911
 1.571	22.990
 1.572	23.063
 1.573	23.128
 1.574	23.200
 1.575	23.265
 1.576	23.326
 1.577	23.394
 1.578	23.458
 1.579	23.523
 1.580	23.593
 1.581	23.654
 1.582	23.714
 1.583	23.781
 1.584	23.843
 1.585	23.909
 1.586	23.976
 1.587	24.031
 1.588	24.086
 1.589	24.150
 1.590	24.212
 1.591	24.283
 1.592	24.361
 1.593	24.427
 1.594	24.497
 1.595	24.559
 1.596	24.623
 1.597	24.694
 1.598	24.753
 1.599	24.816
 1.600	24.871
 1.601	24.923
 1.602	24.982
 1.603	25.039
 1.604	25.096
 1.605	25.150
 1.606	25.207
 1.607	25.270
 1.608	25.336
 1.609	25.402
 1.610	25.465
 1.611	25.519
 1.612	25.568
 1.613	25.612
 1.614	25.653
 1.615	25.698
 1.616	25.744
 1.617	25.802
 1.618	25.856
 1.619	25.902
 1.620	25.951
 1.621	25.996
 1.622	26.037
 1.623	26.088
 1.624	26.140
 1.625	26.183
 1.626	26.230
 1.627	26.277
 1.628	26.315
 1.629	26.355
 1.630	26.390
 1.631	26.425
 1.632	26.455
 1.633	26.491
 1.634	26.531
 1.635	26.569
 1.636	26.608
 1.637	26.649
 1.638	26.689
 1.639	26.726
 1.640	26.768
 1.641	26.799
 1.642	26.821
 1.643	26.844
 1.644	26.860
 1.645	26.880
 1.646	26.902
 1.647	26.927
 1.648	26.948
 1.649	26.974
 1.650	26.997
 1.651	27.010
 1.652	27.025
 1.653	27.033
 1.654	27.044
 1.655	27.059
 1.656	27.068
 1.657	27.081
 1.658	27.089
 1.659	27.094
 1.660	27.101
 1.661	27.104
 1.662	27.104
 1.663	27.100
 1.664	27.092
 1.665	27.084
 1.666	27.073
 1.667	27.060
 1.668	27.053
 1.669	27.046
 1.670	27.039
 1.671	27.033
 1.672	27.028
 1.673	27.029
 1.674	27.020
 1.675	27.000
 1.676	26.971
 1.677	26.940
 1.678	26.903
 1.679	26.870
 1.680	26.854
 1.681	26.826
 1.682	26.796
 1.683	26.770
 1.684	26.726
 1.685	26.686
 1.686	26.651
 1.687	26.614
 1.688	26.582
 1.689	26.539
 1.690	26.497
 1.691	26.458
 1.692	26.414
 1.693	26.368
 1.694	26.323
 1.695	26.274
 1.696	26.227
 1.697	26.186
 1.698	26.131
 1.699	26.070
 1.700	26.006
 1.701	25.928
 1.702	25.864
 1.703	25.807
 1.704	25.744
 1.705	25.686
 1.706	25.618
 1.707	25.538
 1.708	25.468
 1.709	25.398
 1.710	25.331
 1.711	25.269
 1.712	25.213
 1.713	25.151
 1.714	25.088
 1.715	25.025
 1.716	24.960
 1.717	24.890
 1.718	24.829
 1.719	24.775
 1.720	24.717
 1.721	24.660
 1.722	24.606
 1.723	24.544
 1.724	24.478
 1.725	24.428
 1.726	24.382
 1.727	24.343
 1.728	24.317
 1.729	24.293
 1.730	24.272
 1.731	24.251
 1.732	24.227
 1.733	24.213
 1.734	24.208
 1.735	24.201
 1.736	24.201
 1.737	24.195
 1.738	24.184
 1.739	24.172
 1.740	24.165
 1.741	24.146
 1.742	24.126
 1.743	24.087
 1.744	24.023
 1.745	23.979
 1.746	23.933
 1.747	23.885
 1.748	23.852
 1.749	23.803
 1.750	23.738
 1.751	23.677
 1.752	23.614
 1.753	23.552
 1.754	23.485
 1.755	23.433
 1.756	23.376
 1.757	23.321
 1.758	23.270
 1.759	23.212
 1.760	23.161
 1.761	23.099
 1.762	23.043
 1.763	22.983
 1.764	22.938
 1.765	22.904
 1.766	22.876
 1.767	22.870
 1.768	22.850
 1.769	22.827
 1.770	22.804
 1.771	22.772
 1.772	22.747
 1.773	22.726
 1.774	22.708
 1.775	22.699
 1.776	22.676
 1.777	22.648
 1.778	22.625
 1.779	22.593
 1.780	22.573
 1.781	22.561
 1.782	22.556
 1.783	22.559
 1.784	22.553
 1.785	22.550
 1.786	22.547
 1.787	22.535
 1.788	22.541
 1.789	22.541
 1.790	22.531
 1.791	22.531
 1.792	22.540
 1.793	22.545
 1.794	22.558
 1.795	22.566
 1.796	22.572
 1.797	22.569
 1.798	22.555
 1.799	22.552
 1.800	22.540
 1.801	22.544
 1.802	22.570
 1.803	22.583
 1.804	22.600
 1.805	22.609
 1.806	22.606
 1.807	22.615
 1.808	22.625
 1.809	22.642
 1.810	22.674
 1.811	22.684
 1.812	22.688
 1.813	22.692
 1.814	22.696
 1.815	22.696
 1.816	22.691
 1.817	22.670
 1.818	22.654
 1.819	22.651
 1.820	22.659
 1.821	22.688
 1.822	22.703
 1.823	22.735
 1.824	22.729
 1.825	22.687
 1.826	22.667
 1.827	22.631
 1.828	22.613
 1.829	22.624
 1.830	22.606
 1.831	22.922
 1.832	22.909
 1.833	22.884
 1.834	22.858
 1.835	22.857
 1.836	22.863
 1.837	22.854
 1.838	22.833
 1.839	22.781
 1.840	22.685
 1.841	22.610
 1.842	22.521
 1.843	22.432
 1.844	22.353
 1.845	22.284
 1.846	22.198
 1.847	22.091
 1.848	22.008
 1.849	21.920
 1.850	21.817
 1.851	21.707
 1.852	21.606
 1.853	21.463
 1.854	21.300
 1.855	21.129
 1.856	20.950
 1.857	20.781
 1.858	20.612
 1.859	20.428
 1.860	20.243
 1.861	20.041
 1.862	19.819
 1.863	19.579
 1.864	19.327
 1.865	19.072
 1.866	18.801
 1.867	18.525
 1.868	18.243
 1.869	17.958
 1.870	17.667
 1.871	17.372
 1.872	17.068
 1.873	16.774
 1.874	16.447
 1.875	16.099
 1.876	15.766
 1.877	15.405
 1.878	15.050
 1.879	14.709
 1.880	14.367
 1.881	14.016
 1.882	13.684
 1.883	13.366
 1.884	13.065
 1.885	12.778
 1.886	12.501
 1.887	12.211
 1.888	11.910
 1.889	11.625
 1.890	11.331
 1.891	11.064
 1.892	10.812
 1.893	10.587
 1.894	10.365
 1.895	10.172
 1.896	 9.986
 1.897	 9.810
 1.898	 9.657
 1.899	 9.521
 1.900	 9.401
 1.901	 9.312
 1.902	 9.206
 1.903	 9.106
 1.904	 9.006
 1.905	 8.896
 1.906	 8.798
 1.907	 8.720
 1.908	 8.661
 1.909	 8.609
 1.910	 8.578
 1.911	 8.546
 1.912	 8.528
 1.913	 8.495
 1.914	 8.459
 1.915	 8.426
 1.916	 8.397
 1.917	 8.376
 1.918	 8.357
 1.919	 8.334
 1.920	 8.292
 1.921	 8.259
 1.922	 8.242
 1.923	 8.241
 1.924	 8.239
 1.925	 8.253
 1.926	 8.252
 1.927	 8.249
 1.928	 8.245
 1.929	 8.243
 1.930	 8.252
 1.931	 8.260
 1.932	 8.262
 1.933	 8.268
 1.934	 8.281
 1.935	 8.281
 1.936	 8.275
 1.937	 8.274
 1.938	 8.260
 1.939	 8.257
 1.940	 8.274
 1.941	 8.294
 1.942	 8.310
 1.943	 8.306
 1.944	 8.320
 1.945	 8.330
 1.946	 8.354
 1.947	 8.399
 1.948	 8.437
 1.949	 8.490
 1.950	 8.497
 1.951	 8.509
 1.952	 8.528
 1.953	 8.544
 1.954	 8.584
 1.955	 8.612
 1.956	 8.644
 1.957	 8.673
 1.958	 8.688
 1.959	 8.716
 1.960	 8.763
 1.961	 8.796
 1.962	 8.823
 1.963	 8.857
 1.964	 8.880
 1.965	 8.908
 1.966	 8.937
 1.967	 8.956
 1.968	 8.993
 1.969	 9.042
 1.970	 9.082
 1.971	 9.139
 1.972	 9.180
 1.973	 9.208
 1.974	 9.233
 1.975	 9.266
 1.976	 9.291
 1.977	 9.314
 1.978	 9.349
 1.979	 9.387
 1.980	 9.424
 1.981	 9.469
 1.982	 9.536
 1.983	 9.579
 1.984	 9.613
 1.985	 9.653
 1.986	 9.689
 1.987	 9.710
 1.988	 9.746
 1.989	 9.792
 1.990	 9.816
 1.991	 9.846
 1.992	 9.885
 1.993	 9.924
 1.994	 9.961
 1.995	10.005
 1.996	10.052
 1.997	10.101
 1.998	10.143
 1.999	10.189
 2.000	10.232
 2.001	10.256
 2.002	10.299
 2.003	10.358
 2.004	10.412
 2.005	10.465
 2.006	10.521
 2.007	10.575
 2.008	10.624
 2.009	10.673
 2.010	10.731
 2.011	10.774
 2.012	10.802
 2.013	10.839
 2.014	10.878
 2.015	10.893
 2.016	10.930
 2.017	10.966
 2.018	11.009
 2.019	11.061
 2.020	11.107
 2.021	11.161
 2.022	11.199
 2.023	11.218
 2.024	11.249
 2.025	11.269
 2.026	11.307
 2.027	11.366
 2.028	11.416
 2.029	11.461
 2.030	11.510
 2.031	11.548
 2.032	11.575
 2.033	11.601
 2.034	11.619
 2.035	11.648
 2.036	11.674
 2.037	11.706
 2.038	11.753
 2.039	11.789
 2.040	11.814
 2.041	11.847
 2.042	11.879
 2.043	11.917
 2.044	11.959
 2.045	12.014
 2.046	12.054
 2.047	12.093
 2.048	12.124
 2.049	12.130
 2.050	12.168
 2.051	12.223
 2.052	12.267
 2.053	12.330
 2.054	12.372
 2.055	12.394
 2.056	12.418
 2.057	12.443
 2.058	12.481
 2.059	12.511
 2.060	12.548
 2.061	12.573
 2.062	12.581
 2.063	12.611
 2.064	12.652
 2.065	12.686
 2.066	12.729
 2.067	12.767
 2.068	12.787
 2.069	12.827
 2.070	12.886
 2.071	12.932
 2.072	12.974
 2.073	13.030
 2.074	13.073
 2.075	13.111
 2.076	13.134
 2.077	13.147
 2.078	13.165
 2.079	13.160
 2.080	13.185
 2.081	13.234
 2.082	13.272
 2.083	13.327
 2.084	13.361
 2.085	13.379
 2.086	13.400
 2.087	13.418
 2.088	13.419
 2.089	13.449
 2.090	13.494
 2.091	13.532
 2.092	13.586
 2.093	13.629
 2.094	13.654
 2.095	13.699
 2.096	13.760
 2.097	13.809
 2.098	13.872
 2.099	13.915
 2.100	13.940
 2.101	13.962
 2.102	13.955
 2.103	13.978
 2.104	14.007
 2.105	14.056
 2.106	14.094
 2.107	14.150
 2.108	14.192
 2.109	14.216
 2.110	14.253
 2.111	14.303
 2.112	14.347
 2.113	14.394
 2.114	14.432
 2.115	14.465
 2.116	14.498
 2.117	14.525
 2.118	14.552
 2.119	14.575
 2.120	14.606
 2.121	14.628
 2.122	14.676
 2.123	14.710
 2.124	14.751
 2.125	14.784
 2.126	14.808
 2.127	14.837
 2.128	14.865
 2.129	14.903
 2.130	14.955
 2.131	14.990
 2.132	15.024
 2.133	15.057
 2.134	15.081
 2.135	15.103
 2.136	15.128
 2.137	15.153
 2.138	15.176
 2.139	15.195
 2.140	15.224
 2.141	15.231
 2.142	15.248
 2.143	15.254
 2.144	15.271
 2.145	15.297
 2.146	15.321
 2.147	15.344
 2.148	15.373
 2.149	15.407
 2.150	15.440
 2.151	15.485
 2.152	15.511
 2.153	15.526
 2.154	15.545
 2.155	15.536
 2.156	15.560
 2.157	15.622
 2.158	15.656
 2.159	15.684
 2.160	15.727
 2.161	15.754
 2.162	15.767
 2.163	15.797
 2.164	15.847
 2.165	15.879
 2.166	15.901
 2.167	15.929
 2.168	15.958
 2.169	15.980
 2.170	16.005
 2.171	16.015
 2.172	16.004
 2.173	16.006
 2.174	15.998
 2.175	16.005
 2.176	16.037
 2.177	16.050
 2.178	16.051
 2.179	16.065
 2.180	16.071
 2.181	16.086
 2.182	16.119
 2.183	16.158
 2.184	16.169
 2.185	16.165
 2.186	16.166
 2.187	16.140
 2.188	16.153
 2.189	16.188
 2.190	16.215
 2.191	16.263
 2.192	16.291
 2.193	16.316
 2.194	16.325
 2.195	16.313
 2.196	16.313
 2.197	16.303
 2.198	16.301
 2.199	16.317
 2.200	16.316
 2.201	16.301
 2.202	16.291
 2.203	16.256
 2.204	16.255
 2.205	16.275
 2.206	16.305
 2.207	16.336
 2.208	16.402
 2.209	16.414
 2.210	16.397
 2.211	16.398
 2.212	16.380
 2.213	16.377
 2.214	16.401
 2.215	16.388
 2.216	16.346
 2.217	16.336
 2.218	16.311
 2.219	16.320
 2.220	16.378
 2.221	16.405
 2.222	16.454
 2.223	16.458
 2.224	16.429
 2.225	16.399
 2.226	16.333
 2.227	16.281
 2.228	16.221
 2.229	16.176
 2.230	16.151
 2.231	16.102
 2.232	16.072
 2.233	16.071
 2.234	16.035
 2.235	15.984
 2.236	15.952
 2.237	15.920
 2.238	15.873
 2.239	15.833
 2.240	15.790
 2.241	15.725
 2.242	15.673
 2.243	15.639
 2.244	15.589
 2.245	15.525
 2.246	15.462
 2.247	15.383
 2.248	15.333
 2.249	15.294
 2.250	15.257
 2.251	15.267
 2.252	15.225
 2.253	15.144
 2.254	15.076
 2.255	14.981
 2.256	14.906
 2.257	14.847
 2.258	14.790
 2.259	14.731
 2.260	14.687
 2.261	14.647
 2.262	14.647
 2.263	14.602
 2.264	14.559
 2.265	14.504
 2.266	14.436
 2.267	14.400
 2.268	14.393
 2.269	14.359
 2.270	14.319
 2.271	14.286
 2.272	14.239
 2.273	14.222
 2.274	14.237
 2.275	14.223
 2.276	14.220
 2.277	14.174
 2.278	14.090
 2.279	14.020
 2.280	13.918
 2.281	13.853
 2.282	13.804
 2.283	13.766
 2.284	13.752
 2.285	13.724
 2.286	13.700
 2.287	13.677
 2.288	13.668
 2.289	13.629
 2.290	13.582
 2.291	13.527
 2.292	13.433
 2.293	13.357
 2.294	13.284
 2.295	13.219
 2.296	13.156
 2.297	13.101
 2.298	13.072
 2.299	13.017
 2.300	12.958
 2.301	12.905
 2.302	12.841
 2.303	12.781
 2.304	12.719
 2.305	12.686
 2.306	12.648
 2.307	12.587
 2.308	12.556
 2.309	12.557
 2.310	12.543
 2.311	12.570
 2.312	12.575
 2.313	12.563
 2.314	12.573
 2.315	12.582
 2.316	12.626
 2.317	12.727
 2.318	12.755
 2.319	12.782
 2.320	12.774
 2.321	12.683
 2.322	12.663
 2.323	12.662
 2.324	12.668
 2.325	12.708
 2.326	12.726
 2.327	12.757
 2.328	12.741
 2.329	12.691
 2.330	12.652
 2.331	12.585
 2.332	12.530
 2.333	12.476
 2.334	12.447
 2.335	12.414
 2.336	12.404
 2.337	12.464
 2.338	12.458
 2.339	12.418
 2.340	12.385
 2.341	12.310
 2.342	12.263
 2.343	12.245
 2.344	12.217
 2.345	12.172
 2.346	12.162
 2.347	12.201
 2.348	12.179
 2.349	12.159
 2.350	12.107
 2.351	11.952
 2.352	11.874
 2.353	11.816
 2.354	11.794
 2.355	11.819
 2.356	11.852
 2.357	11.870
 2.358	11.863
 2.359	11.855
 2.360	11.824
 2.361	11.812
 2.362	11.867
 2.363	11.874
 2.364	11.913
 2.365	11.957
 2.366	11.900
 2.367	11.883
 2.368	11.869
 2.369	11.819
 2.370	11.824
 2.371	11.807
 2.372	11.747
 2.373	11.633
 2.374	11.541
 2.375	11.561
 2.376	11.558
 2.377	11.579
 2.378	11.602
 2.379	11.503
 2.380	11.409
 2.381	11.349
 2.382	11.317
 2.383	11.296
 2.384	11.282
 2.385	11.307
 2.386	11.293
 2.387	11.310
 2.388	11.345
 2.389	11.345
 2.390	11.302
 2.391	11.216
 2.392	11.167
 2.393	11.147
 2.394	11.222
 2.395	11.264
 2.396	11.256
 2.397	11.251
 2.398	11.161
 2.399	11.123
 2.400	11.098
 2.401	11.032
 2.402	10.957
 2.403	10.878
 2.404	10.828
 2.405	10.781
 2.406	10.763
 2.407	10.795
 2.408	10.839
 2.409	10.871
 2.410	10.901
 2.411	10.877
 2.412	10.792
 2.413	10.691
 2.414	10.598
 2.415	10.571
 2.416	10.570
 2.417	10.562
 2.418	10.566
 2.419	10.512
 2.420	10.485
 2.421	10.531
 2.422	10.520
 2.423	10.515
 2.424	10.501
 2.425	10.443
 2.426	10.426
 2.427	10.411
 2.428	10.373
 2.429	10.314
 2.430	10.265
 2.431	10.231
 2.432	10.223
 2.433	10.256
 2.434	10.266
 2.435	10.316
 2.436	10.307
 2.437	10.180
 2.438	10.108
 2.439	 9.988
 2.440	 9.873
 2.441	 9.920
 2.442	 9.977
 2.443	 9.982
 2.444	 9.990
 2.445	 9.981
 2.446	 9.951
 2.447	 9.955
 2.448	 9.989
 2.449	 9.962
 2.450	 9.898
 2.451	 9.942
 2.452	 9.937
 2.453	 9.903
 2.454	 9.899
 2.455	 9.738
 2.456	 9.696
 2.457	 9.761
 2.458	 9.811
 2.459	 9.893
 2.460	 9.923
 2.461	 9.822
 2.462	 9.673
 2.463	 9.613
 2.464	 9.385
 2.465	 9.118
 2.466	 9.064
 2.467	 9.058
 2.468	 9.150
 2.469	 9.398
 2.470	 9.442
 2.471	 9.331
 2.472	 9.271
 2.473	 9.125
 2.474	 9.128
 2.475	 9.192
 2.476	 9.290
 2.477	 9.549
 2.478	 9.607
 2.479	 9.549
 2.480	 9.618
 2.481	 9.700
 2.482	 9.886
 2.483	10.096
 2.484	10.149
 2.485	 9.854
 2.486	 9.455
 2.487	 9.168
 2.488	 9.004
 2.489	 9.093
 2.490	 9.383
 2.491	 9.463
 2.492	 9.484
 2.493	 9.548
 2.494	 9.662
 2.495	 9.836
 2.496	 9.869
 2.497	 9.846
 2.498	 9.674
 2.499	 9.620
 2.500	 9.638
 2.500	 5.697
 2.501	 5.633
 2.503	 5.603
 2.504	 5.614
 2.505	 5.577
 2.506	 5.541
 2.507	 5.507
 2.509	 5.563
 2.510	 5.565
 2.511	 5.569
 2.512	 5.552
 2.514	 5.608
 2.515	 5.649
 2.516	 5.635
 2.517	 5.530
 2.518	 5.473
 2.520	 5.521
 2.521	 5.547
 2.522	 5.491
 2.523	 5.481
 2.525	 5.414
 2.526	 5.448
 2.527	 5.465
 2.528	 5.528
 2.530	 5.601
 2.531	 5.656
 2.532	 5.625
 2.533	 5.556
 2.534	 5.483
 2.536	 5.569
 2.537	 5.600
 2.538	 5.582
 2.539	 5.555
 2.541	 5.610
 2.542	 5.620
 2.543	 5.642
 2.544	 5.582
 2.546	 5.590
 2.547	 5.561
 2.548	 5.563
 2.549	 5.657
 2.551	 5.703
 2.552	 5.663
 2.553	 5.713
 2.554	 5.682
 2.556	 5.623
 2.557	 5.585
 2.558	 5.664
 2.559	 5.663
 2.561	 5.687
 2.562	 5.713
 2.563	 5.689
 2.565	 5.635
 2.566	 5.654
 2.567	 5.627
 2.568	 5.654
 2.570	 5.619
 2.571	 5.609
 2.572	 5.636
 2.573	 5.638
 2.575	 5.595
 2.576	 5.616
 2.577	 5.623
 2.579	 5.645
 2.580	 5.619
 2.581	 5.665
 2.582	 5.673
 2.584	 5.646
 2.585	 5.574
 2.586	 5.619
 2.588	 5.620
 2.589	 5.598
 2.590	 5.605
 2.591	 5.623
 2.593	 5.589
 2.594	 5.544
 2.595	 5.493
 2.597	 5.606
 2.598	 5.573
 2.599	 5.555
 2.601	 5.561
 2.602	 5.569
 2.603	 5.512
 2.604	 5.517
 2.606	 5.458
 2.607	 5.434
 2.608	 5.410
 2.610	 5.360
 2.611	 5.369
 2.612	 5.439
 2.614	 5.407
 2.615	 5.440
 2.616	 5.441
 2.618	 5.388
 2.619	 5.315
 2.620	 5.346
 2.622	 5.304
 2.623	 5.304
 2.624	 5.296
 2.626	 5.331
 2.627	 5.242
 2.628	 5.179
 2.630	 5.190
 2.631	 5.242
 2.632	 5.172
 2.634	 5.143
 2.635	 5.104
 2.636	 5.115
 2.638	 5.035
 2.639	 5.046
 2.640	 5.051
 2.642	 5.033
 2.643	 5.038
 2.644	 5.064
 2.646	 5.000
 2.647	 4.944
 2.648	 4.921
 2.650	 4.908
 2.651	 4.847
 2.652	 4.861
 2.654	 4.852
 2.655	 4.829
 2.657	 4.778
 2.658	 4.765
 2.659	 4.706
 2.661	 4.693
 2.662	 4.676
 2.663	 4.648
 2.665	 4.635
 2.666	 4.699
 2.667	 4.631
 2.669	 4.590
 2.670	 4.566
 2.672	 4.525
 2.673	 4.478
 2.674	 4.496
 2.676	 4.423
 2.677	 4.458
 2.678	 4.468
 2.680	 4.428
 2.681	 4.390
 2.683	 4.344
 2.684	 4.255
 2.685	 4.258
 2.687	 4.290
 2.688	 4.319
 2.690	 4.278
 2.691	 4.215
 2.692	 4.141
 2.694	 4.117
 2.695	 4.082
 2.697	 4.104
 2.698	 4.101
 2.699	 4.085
 2.701	 4.045
 2.702	 4.054
 2.704	 4.040
 2.705	 4.022
 2.706	 3.962
 2.708	 3.956
 2.709	 3.955
 2.711	 3.945
 2.712	 3.919
 2.713	 3.914
 2.715	 3.856
 2.716	 3.861
 2.718	 3.853
 2.719	 3.863
 2.721	 3.758
 2.722	 3.708
 2.723	 3.770
 2.725	 3.824
 2.726	 3.798
 2.728	 3.782
 2.729	 3.738
 2.731	 3.779
 2.732	 3.790
 2.734	 3.823
 2.735	 3.833
 2.736	 3.808
 2.738	 3.739
 2.739	 3.775
 2.741	 3.802
 2.742	 3.827
 2.744	 3.773
 2.745	 3.755
 2.747	 3.732
 2.748	 3.721
 2.749	 3.668
 2.751	 3.705
 2.752	 3.665
 2.754	 3.722
 2.755	 3.717
 2.757	 3.708
 2.758	 3.740
 2.760	 3.771
 2.761	 3.717
 2.763	 3.683
 2.764	 3.644
 2.766	 3.723
 2.767	 3.691
 2.769	 3.656
 2.770	 3.613
 2.772	 3.658
 2.773	 3.681
 2.774	 3.676
 2.776	 3.666
 2.777	 3.709
 2.779	 3.722
 2.780	 3.767
 2.782	 3.781
 2.783	 3.774
 2.785	 3.691
 2.786	 3.715
 2.788	 3.635
 2.789	 3.666
 2.791	 3.714
 2.792	 3.685
 2.794	 3.604
 2.795	 3.685
 2.797	 3.720
 2.798	 3.707
 2.800	 3.661
 2.801	 3.682
 2.803	 3.649
 2.804	 3.668
 2.806	 3.688
 2.808	 3.739
 2.809	 3.716
 2.811	 3.677
 2.812	 3.583
 2.814	 3.614
 2.815	 3.601
 2.817	 3.563
 2.818	 3.507
 2.820	 3.610
 2.821	 3.674
 2.823	 3.644
 2.824	 3.596
 2.826	 3.642
 2.827	 3.676
 2.829	 3.719
 2.831	 3.652
 2.832	 3.666
 2.834	 3.652
 2.835	 3.691
 2.837	 3.690
 2.838	 3.715
 2.840	 3.646
 2.841	 3.653
 2.843	 3.591
 2.844	 3.595
 2.846	 3.608
 2.848	 3.647
 2.849	 3.656
 2.851	 3.661
 2.852	 3.665
 2.854	 3.701
 2.855	 3.685
 2.857	 3.738
 2.859	 3.722
 2.860	 3.644
 2.862	 3.589
 2.863	 3.657
 2.865	 3.644
 2.866	 3.643
 2.868	 3.589
 2.870	 3.639
 2.871	 3.637
 2.873	 3.648
 2.874	 3.651
 2.876	 3.708
 2.878	 3.669
 2.879	 3.718
 2.881	 3.701
 2.882	 3.622
 2.884	 3.581
 2.886	 3.671
 2.887	 3.631
 2.889	 3.660
 2.890	 3.719
 2.892	 3.746
 2.894	 3.735
 2.895	 3.783
 2.897	 3.700
 2.899	 3.666
 2.900	 3.692
 2.902	 3.752
 2.903	 3.776
 2.905	 3.787
 2.907	 3.660
 2.908	 3.695
 2.910	 3.729
 2.912	 3.774
 2.913	 3.767
 2.915	 3.766
 2.916	 3.726
 2.918	 3.753
 2.920	 3.774
 2.921	 3.807
 2.923	 3.749
 2.925	 3.763
 2.926	 3.782
 2.928	 3.781
 2.930	 3.733
 2.931	 3.747
 2.933	 3.746
 2.935	 3.714
 2.936	 3.657
 2.938	 3.701
 2.940	 3.750
 2.941	 3.779
 2.943	 3.690
 2.945	 3.728
 2.946	 3.792
 2.948	 3.745
 2.950	 3.653
 2.951	 3.710
 2.953	 3.704
 2.955	 3.715
 2.956	 3.733
 2.958	 3.733
 2.960	 3.690
 2.961	 3.682
 2.963	 3.691
 2.965	 3.720
 2.967	 3.681
 2.968	 3.684
 2.970	 3.703
 2.972	 3.677
 2.973	 3.682
 2.975	 3.764
 2.977	 3.713
 2.978	 3.778
 2.980	 3.804
 2.982	 3.736
 2.984	 3.656
 2.985	 3.707
 2.987	 3.798
 2.989	 3.843
 2.990	 3.769
 2.992	 3.786
 2.994	 3.736
 2.996	 3.730
 2.997	 3.708
 2.999	 3.730
 3.001	 3.708
 3.003	 3.770
 3.004	 3.788
 3.006	 3.759
 3.008	 3.704
 3.010	 3.809
 3.011	 3.795
 3.013	 3.776
 3.015	 3.766
 3.017	 3.796
 3.018	 3.720
 3.020	 3.768
 3.022	 3.788
 3.024	 3.824
 3.025	 3.815
 3.027	 3.795
 3.029	 3.713
 3.031	 3.751
 3.032	 3.724
 3.034	 3.699
 3.036	 3.694
 3.038	 3.745
 3.040	 3.793
 3.041	 3.850
 3.043	 3.804
 3.045	 3.763
 3.047	 3.713
 3.048	 3.733
 3.050	 3.728
 3.052	 3.763
 3.054	 3.713
 3.056	 3.713
 3.057	 3.693
 3.059	 3.740
 3.061	 3.737
 3.063	 3.738
 3.065	 3.727
 3.067	 3.781
 3.068	 3.758
 3.070	 3.769
 3.072	 3.744
 3.074	 3.764
 3.076	 3.733
 3.077	 3.733
 3.079	 3.700
 3.081	 3.724
 3.083	 3.685
 3.085	 3.693
 3.087	 3.700
 3.088	 3.720
 3.090	 3.715
 3.092	 3.744
 3.094	 3.727
 3.096	 3.700
 3.098	 3.663
 3.100	 3.735
 3.101	 3.738
 3.103	 3.702
 3.105	 3.668
 3.107	 3.698
 3.109	 3.730
 3.111	 3.764
 3.113	 3.691
 3.114	 3.632
 3.116	 3.641
 3.118	 3.756
 3.120	 3.765
 3.122	 3.713
 3.124	 3.688
 3.126	 3.718
 3.128	 3.703
 3.129	 3.768
 3.131	 3.775
 3.133	 3.753
 3.135	 3.759
 3.137	 3.776
 3.139	 3.728
 3.141	 3.727
 3.143	 3.758
 3.145	 3.750
 3.147	 3.704
 3.148	 3.743
 3.150	 3.734
 3.152	 3.723
 3.154	 3.700
 3.156	 3.694
 3.158	 3.647
 3.160	 3.676
 3.162	 3.716
 3.164	 3.757
 3.166	 3.740
 3.168	 3.715
 3.170	 3.713
 3.172	 3.756
 3.173	 3.693
 3.175	 3.676
 3.177	 3.672
 3.179	 3.675
 3.181	 3.642
 3.183	 3.688
 3.185	 3.666
 3.187	 3.633
 3.189	 3.616
 3.191	 3.678
 3.193	 3.725
 3.195	 3.754
 3.197	 3.680
 3.199	 3.668
 3.201	 3.670
 3.203	 3.669
 3.205	 3.670
 3.207	 3.684
 3.209	 3.655
 3.211	 3.702
 3.213	 3.704
 3.215	 3.692
 3.217	 3.689
 3.219	 3.690
 3.221	 3.636
 3.223	 3.627
 3.225	 3.643
 3.227	 3.670
 3.229	 3.612
 3.231	 3.629
 3.233	 3.659
 3.235	 3.718
 3.237	 3.668
 3.239	 3.631
 3.241	 3.618
 3.243	 3.644
 3.245	 3.640
 3.247	 3.635
 3.249	 3.599
 3.251	 3.597
 3.253	 3.632
 3.255	 3.681
 3.257	 3.656
 3.259	 3.605
 3.261	 3.535
 3.263	 3.548
 3.265	 3.585
 3.267	 3.640
 3.270	 3.615
 3.272	 3.615
 3.274	 3.617
 3.276	 3.594
 3.278	 3.559
 3.280	 3.566
 3.282	 3.546
 3.284	 3.563
 3.286	 3.523
 3.288	 3.519
 3.290	 3.559
 3.292	 3.560
 3.294	 3.533
 3.297	 3.570
 3.299	 3.548
 3.301	 3.544
 3.303	 3.551
 3.305	 3.541
 3.307	 3.558
 3.309	 3.594
 3.311	 3.530
 3.313	 3.496
 3.316	 3.469
 3.318	 3.500
 3.320	 3.483
 3.322	 3.471
 3.324	 3.430
 3.326	 3.443
 3.328	 3.406
 3.330	 3.443
 3.333	 3.455
 3.335	 3.467
 3.337	 3.451
 3.339	 3.461
 3.341	 3.426
 3.343	 3.395
 3.345	 3.377
 3.348	 3.430
 3.350	 3.384
 3.352	 3.373
 3.354	 3.382
 3.356	 3.378
 3.358	 3.329
 3.361	 3.311
 3.363	 3.301
 3.365	 3.321
 3.367	 3.333
 3.369	 3.325
 3.372	 3.257
 3.374	 3.268
 3.376	 3.262
 3.378	 3.260
 3.380	 3.225
 3.383	 3.203
 3.385	 3.247
 3.387	 3.302
 3.389	 3.230
 3.391	 3.161
 3.394	 3.145
 3.396	 3.114
 3.398	 3.074
 3.400	 3.067
 3.403	 2.999
 3.405	 2.958
 3.407	 2.914
 3.409	 2.931
 3.411	 2.921
 3.414	 2.963
 3.416	 3.045
 3.418	 3.186
 3.420	 3.344
 3.423	 3.639
 3.425	 4.162
 3.427	 4.889
 3.430	 5.431
 3.432	 5.573
 3.434	 5.385
 3.436	 5.111
 3.439	 4.837
 3.441	 4.698
 3.443	 4.597
 3.445	 4.506
 3.448	 4.411
 3.450	 4.394
 3.452	 4.358
 3.455	 4.307
 3.457	 4.223
 3.459	 4.217
 3.462	 4.242
 3.464	 4.242
 3.466	 4.196
 3.469	 4.154
 3.471	 4.096
 3.473	 4.085
 3.476	 4.008
 3.478	 3.961
 3.480	 3.924
 3.483	 3.938
 3.485	 3.869
 3.487	 3.810
 3.490	 3.728
 3.492	 3.683
 3.494	 3.613
 3.497	 3.588
 3.499	 3.509
 3.501	 3.470
 3.504	 3.440
 3.506	 3.655
 3.508	 4.293
 3.511	 5.144
 3.513	 5.519
 3.516	 5.346
 3.518	 5.032
 3.520	 4.844
 3.523	 4.696
 3.525	 4.602
 3.528	 4.508
 3.530	 4.447
 3.532	 4.384
 3.535	 4.369
 3.537	 4.346
 3.540	 4.353
 3.542	 4.324
 3.544	 4.304
 3.547	 4.278
 3.549	 4.248
 3.552	 4.229
 3.554	 4.200
 3.557	 4.167
 3.559	 4.193
 3.561	 4.198
 3.564	 4.247
 3.566	 4.235
 3.569	 4.193
 3.571	 4.168
 3.574	 4.202
 3.576	 4.179
 3.579	 4.167
 3.581	 4.099
 3.584	 4.092
 3.586	 4.138
 3.589	 4.149
 3.591	 4.105
 3.594	 4.110
 3.596	 4.123
 3.599	 4.111
 3.601	 4.083
 3.604	 4.114
 3.606	 4.129
 3.609	 4.099
 3.611	 4.028
 3.614	 4.063
 3.616	 4.099
 3.619	 4.118
 3.621	 4.061
 3.624	 4.043
 3.626	 4.059
 3.629	 4.074
 3.631	 4.066
 3.634	 4.098
 3.636	 4.068
 3.639	 4.028
 3.641	 4.045
 3.644	 4.083
 3.647	 4.051
 3.649	 4.040
 3.652	 4.018
 3.654	 4.015
 3.657	 4.013
 3.659	 4.079
 3.662	 4.084
 3.665	 4.076
 3.667	 4.054
 3.670	 4.060
 3.672	 4.052
 3.675	 4.060
 3.678	 4.056
 3.680	 4.078
 3.683	 4.056
 3.685	 4.051
 3.688	 4.025
 3.691	 4.026
 3.693	 4.067
 3.696	 4.100
 3.699	 4.055
 3.701	 4.045
 3.704	 4.084
 3.707	 4.111
 3.709	 4.095
 3.712	 4.097
 3.715	 4.091
 3.717	 4.083
 3.720	 4.093
 3.723	 4.135
 3.725	 4.118
 3.728	 4.075
 3.731	 4.059
 3.733	 4.081
 3.736	 4.081
 3.739	 4.079
 3.741	 4.067
 3.744	 4.087
 3.747	 4.103
 3.749	 4.098
 3.752	 4.078
 3.755	 4.112
 3.758	 4.107
 3.760	 4.135
 3.763	 4.125
 3.766	 4.080
 3.769	 4.100
 3.771	 4.149
 3.774	 4.104
 3.777	 4.108
 3.779	 4.131
 3.782	 4.132
 3.785	 4.141
 3.788	 4.165
 3.791	 4.141
 3.793	 4.133
 3.796	 4.118
 3.799	 4.125
 3.802	 4.105
 3.804	 4.113
 3.807	 4.133
 3.810	 4.173
 3.813	 4.175
 3.816	 4.196
 3.818	 4.202
 3.821	 4.184
 3.824	 4.166
 3.827	 4.179
 3.830	 4.211
 3.833	 4.196
 3.835	 4.170
 3.838	 4.156
 3.841	 4.152
 3.844	 4.185
 3.847	 4.181
 3.850	 4.176
 3.852	 4.142
 3.855	 4.174
 3.858	 4.223
 3.861	 4.239
 3.864	 4.218
 3.867	 4.239
 3.870	 4.259
 3.873	 4.269
 3.876	 4.249
 3.878	 4.236
 3.881	 4.223
 3.884	 4.210
 3.887	 4.168
 3.890	 4.176
 3.893	 4.200
 3.896	 4.229
 3.899	 4.239
 3.902	 4.219
 3.905	 4.177
 3.908	 4.216
 3.911	 4.232
 3.914	 4.230
 3.917	 4.253
 3.919	 4.247
 3.922	 4.227
 3.925	 4.252
 3.928	 4.260
 3.931	 4.235
 3.934	 4.197
 3.937	 4.226
 3.940	 4.240
 3.943	 4.216
 3.946	 4.170
 3.949	 4.163
 3.952	 4.193
 3.955	 4.250
 3.958	 4.248
 3.961	 4.228
 3.964	 4.225
 3.967	 4.201
 3.970	 4.190
 3.974	 4.196
 3.977	 4.188
 3.980	 4.229
 3.983	 4.240
 3.986	 4.246
 3.989	 4.220
 3.992	 4.201
 3.995	 4.209
 3.998	 4.232
 4.001	 4.243
 4.004	 4.244
 4.007	 4.217
 4.010	 4.201
 4.014	 4.201
 4.017	 4.202
 4.020	 4.218
 4.023	 4.245
 4.026	 4.248
 4.029	 4.224
 4.032	 4.223
 4.035	 4.236
 4.039	 4.212
 4.042	 4.216
 4.045	 4.200
 4.048	 4.207
 4.051	 4.207
 4.054	 4.229
 4.057	 4.216
 4.061	 4.201
 4.064	 4.181
 4.067	 4.202
 4.070	 4.208
 4.073	 4.180
 4.077	 4.182
 4.080	 4.219
 4.083	 4.201
 4.086	 4.181
 4.089	 4.183
 4.093	 4.201
 4.096	 4.196
 4.099	 4.189
 4.102	 4.203
 4.106	 4.181
 4.109	 4.177
 4.112	 4.229
 4.115	 4.256
 4.119	 4.225
 4.122	 4.162
 4.125	 4.155
 4.129	 4.172
 4.132	 4.178
 4.135	 4.171
 4.138	 4.163
 4.142	 4.154
 4.145	 4.211
 4.148	 4.217
 4.152	 4.191
 4.155	 4.174
 4.158	 4.193
 4.162	 4.191
 4.165	 4.147
 4.168	 4.112
 4.172	 4.125
 4.175	 4.188
 4.178	 4.224
 4.182	 4.225
 4.185	 4.224
 4.189	 4.179
 4.192	 4.155
 4.195	 4.177
 4.199	 4.193
 4.202	 4.187
 4.206	 4.174
 4.209	 4.166
 4.212	 4.174
 4.216	 4.171
 4.219	 4.163
 4.223	 4.083
 4.226	 4.103
 4.230	 4.091
 4.233	 4.056
 4.236	 4.138
 4.240	 4.172
 4.243	 4.188
 4.247	 4.151
 4.250	 4.100
 4.254	 4.088
 4.257	 4.151
 4.261	 4.199
 4.264	 4.168
 4.268	 4.136
 4.271	 4.136
 4.275	 4.120
 4.278	 4.084
 4.282	 4.095
 4.285	 4.129
 4.289	 4.123
 4.293	 4.058
 4.296	 4.034
 4.300	 4.058
 4.303	 4.081
 4.307	 4.109
 4.310	 4.124
 4.314	 4.150
 4.318	 4.106
 4.321	 4.033
 4.325	 4.018
 4.328	 4.058
 4.332	 4.077
 4.336	 4.075
 4.339	 4.056
 4.343	 4.022
 4.347	 3.973
 4.350	 3.992
 4.354	 4.031
 4.358	 4.014
 4.361	 4.005
 4.365	 4.045
 4.369	 4.033
 4.372	 4.015
 4.376	 4.016
 4.380	 4.021
 4.383	 4.043
 4.387	 4.039
 4.391	 4.022
 4.394	 4.011
 4.398	 3.992
 4.402	 3.991
 4.406	 3.977
 4.409	 3.978
 4.413	 3.988
 4.417	 3.972
 4.421	 3.979
 4.424	 3.987
 4.428	 3.992
 4.432	 3.976
 4.436	 3.979
 4.440	 4.010
 4.443	 4.010
 4.447	 3.989
 4.451	 3.974
 4.455	 3.984
 4.459	 3.970
 4.463	 3.933
 4.466	 3.931
 4.470	 3.949
 4.474	 3.936
 4.478	 3.933
 4.482	 3.916
 4.486	 3.907
 4.490	 3.906
 4.493	 3.925
 4.497	 3.972
 4.501	 3.965
 4.505	 3.965
 4.509	 3.970
 4.513	 3.922
 4.517	 3.906
 4.521	 3.884
 4.525	 3.896
 4.529	 3.935
 4.533	 3.973
 4.537	 3.973
 4.541	 3.938
 4.545	 3.943
 4.549	 3.966
 4.553	 3.935
 4.557	 3.927
 4.561	 3.924
 4.565	 3.923
 4.569	 3.920
 4.573	 3.933
 4.577	 3.918
 4.581	 3.896
 4.585	 3.904
 4.589	 3.938
 4.593	 3.911
 4.597	 3.888
 4.601	 3.891
 4.605	 3.875
 4.609	 3.871
 4.613	 3.891
 4.617	 3.885
 4.622	 3.886
 4.626	 3.884
 4.630	 3.892
 4.634	 3.867
 4.638	 3.850
 4.642	 3.863
 4.646	 3.877
 4.651	 3.856
 4.655	 3.847
 4.659	 3.825
 4.663	 3.842
 4.667	 3.856
 4.672	 3.849
 4.676	 3.850
 4.680	 3.866
 4.684	 3.858
 4.688	 3.862
 4.693	 3.866
 4.697	 3.875
 4.701	 3.874
 4.705	 3.899
 4.710	 3.893
 4.714	 3.879
 4.718	 3.876
 4.723	 3.894
 4.727	 3.854
 4.731	 3.878
 4.736	 3.930
 4.740	 3.927
 4.744	 3.880
 4.749	 3.843
 4.753	 3.849
 4.757	 3.898
 4.762	 3.893
 4.766	 3.861
 4.770	 3.858
 4.775	 3.894
 4.779	 3.882
 4.784	 3.890
 4.788	 3.908
 4.792	 3.910
 4.797	 3.867
 4.801	 3.862
 4.806	 3.879
 4.810	 3.887
 4.815	 3.899
 4.819	 3.901
 4.824	 3.852
 4.828	 3.883
 4.833	 3.884
 4.837	 3.911
 4.842	 3.907
 4.846	 3.887
 4.851	 3.876
 4.855	 3.874
 4.860	 3.862
 4.864	 3.863
 4.869	 3.870
 4.874	 3.888
 4.878	 3.886
 4.883	 3.911
 4.887	 3.911
 4.892	 3.932
 4.897	 3.929
 4.901	 3.930
 4.906	 3.902
 4.910	 3.931
 4.915	 3.920
 4.920	 3.920
 4.924	 3.870
 4.929	 3.877
 4.934	 3.890
 4.939	 3.895
 4.943	 3.913
 4.948	 3.922
 4.953	 3.892
 4.957	 3.880
 4.962	 3.866
 4.967	 3.901
 4.972	 3.924
 4.976	 3.945
 4.981	 3.924
 4.986	 3.916
 4.991	 3.915
 4.996	 3.971
 5.000	 3.956
 5.005	 3.939
 5.010	 3.948
 5.015	 3.969
 5.020	 3.950
 5.025	 3.956
 5.030	 3.966
 5.034	 3.969
 5.039	 3.938
 5.044	 3.928
 5.049	 3.945
 5.054	 3.978
 5.059	 3.928
 5.064	 3.917
 5.069	 3.918
 5.074	 3.939
 5.079	 3.925
 5.084	 3.950
 5.089	 3.991
 5.094	 4.000
 5.099	 3.964
 5.104	 3.975
 5.109	 3.965
 5.114	 3.975
 5.119	 3.950
 5.124	 3.958
 5.129	 3.956
 5.134	 3.944
 5.139	 3.918
 5.144	 3.951
 5.149	 3.958
 5.155	 3.986
 5.160	 4.004
 5.165	 4.000
 5.170	 3.960
 5.175	 3.980
 5.180	 3.973
 5.185	 3.985
 5.191	 3.988
 5.196	 4.009
 5.201	 4.017
 5.206	 4.035
 5.211	 4.018
 5.217	 4.023
 5.222	 3.984
 5.227	 3.987
 5.233	 3.966
 5.238	 3.970
 5.243	 3.983
 5.248	 4.008
 5.254	 3.968
 5.259	 3.953
 5.264	 3.962
 5.270	 3.995
 5.275	 3.995
 5.280	 3.992
 5.286	 4.001
 5.291	 4.004
 5.297	 3.942
 5.302	 3.962
 5.308	 3.987
 5.313	 4.022
 5.318	 3.950
 5.324	 3.914
 5.329	 3.946
 5.335	 4.015
 5.340	 4.041
 5.346	 3.996
 5.351	 3.930
 5.357	 3.950
 5.362	 3.951
 5.368	 3.951
 5.374	 3.943
 5.379	 3.946
 5.385	 3.921
 5.390	 3.928
 5.396	 3.925
 5.401	 3.950
 5.407	 3.920
 5.413	 3.919
 5.418	 3.921
 5.424	 3.941
 5.430	 3.909
 5.435	 3.894
 5.441	 3.879
 5.447	 3.898
 5.453	 3.887
 5.458	 3.892
 5.464	 3.841
 5.470	 3.814
 5.476	 3.808
 5.481	 3.860
 5.487	 3.859
 5.493	 3.852
 5.499	 3.817
 5.505	 3.811
 5.511	 3.768
 5.516	 3.772
 5.522	 3.763
 5.528	 3.763
 5.534	 3.740
 5.540	 3.721
 5.546	 3.680
 5.552	 3.699
 5.558	 3.705
 5.564	 3.724
 5.570	 3.703
 5.576	 3.734
 5.582	 3.693
 5.588	 3.644
 5.594	 3.627
 5.600	 3.637
 5.606	 3.587
 5.612	 3.584
 5.618	 3.565
 5.624	 3.574
 5.630	 3.559
 5.636	 3.562
 5.642	 3.513
 5.649	 3.503
 5.655	 3.486
 5.661	 3.478
 5.667	 3.457
 5.673	 3.477
 5.680	 3.460
 5.686	 3.452
 5.692	 3.380
 5.698	 3.389
 5.705	 3.414
 5.711	 3.432
 5.717	 3.397
 5.723	 3.431
 5.730	 3.393
 5.736	 3.394
 5.742	 3.385
 5.749	 3.428
 5.755	 3.450
 5.762	 3.490
 5.768	 3.503
 5.774	 3.578
 5.781	 3.589
 5.787	 3.630
 5.794	 3.644
 5.800	 3.634
 5.807	 3.645
 5.813	 3.728
 5.820	 3.764
 5.826	 3.787
 5.833	 3.769
 5.839	 3.808
 5.846	 3.860
 5.853	 3.940
 5.859	 3.960
 5.866	 3.971
 5.873	 3.938
 5.879	 3.959
 5.886	 3.957
 5.893	 4.019
 5.899	 3.993
 5.906	 4.000
 5.913	 3.996
 5.919	 4.082
 5.926	 4.086
 5.933	 4.078
 5.940	 4.030
 5.947	 4.019
 5.953	 3.999
 5.960	 3.992
 5.967	 3.992
 5.974	 4.028
 5.981	 3.985
 5.988	 3.987
 5.995	 3.956
 6.002	 3.992
 6.009	 3.985
 6.016	 3.972
 6.023	 3.923
 6.030	 3.944
 6.037	 3.923
 6.044	 3.977
 6.051	 3.951
 6.058	 4.005
 6.065	 3.985
 6.072	 3.962
 6.079	 3.900
 6.086	 3.945
 6.093	 3.929
 6.101	 3.957
 6.108	 3.979
 6.115	 4.013
 6.122	 4.000
 6.129	 4.040
 6.137	 4.012
 6.144	 4.010
 6.151	 3.992
 6.158	 4.048
 6.166	 4.016
 6.173	 4.021
 6.180	 4.042
 6.188	 4.112
 6.195	 4.087
 6.203	 4.097
 6.210	 4.075
 6.218	 4.128
 6.225	 4.126
 6.232	 4.133
 6.240	 4.110
 6.248	 4.153
 6.255	 4.119
 6.263	 4.079
 6.270	 4.047
 6.278	 4.070
 6.285	 4.046
 6.293	 4.128
 6.301	 4.138
 6.308	 4.147
 6.316	 4.105
 6.324	 4.128
 6.331	 4.092
 6.339	 4.137
 6.347	 4.065
 6.355	 4.060
 6.362	 4.059
 6.370	 4.090
 6.378	 4.053
 6.386	 4.071
 6.394	 4.020
 6.402	 4.019
 6.410	 3.952
 6.418	 3.966
 6.426	 3.960
 6.434	 3.970
 6.442	 3.920
 6.450	 3.996
 6.458	 4.005
 6.466	 4.006
 6.474	 3.990
 6.482	 3.995
 6.490	 3.909
 6.498	 3.919
 6.506	 3.851
 6.514	 3.813
 6.523	 3.770
 6.531	 3.857
 6.539	 3.830
 6.547	 3.824
 6.556	 3.775
 6.564	 3.810
 6.572	 3.789
 6.580	 3.843
 6.589	 3.830
 6.597	 3.850
 6.606	 3.762
 6.614	 3.781
 6.623	 3.779
 6.631	 3.774
 6.639	 3.728
 6.648	 3.777
 6.657	 3.765
 6.665	 3.772
 6.674	 3.695
 6.682	 3.682
 6.691	 3.698
 6.700	 3.752
 6.708	 3.679
 6.717	 3.694
 6.726	 3.639
 6.734	 3.622
 6.743	 3.555
 6.752	 3.567
 6.761	 3.511
 6.769	 3.464
 6.778	 3.428
 6.787	 3.664
 6.796	 3.837
 6.805	 3.815
 6.814	 3.679
 6.823	 3.727
 6.832	 3.877
 6.841	 4.161
 6.850	 4.133
 6.859	 4.043
 6.868	 3.966
 6.877	 3.994
 6.886	 3.936
 6.896	 3.960
 6.905	 3.939
 6.914	 3.955
 6.923	 3.866
 6.932	 3.860
 6.942	 3.854
 6.951	 3.887
 6.960	 3.821
 6.970	 3.883
 6.979	 3.891
 6.988	 3.938
 6.998	 3.915
 7.007	 3.935
 7.017	 3.881
 7.026	 3.901
 7.036	 3.880
 7.045	 3.915
 7.055	 3.868
 7.065	 3.916
 7.074	 3.881
 7.084	 3.917
 7.094	 3.915
 7.103	 3.971
 7.113	 3.959
 7.123	 4.044
 7.133	 3.980
 7.142	 3.969
 7.152	 3.909
 7.162	 3.927
 7.172	 3.911
 7.182	 3.953
 7.192	 3.894
 7.202	 3.880
 7.212	 3.844
 7.222	 3.917
 7.232	 3.901
 7.242	 3.914
 7.252	 3.851
 7.262	 3.897
 7.273	 3.880
 7.283	 3.911
 7.293	 3.844
 7.303	 3.883
 7.314	 3.836
 7.324	 3.862
 7.334	 3.868
 7.345	 3.943
 7.355	 3.880
 7.366	 3.893
 7.376	 3.847
 7.387	 3.882
 7.397	 3.816
 7.408	 3.848
 7.418	 3.843
 7.429	 3.896
 7.440	 3.825
 7.450	 3.845
 7.461	 3.816
 7.472	 3.853
 7.483	 3.779
 7.493	 3.777
 7.504	 3.771
 7.515	 3.841
 7.526	 3.826
 7.537	 3.862
 7.548	 3.778
 7.559	 3.819
 7.570	 3.841
 7.581	 3.899
 7.592	 3.823
 7.603	 3.838
 7.614	 3.782
 7.626	 3.836
 7.637	 3.771
 7.648	 3.793
 7.659	 3.806
 7.671	 3.840
 7.682	 3.782
 7.694	 3.816
 7.705	 3.761
 7.716	 3.770
 7.728	 3.713
 7.739	 3.775
 7.751	 3.722
 7.763	 3.784
 7.774	 3.767
 7.786	 3.800
 7.798	 3.729
 7.809	 3.766
 7.821	 3.760
 7.833	 3.841
 7.845	 3.800
 7.857	 3.835
 7.869	 3.757
 7.881	 3.824
 7.893	 3.818
 7.905	 3.856
 7.917	 3.770
 7.929	 3.839
 7.941	 3.858
 7.953	 3.924
 7.965	 3.867
 7.978	 3.890
 7.990	 3.844
 8.002	 3.886
 8.015	 3.827
 8.027	 3.906
 8.039	 3.898
 8.052	 3.941
 8.064	 3.888
 8.077	 3.915
 8.090	 3.823
 8.102	 3.872
 8.115	 3.804
 8.128	 3.877
 8.140	 3.819
 8.153	 3.924
 8.166	 3.950
 8.179	 4.023
 8.192	 3.925
 8.205	 3.951
 8.218	 3.887
 8.231	 3.980
 8.244	 3.873
 8.257	 3.933
 8.270	 3.902
 8.283	 3.981
 8.297	 3.945
 8.310	 4.017
 8.323	 3.998
 8.337	 4.088
 8.350	 4.010
 8.364	 4.140
 8.377	 4.032
 8.391	 3.997
 8.404	 3.997
 8.418	 4.144
 8.432	 4.090
 8.445	 4.156
 8.459	 4.047
 8.473	 4.084
 8.487	 4.048
 8.501	 4.115
 8.515	 4.037
 8.529	 4.109
 8.543	 4.069
 8.557	 4.222
 8.571	 4.174
 8.585	 4.166
 8.599	 4.176
 8.614	 4.368
 8.628	 4.304
 8.642	 4.359
 8.657	 4.333
 8.671	 4.382
 8.686	 4.298
 8.700	 4.378
 8.715	 4.316
 8.730	 4.436
 8.744	 4.426
 8.759	 4.510
 8.774	 4.427
 8.789	 4.490
 8.804	 4.395
 8.819	 4.424
 8.834	 4.358
 8.849	 4.482
 8.864	 4.508
 8.879	 4.647
 8.894	 4.563
 8.910	 4.608
 8.925	 4.502
 8.940	 4.629
 8.956	 4.575
 8.971	 4.676
 8.987	 4.602
 9.002	 4.740
 9.018	 4.713
 9.034	 4.810
 9.050	 4.746
 9.065	 4.797
 9.081	 4.690
 9.097	 4.811
 9.113	 4.675
 9.129	 4.710
 9.145	 4.645
 9.162	 4.775
 9.178	 4.746
 9.194	 4.786
 9.210	 4.686
 9.227	 4.823
 9.243	 4.740
 9.260	 4.763
 9.276	 4.744
 9.293	 4.961
 9.310	 4.871
 9.326	 4.903
 9.343	 4.857
 9.360	 4.919
 9.377	 4.768
 9.394	 4.875
 9.411	 4.728
 9.428	 4.854
 9.445	 4.876
 9.462	 5.037
 9.480	 4.989
 9.497	 4.997
 9.515	 4.854
 9.532	 4.975
 9.550	 4.913
 9.567	 5.015
 9.585	 4.933
 9.603	 4.962
 9.620	 4.834
 9.638	 4.906
 9.656	 4.900
 9.674	 5.002
 9.692	 4.795
 9.711	 4.887
 9.729	 4.843
 9.747	 4.962
 9.765	 4.829
 9.784	 4.802
 9.802	 4.685
 9.821	 4.767
 9.839	 4.717
 9.858	 4.799
 9.877	 4.604
 9.896	 4.610
 9.915	 4.558
 9.934	 4.662
 9.953	 4.580
 9.972	 4.638
 9.991	 4.439
10.010	 4.483
10.030	 4.394
10.049	 4.416
10.069	 4.314
10.088	 4.395
10.108	 4.287
10.128	 4.373
10.148	 4.321
10.167	 4.389
10.187	 4.275
10.207	 4.356
10.228	 4.274
10.248	 4.347
10.268	 4.228
10.289	 4.321
10.309	 4.268
10.330	 4.324
10.350	 4.284
10.371	 4.420
10.392	 4.316
10.412	 4.392
10.433	 4.310
10.454	 4.398
10.476	 4.293
10.497	 4.313
10.518	 4.242
10.539	 4.430
10.561	 4.339
10.582	 4.401
10.604	 4.358
10.626	 4.453
10.648	 4.350
10.670	 4.432
10.692	 4.289
10.714	 4.386
10.736	 4.293
10.758	 4.377
10.780	 4.279
10.803	 4.505
10.825	 4.452
10.848	 4.496
10.871	 4.311
10.894	 4.364
10.917	 4.318
10.940	 4.393
10.963	 4.275
10.986	 4.380
11.009	 4.270
11.033	 4.361
11.056	 4.225
11.080	 4.337
11.104	 4.250
11.127	 4.364
11.151	 4.274
11.175	 4.355
11.200	 4.250
11.224	 4.362
11.248	 4.279
11.273	 4.336
11.297	 4.211
11.322	 4.355
11.347	 4.213
11.372	 4.286
11.397	 4.235
11.422	 4.340
11.447	 4.169
11.472	 4.237
11.498	 4.150
11.523	 4.258
11.549	 4.156
11.575	 4.238
11.600	 4.072
11.626	 4.165
11.653	 4.047
11.679	 4.101
11.705	 4.037
11.732	 4.171
11.758	 4.018
11.785	 4.162
11.812	 3.973
11.839	 4.067
11.866	 3.998
11.893	 4.124
11.920	 3.924
11.948	 4.035
11.976	 3.884
12.003	 4.007
12.031	 3.937
12.059	 4.050
12.087	 3.892
12.115	 4.024
12.144	 3.843
12.172	 4.006
12.201	 3.936
12.230	 4.037
12.259	 3.881
12.288	 4.101
12.317	 3.904
12.346	 3.953
12.376	 3.877
12.405	 4.044
12.435	 3.811
12.465	 3.925
12.495	 3.802
12.525	 4.048
12.555	 3.903
12.586	 3.959
12.617	 3.702
12.647	 3.851
12.678	 3.780
12.709	 3.907
12.741	 3.736
12.772	 3.903
12.803	 3.712
12.835	 3.881
12.867	 3.843
12.899	 3.950
12.931	 3.714
12.964	 3.912
12.996	 3.811
13.029	 3.970
13.061	 3.811
13.094	 4.020
13.128	 3.773
13.161	 3.861
13.194	 3.787
13.228	 3.990
13.262	 3.773
13.296	 3.914
13.330	 3.751
13.364	 3.963
13.399	 3.822
13.434	 3.928
13.469	 3.736
13.504	 3.898
13.539	 3.685
13.574	 3.883
13.610	 3.717
13.646	 3.762
13.682	 3.638
13.718	 4.209
13.754	 4.157
13.791	 4.089
13.828	 3.807
13.865	 4.168
13.902	 4.244
13.939	 4.641
13.977	 4.358
14.015	 4.446
14.053	 4.244
14.091	 4.385
14.129	 4.147
14.168	 4.464
14.207	 4.253
14.246	 4.383
14.285	 4.069
14.324	 4.330
14.364	 4.158
14.404	 4.333
14.444	 4.017
14.484	 4.330
14.525	 4.097
14.566	 4.437
14.607	 4.234
14.648	 4.619
14.690	 4.267
14.731	 4.536
14.773	 4.269
14.815	 4.498
14.858	 4.240
14.901	 4.469
14.944	 4.043
14.987	 4.541
15.030	 4.112
15.074	 4.619
15.118	 4.238
15.162	 4.430
15.206	 4.161
15.251	 4.705
15.296	 4.267
15.341	 4.601
15.387	 0.000
