Name: Portulacaria afra 'Low Form'
Type: vegetation
Class: Shrub
Genus: Portulacaria
Species: afra 'Low Form'
Sample No.: JPL065
Owner: JPL
Wavelength Range: All
Origin: 34.1269; - 118.11013; WGS84
Collection Date: 2/2/2016
Description: Samples were collected at the Huntington Garden in San Marino California as part of a JPL Subcontract studying HyTES imagery. Samples were taken to JPL and processed within 48 hours of collection. The same leaves were processed in the Nicolet and then measured using the ASD.
Measurement: Bidirectional and directional hemispherical reflectance
First Column: X
Second Column: Y
X Units: Wavelength (micrometer)
Y Units: Reflectance (percentage)
First X Value: 0.35
Last X Value: 15.3869
Number of X Values: 3889
Additional Information: 

 0.350	 5.464
 0.351	 5.573
 0.352	 4.658
 0.353	 4.086
 0.354	 4.651
 0.355	 4.300
 0.356	 4.766
 0.357	 5.407
 0.358	 4.752
 0.359	 5.127
 0.360	 5.539
 0.361	 5.426
 0.362	 5.315
 0.363	 5.089
 0.364	 4.791
 0.365	 4.543
 0.366	 4.720
 0.367	 4.944
 0.368	 4.915
 0.369	 4.470
 0.370	 4.130
 0.371	 4.193
 0.372	 4.562
 0.373	 4.497
 0.374	 4.656
 0.375	 4.845
 0.376	 4.785
 0.377	 5.092
 0.378	 5.134
 0.379	 4.685
 0.380	 3.987
 0.381	 4.325
 0.382	 4.706
 0.383	 4.436
 0.384	 4.220
 0.385	 4.692
 0.386	 5.223
 0.387	 4.944
 0.388	 4.619
 0.389	 4.464
 0.390	 4.558
 0.391	 4.890
 0.392	 5.001
 0.393	 5.035
 0.394	 5.136
 0.395	 5.143
 0.396	 4.771
 0.397	 4.402
 0.398	 4.606
 0.399	 4.737
 0.400	 5.000
 0.401	 5.267
 0.402	 4.904
 0.403	 4.596
 0.404	 4.623
 0.405	 5.012
 0.406	 5.458
 0.407	 5.466
 0.408	 5.189
 0.409	 5.162
 0.410	 5.097
 0.411	 5.138
 0.412	 5.317
 0.413	 5.384
 0.414	 5.365
 0.415	 5.326
 0.416	 5.322
 0.417	 5.246
 0.418	 5.293
 0.419	 5.508
 0.420	 5.769
 0.421	 5.760
 0.422	 5.577
 0.423	 5.423
 0.424	 5.541
 0.425	 5.735
 0.426	 5.883
 0.427	 5.918
 0.428	 5.940
 0.429	 5.934
 0.430	 5.929
 0.431	 6.021
 0.432	 6.131
 0.433	 6.190
 0.434	 6.178
 0.435	 6.214
 0.436	 6.246
 0.437	 6.252
 0.438	 6.241
 0.439	 6.338
 0.440	 6.423
 0.441	 6.430
 0.442	 6.527
 0.443	 6.508
 0.444	 6.414
 0.445	 6.382
 0.446	 6.465
 0.447	 6.638
 0.448	 6.768
 0.449	 6.608
 0.450	 6.508
 0.451	 6.575
 0.452	 6.768
 0.453	 6.804
 0.454	 6.752
 0.455	 6.719
 0.456	 6.816
 0.457	 6.844
 0.458	 6.857
 0.459	 6.885
 0.460	 6.844
 0.461	 6.897
 0.462	 6.924
 0.463	 6.798
 0.464	 6.901
 0.465	 6.934
 0.466	 6.861
 0.467	 6.935
 0.468	 6.939
 0.469	 6.921
 0.470	 6.945
 0.471	 6.980
 0.472	 6.966
 0.473	 6.938
 0.474	 6.966
 0.475	 6.971
 0.476	 6.937
 0.477	 6.897
 0.478	 6.950
 0.479	 6.983
 0.480	 6.987
 0.481	 6.982
 0.482	 6.959
 0.483	 6.977
 0.484	 7.025
 0.485	 7.037
 0.486	 7.081
 0.487	 7.102
 0.488	 7.073
 0.489	 7.110
 0.490	 7.119
 0.491	 7.128
 0.492	 7.199
 0.493	 7.179
 0.494	 7.184
 0.495	 7.268
 0.496	 7.370
 0.497	 7.442
 0.498	 7.488
 0.499	 7.533
 0.500	 7.587
 0.501	 7.663
 0.502	 7.744
 0.503	 7.793
 0.504	 7.910
 0.505	 8.012
 0.506	 8.064
 0.507	 8.195
 0.508	 8.345
 0.509	 8.494
 0.510	 8.641
 0.511	 8.799
 0.512	 8.947
 0.513	 9.096
 0.514	 9.309
 0.515	 9.499
 0.516	 9.686
 0.517	 9.907
 0.518	10.139
 0.519	10.372
 0.520	10.588
 0.521	10.769
 0.522	11.017
 0.523	11.256
 0.524	11.448
 0.525	11.685
 0.526	11.934
 0.527	12.168
 0.528	12.365
 0.529	12.522
 0.530	12.676
 0.531	12.839
 0.532	13.001
 0.533	13.134
 0.534	13.253
 0.535	13.374
 0.536	13.497
 0.537	13.598
 0.538	13.669
 0.539	13.720
 0.540	13.812
 0.541	13.933
 0.542	14.055
 0.543	14.143
 0.544	14.195
 0.545	14.216
 0.546	14.221
 0.547	14.231
 0.548	14.213
 0.549	14.184
 0.550	14.227
 0.551	14.238
 0.552	14.214
 0.553	14.179
 0.554	14.157
 0.555	14.127
 0.556	14.084
 0.557	14.035
 0.558	13.966
 0.559	13.876
 0.560	13.774
 0.561	13.699
 0.562	13.624
 0.563	13.529
 0.564	13.407
 0.565	13.313
 0.566	13.217
 0.567	13.097
 0.568	12.955
 0.569	12.821
 0.570	12.688
 0.571	12.544
 0.572	12.400
 0.573	12.261
 0.574	12.123
 0.575	11.975
 0.576	11.870
 0.577	11.788
 0.578	11.709
 0.579	11.632
 0.580	11.554
 0.581	11.475
 0.582	11.395
 0.583	11.327
 0.584	11.276
 0.585	11.233
 0.586	11.180
 0.587	11.122
 0.588	11.078
 0.589	11.051
 0.590	10.993
 0.591	10.944
 0.592	10.906
 0.593	10.864
 0.594	10.837
 0.595	10.814
 0.596	10.788
 0.597	10.755
 0.598	10.751
 0.599	10.758
 0.600	10.746
 0.601	10.726
 0.602	10.686
 0.603	10.626
 0.604	10.568
 0.605	10.521
 0.606	10.479
 0.607	10.429
 0.608	10.325
 0.609	10.249
 0.610	10.212
 0.611	10.182
 0.612	10.121
 0.613	10.026
 0.614	 9.911
 0.615	 9.806
 0.616	 9.713
 0.617	 9.635
 0.618	 9.577
 0.619	 9.551
 0.620	 9.505
 0.621	 9.441
 0.622	 9.399
 0.623	 9.380
 0.624	 9.356
 0.625	 9.319
 0.626	 9.312
 0.627	 9.301
 0.628	 9.287
 0.629	 9.283
 0.630	 9.300
 0.631	 9.301
 0.632	 9.284
 0.633	 9.288
 0.634	 9.274
 0.635	 9.244
 0.636	 9.210
 0.637	 9.178
 0.638	 9.146
 0.639	 9.101
 0.640	 9.029
 0.641	 8.954
 0.642	 8.884
 0.643	 8.819
 0.644	 8.740
 0.645	 8.669
 0.646	 8.602
 0.647	 8.531
 0.648	 8.466
 0.649	 8.410
 0.650	 8.361
 0.651	 8.313
 0.652	 8.253
 0.653	 8.211
 0.654	 8.197
 0.655	 8.170
 0.656	 8.094
 0.657	 7.997
 0.658	 7.933
 0.659	 7.881
 0.660	 7.817
 0.661	 7.736
 0.662	 7.652
 0.663	 7.574
 0.664	 7.505
 0.665	 7.445
 0.666	 7.399
 0.667	 7.354
 0.668	 7.309
 0.669	 7.269
 0.670	 7.247
 0.671	 7.235
 0.672	 7.226
 0.673	 7.216
 0.674	 7.219
 0.675	 7.224
 0.676	 7.225
 0.677	 7.250
 0.678	 7.279
 0.679	 7.312
 0.680	 7.363
 0.681	 7.429
 0.682	 7.502
 0.683	 7.581
 0.684	 7.674
 0.685	 7.791
 0.686	 7.932
 0.687	 8.092
 0.688	 8.280
 0.689	 8.514
 0.690	 8.794
 0.691	 9.112
 0.692	 9.461
 0.693	 9.874
 0.694	10.362
 0.695	10.881
 0.696	11.443
 0.697	12.056
 0.698	12.725
 0.699	13.436
 0.700	14.166
 0.701	14.912
 0.702	15.691
 0.703	16.497
 0.704	17.313
 0.705	18.131
 0.706	18.956
 0.707	19.790
 0.708	20.632
 0.709	21.477
 0.710	22.305
 0.711	23.143
 0.712	23.995
 0.713	24.847
 0.714	25.686
 0.715	26.526
 0.716	27.373
 0.717	28.211
 0.718	29.035
 0.719	29.848
 0.720	30.656
 0.721	31.467
 0.722	32.232
 0.723	32.954
 0.724	33.690
 0.725	34.399
 0.726	35.069
 0.727	35.702
 0.728	36.305
 0.729	36.882
 0.730	37.431
 0.731	37.944
 0.732	38.432
 0.733	38.884
 0.734	39.302
 0.735	39.703
 0.736	40.072
 0.737	40.414
 0.738	40.737
 0.739	41.041
 0.740	41.321
 0.741	41.580
 0.742	41.819
 0.743	42.043
 0.744	42.249
 0.745	42.431
 0.746	42.588
 0.747	42.736
 0.748	42.879
 0.749	43.012
 0.750	43.118
 0.751	43.210
 0.752	43.294
 0.753	43.374
 0.754	43.444
 0.755	43.508
 0.756	43.567
 0.757	43.617
 0.758	43.664
 0.759	43.715
 0.760	43.765
 0.761	43.791
 0.762	43.820
 0.763	43.850
 0.764	43.874
 0.765	43.890
 0.766	43.909
 0.767	43.932
 0.768	43.952
 0.769	43.969
 0.770	43.983
 0.771	43.991
 0.772	43.985
 0.773	43.990
 0.774	44.001
 0.775	44.014
 0.776	44.032
 0.777	44.050
 0.778	44.053
 0.779	44.033
 0.780	44.028
 0.781	44.045
 0.782	44.073
 0.783	44.088
 0.784	44.077
 0.785	44.068
 0.786	44.083
 0.787	44.106
 0.788	44.092
 0.789	44.071
 0.790	44.088
 0.791	44.105
 0.792	44.116
 0.793	44.114
 0.794	44.094
 0.795	44.085
 0.796	44.096
 0.797	44.114
 0.798	44.104
 0.799	44.097
 0.800	44.087
 0.801	44.069
 0.802	44.065
 0.803	44.071
 0.804	44.074
 0.805	44.059
 0.806	44.050
 0.807	44.048
 0.808	44.048
 0.809	44.039
 0.810	44.016
 0.811	44.000
 0.812	43.993
 0.813	43.970
 0.814	43.947
 0.815	43.931
 0.816	43.923
 0.817	43.899
 0.818	43.897
 0.819	43.895
 0.820	43.862
 0.821	43.842
 0.822	43.816
 0.823	43.785
 0.824	43.767
 0.825	43.750
 0.826	43.712
 0.827	43.657
 0.828	43.626
 0.829	43.599
 0.830	43.566
 0.831	43.528
 0.832	43.505
 0.833	43.475
 0.834	43.440
 0.835	43.408
 0.836	43.379
 0.837	43.361
 0.838	43.360
 0.839	43.376
 0.840	43.363
 0.841	43.340
 0.842	43.321
 0.843	43.296
 0.844	43.307
 0.845	43.329
 0.846	43.333
 0.847	43.311
 0.848	43.297
 0.849	43.301
 0.850	43.319
 0.851	43.322
 0.852	43.330
 0.853	43.325
 0.854	43.288
 0.855	43.316
 0.856	43.325
 0.857	43.301
 0.858	43.319
 0.859	43.334
 0.860	43.349
 0.861	43.361
 0.862	43.338
 0.863	43.344
 0.864	43.353
 0.865	43.339
 0.866	43.352
 0.867	43.384
 0.868	43.401
 0.869	43.376
 0.870	43.369
 0.871	43.362
 0.872	43.360
 0.873	43.377
 0.874	43.381
 0.875	43.380
 0.876	43.378
 0.877	43.374
 0.878	43.375
 0.879	43.390
 0.880	43.404
 0.881	43.374
 0.882	43.381
 0.883	43.393
 0.884	43.382
 0.885	43.386
 0.886	43.366
 0.887	43.359
 0.888	43.392
 0.889	43.381
 0.890	43.346
 0.891	43.320
 0.892	43.331
 0.893	43.378
 0.894	43.371
 0.895	43.316
 0.896	43.288
 0.897	43.300
 0.898	43.324
 0.899	43.338
 0.900	43.332
 0.901	43.316
 0.902	43.294
 0.903	43.275
 0.904	43.280
 0.905	43.292
 0.906	43.296
 0.907	43.283
 0.908	43.251
 0.909	43.216
 0.910	43.199
 0.911	43.195
 0.912	43.137
 0.913	43.095
 0.914	43.060
 0.915	43.014
 0.916	42.989
 0.917	42.974
 0.918	42.945
 0.919	42.888
 0.920	42.823
 0.921	42.753
 0.922	42.690
 0.923	42.638
 0.924	42.536
 0.925	42.440
 0.926	42.374
 0.927	42.317
 0.928	42.222
 0.929	42.093
 0.930	41.937
 0.931	41.770
 0.932	41.674
 0.933	41.578
 0.934	41.448
 0.935	41.315
 0.936	41.132
 0.937	40.956
 0.938	40.811
 0.939	40.645
 0.940	40.478
 0.941	40.315
 0.942	40.140
 0.943	39.911
 0.944	39.723
 0.945	39.551
 0.946	39.347
 0.947	39.088
 0.948	38.833
 0.949	38.591
 0.950	38.349
 0.951	38.063
 0.952	37.773
 0.953	37.490
 0.954	37.207
 0.955	36.900
 0.956	36.597
 0.957	36.334
 0.958	36.134
 0.959	35.992
 0.960	35.823
 0.961	35.649
 0.962	35.531
 0.963	35.491
 0.964	35.377
 0.965	35.223
 0.966	35.122
 0.967	35.062
 0.968	35.048
 0.969	35.013
 0.970	34.901
 0.971	34.824
 0.972	34.851
 0.973	34.918
 0.974	34.916
 0.975	34.843
 0.976	34.823
 0.977	34.850
 0.978	34.865
 0.979	34.940
 0.980	34.883
 0.981	34.805
 0.982	34.907
 0.983	35.026
 0.984	35.022
 0.985	34.990
 0.986	35.095
 0.987	35.206
 0.988	35.269
 0.989	35.281
 0.990	35.287
 0.991	35.390
 0.992	35.452
 0.993	35.490
 0.994	35.583
 0.995	35.671
 0.996	35.727
 0.997	35.771
 0.998	35.851
 0.999	36.014
 1.000	36.083
 1.001	36.623
 1.002	36.729
 1.003	36.808
 1.004	36.916
 1.005	37.004
 1.006	37.075
 1.007	37.194
 1.008	37.302
 1.009	37.404
 1.010	37.523
 1.011	37.675
 1.012	37.786
 1.013	37.889
 1.014	37.979
 1.015	38.036
 1.016	38.104
 1.017	38.213
 1.018	38.337
 1.019	38.474
 1.020	38.634
 1.021	38.769
 1.022	38.895
 1.023	38.996
 1.024	39.064
 1.025	39.157
 1.026	39.245
 1.027	39.328
 1.028	39.406
 1.029	39.518
 1.030	39.642
 1.031	39.754
 1.032	39.904
 1.033	40.029
 1.034	40.117
 1.035	40.197
 1.036	40.276
 1.037	40.350
 1.038	40.425
 1.039	40.491
 1.040	40.566
 1.041	40.654
 1.042	40.727
 1.043	40.802
 1.044	40.859
 1.045	40.880
 1.046	40.934
 1.047	41.002
 1.048	41.064
 1.049	41.150
 1.050	41.217
 1.051	41.272
 1.052	41.305
 1.053	41.352
 1.054	41.395
 1.055	41.447
 1.056	41.507
 1.057	41.555
 1.058	41.606
 1.059	41.648
 1.060	41.687
 1.061	41.713
 1.062	41.725
 1.063	41.743
 1.064	41.756
 1.065	41.766
 1.066	41.788
 1.067	41.792
 1.068	41.786
 1.069	41.764
 1.070	41.751
 1.071	41.726
 1.072	41.719
 1.073	41.722
 1.074	41.722
 1.075	41.736
 1.076	41.731
 1.077	41.721
 1.078	41.707
 1.079	41.684
 1.080	41.659
 1.081	41.624
 1.082	41.599
 1.083	41.595
 1.084	41.561
 1.085	41.498
 1.086	41.463
 1.087	41.417
 1.088	41.344
 1.089	41.306
 1.090	41.303
 1.091	41.263
 1.092	41.222
 1.093	41.168
 1.094	41.088
 1.095	41.025
 1.096	40.966
 1.097	40.904
 1.098	40.845
 1.099	40.784
 1.100	40.718
 1.101	40.656
 1.102	40.600
 1.103	40.540
 1.104	40.476
 1.105	40.418
 1.106	40.354
 1.107	40.287
 1.108	40.218
 1.109	40.150
 1.110	40.073
 1.111	39.991
 1.112	39.905
 1.113	39.808
 1.114	39.720
 1.115	39.643
 1.116	39.551
 1.117	39.460
 1.118	39.358
 1.119	39.251
 1.120	39.127
 1.121	38.988
 1.122	38.834
 1.123	38.658
 1.124	38.468
 1.125	38.268
 1.126	38.064
 1.127	37.829
 1.128	37.579
 1.129	37.302
 1.130	37.002
 1.131	36.680
 1.132	36.340
 1.133	35.971
 1.134	35.568
 1.135	35.159
 1.136	34.728
 1.137	34.287
 1.138	33.836
 1.139	33.374
 1.140	32.894
 1.141	32.410
 1.142	31.950
 1.143	31.499
 1.144	31.065
 1.145	30.644
 1.146	30.251
 1.147	29.865
 1.148	29.514
 1.149	29.197
 1.150	28.895
 1.151	28.617
 1.152	28.358
 1.153	28.110
 1.154	27.897
 1.155	27.712
 1.156	27.544
 1.157	27.409
 1.158	27.304
 1.159	27.203
 1.160	27.116
 1.161	27.033
 1.162	26.952
 1.163	26.874
 1.164	26.797
 1.165	26.743
 1.166	26.707
 1.167	26.674
 1.168	26.666
 1.169	26.642
 1.170	26.607
 1.171	26.583
 1.172	26.558
 1.173	26.540
 1.174	26.535
 1.175	26.523
 1.176	26.507
 1.177	26.499
 1.178	26.479
 1.179	26.455
 1.180	26.441
 1.181	26.415
 1.182	26.390
 1.183	26.376
 1.184	26.343
 1.185	26.312
 1.186	26.293
 1.187	26.270
 1.188	26.256
 1.189	26.255
 1.190	26.246
 1.191	26.236
 1.192	26.228
 1.193	26.220
 1.194	26.214
 1.195	26.206
 1.196	26.205
 1.197	26.206
 1.198	26.207
 1.199	26.223
 1.200	26.238
 1.201	26.258
 1.202	26.283
 1.203	26.300
 1.204	26.325
 1.205	26.346
 1.206	26.365
 1.207	26.406
 1.208	26.433
 1.209	26.457
 1.210	26.492
 1.211	26.519
 1.212	26.534
 1.213	26.560
 1.214	26.591
 1.215	26.622
 1.216	26.656
 1.217	26.695
 1.218	26.739
 1.219	26.780
 1.220	26.816
 1.221	26.853
 1.222	26.889
 1.223	26.926
 1.224	26.970
 1.225	27.011
 1.226	27.049
 1.227	27.084
 1.228	27.110
 1.229	27.139
 1.230	27.168
 1.231	27.195
 1.232	27.240
 1.233	27.285
 1.234	27.324
 1.235	27.373
 1.236	27.407
 1.237	27.427
 1.238	27.453
 1.239	27.495
 1.240	27.525
 1.241	27.563
 1.242	27.603
 1.243	27.622
 1.244	27.647
 1.245	27.679
 1.246	27.703
 1.247	27.736
 1.248	27.772
 1.249	27.803
 1.250	27.841
 1.251	27.870
 1.252	27.890
 1.253	27.912
 1.254	27.927
 1.255	27.941
 1.256	27.956
 1.257	27.972
 1.258	27.987
 1.259	27.999
 1.260	28.011
 1.261	28.018
 1.262	28.019
 1.263	28.022
 1.264	28.022
 1.265	28.020
 1.266	28.022
 1.267	28.014
 1.268	28.006
 1.269	28.008
 1.270	28.002
 1.271	27.991
 1.272	27.976
 1.273	27.947
 1.274	27.911
 1.275	27.876
 1.276	27.838
 1.277	27.801
 1.278	27.764
 1.279	27.716
 1.280	27.662
 1.281	27.605
 1.282	27.550
 1.283	27.492
 1.284	27.428
 1.285	27.360
 1.286	27.286
 1.287	27.208
 1.288	27.124
 1.289	27.043
 1.290	26.959
 1.291	26.865
 1.292	26.761
 1.293	26.650
 1.294	26.525
 1.295	26.400
 1.296	26.292
 1.297	26.179
 1.298	26.069
 1.299	25.963
 1.300	25.836
 1.301	25.701
 1.302	25.560
 1.303	25.418
 1.304	25.273
 1.305	25.122
 1.306	24.973
 1.307	24.810
 1.308	24.637
 1.309	24.466
 1.310	24.295
 1.311	24.122
 1.312	23.953
 1.313	23.778
 1.314	23.599
 1.315	23.414
 1.316	23.232
 1.317	23.051
 1.318	22.867
 1.319	22.671
 1.320	22.472
 1.321	22.267
 1.322	22.062
 1.323	21.869
 1.324	21.684
 1.325	21.491
 1.326	21.297
 1.327	21.104
 1.328	20.896
 1.329	20.691
 1.330	20.489
 1.331	20.287
 1.332	20.103
 1.333	19.922
 1.334	19.742
 1.335	19.569
 1.336	19.388
 1.337	19.209
 1.338	19.041
 1.339	18.871
 1.340	18.706
 1.341	18.552
 1.342	18.391
 1.343	18.239
 1.344	18.098
 1.345	17.956
 1.346	17.817
 1.347	17.684
 1.348	17.553
 1.349	17.425
 1.350	17.301
 1.351	17.183
 1.352	17.069
 1.353	16.956
 1.354	16.846
 1.355	16.739
 1.356	16.628
 1.357	16.521
 1.358	16.416
 1.359	16.298
 1.360	16.177
 1.361	16.053
 1.362	15.928
 1.363	15.803
 1.364	15.677
 1.365	15.548
 1.366	15.406
 1.367	15.254
 1.368	15.098
 1.369	14.936
 1.370	14.768
 1.371	14.597
 1.372	14.419
 1.373	14.232
 1.374	14.037
 1.375	13.838
 1.376	13.630
 1.377	13.413
 1.378	13.187
 1.379	12.951
 1.380	12.712
 1.381	12.469
 1.382	12.228
 1.383	11.989
 1.384	11.752
 1.385	11.514
 1.386	11.280
 1.387	11.047
 1.388	10.819
 1.389	10.589
 1.390	10.373
 1.391	10.166
 1.392	 9.966
 1.393	 9.781
 1.394	 9.602
 1.395	 9.427
 1.396	 9.259
 1.397	 9.099
 1.398	 8.948
 1.399	 8.811
 1.400	 8.686
 1.401	 8.569
 1.402	 8.459
 1.403	 8.356
 1.404	 8.260
 1.405	 8.173
 1.406	 8.093
 1.407	 8.021
 1.408	 7.952
 1.409	 7.893
 1.410	 7.835
 1.411	 7.779
 1.412	 7.730
 1.413	 7.681
 1.414	 7.639
 1.415	 7.605
 1.416	 7.572
 1.417	 7.543
 1.418	 7.510
 1.419	 7.476
 1.420	 7.447
 1.421	 7.420
 1.422	 7.399
 1.423	 7.384
 1.424	 7.367
 1.425	 7.350
 1.426	 7.333
 1.427	 7.316
 1.428	 7.295
 1.429	 7.280
 1.430	 7.265
 1.431	 7.257
 1.432	 7.257
 1.433	 7.251
 1.434	 7.245
 1.435	 7.239
 1.436	 7.229
 1.437	 7.223
 1.438	 7.218
 1.439	 7.214
 1.440	 7.208
 1.441	 7.206
 1.442	 7.207
 1.443	 7.204
 1.444	 7.203
 1.445	 7.198
 1.446	 7.190
 1.447	 7.192
 1.448	 7.193
 1.449	 7.192
 1.450	 7.197
 1.451	 7.201
 1.452	 7.201
 1.453	 7.202
 1.454	 7.200
 1.455	 7.198
 1.456	 7.200
 1.457	 7.208
 1.458	 7.217
 1.459	 7.223
 1.460	 7.229
 1.461	 7.234
 1.462	 7.241
 1.463	 7.253
 1.464	 7.263
 1.465	 7.275
 1.466	 7.290
 1.467	 7.299
 1.468	 7.309
 1.469	 7.320
 1.470	 7.330
 1.471	 7.345
 1.472	 7.363
 1.473	 7.383
 1.474	 7.407
 1.475	 7.428
 1.476	 7.446
 1.477	 7.464
 1.478	 7.478
 1.479	 7.494
 1.480	 7.514
 1.481	 7.538
 1.482	 7.564
 1.483	 7.586
 1.484	 7.609
 1.485	 7.628
 1.486	 7.646
 1.487	 7.673
 1.488	 7.704
 1.489	 7.735
 1.490	 7.764
 1.491	 7.791
 1.492	 7.816
 1.493	 7.835
 1.494	 7.859
 1.495	 7.886
 1.496	 7.915
 1.497	 7.948
 1.498	 7.975
 1.499	 7.999
 1.500	 8.023
 1.501	 8.039
 1.502	 8.065
 1.503	 8.094
 1.504	 8.126
 1.505	 8.168
 1.506	 8.201
 1.507	 8.231
 1.508	 8.260
 1.509	 8.285
 1.510	 8.310
 1.511	 8.343
 1.512	 8.379
 1.513	 8.415
 1.514	 8.449
 1.515	 8.478
 1.516	 8.504
 1.517	 8.530
 1.518	 8.559
 1.519	 8.594
 1.520	 8.632
 1.521	 8.669
 1.522	 8.706
 1.523	 8.738
 1.524	 8.767
 1.525	 8.799
 1.526	 8.831
 1.527	 8.864
 1.528	 8.903
 1.529	 8.941
 1.530	 8.977
 1.531	 9.016
 1.532	 9.051
 1.533	 9.084
 1.534	 9.120
 1.535	 9.152
 1.536	 9.186
 1.537	 9.219
 1.538	 9.254
 1.539	 9.291
 1.540	 9.323
 1.541	 9.356
 1.542	 9.389
 1.543	 9.419
 1.544	 9.458
 1.545	 9.497
 1.546	 9.535
 1.547	 9.573
 1.548	 9.604
 1.549	 9.638
 1.550	 9.674
 1.551	 9.707
 1.552	 9.741
 1.553	 9.778
 1.554	 9.815
 1.555	 9.852
 1.556	 9.889
 1.557	 9.923
 1.558	 9.953
 1.559	 9.985
 1.560	10.022
 1.561	10.062
 1.562	10.099
 1.563	10.139
 1.564	10.173
 1.565	10.202
 1.566	10.233
 1.567	10.263
 1.568	10.297
 1.569	10.335
 1.570	10.372
 1.571	10.406
 1.572	10.436
 1.573	10.464
 1.574	10.491
 1.575	10.522
 1.576	10.558
 1.577	10.595
 1.578	10.631
 1.579	10.668
 1.580	10.703
 1.581	10.729
 1.582	10.760
 1.583	10.788
 1.584	10.817
 1.585	10.853
 1.586	10.885
 1.587	10.916
 1.588	10.945
 1.589	10.970
 1.590	10.996
 1.591	11.023
 1.592	11.051
 1.593	11.084
 1.594	11.119
 1.595	11.152
 1.596	11.180
 1.597	11.208
 1.598	11.238
 1.599	11.266
 1.600	11.298
 1.601	11.329
 1.602	11.357
 1.603	11.390
 1.604	11.418
 1.605	11.445
 1.606	11.473
 1.607	11.495
 1.608	11.521
 1.609	11.549
 1.610	11.572
 1.611	11.595
 1.612	11.616
 1.613	11.635
 1.614	11.655
 1.615	11.673
 1.616	11.695
 1.617	11.720
 1.618	11.744
 1.619	11.774
 1.620	11.801
 1.621	11.823
 1.622	11.841
 1.623	11.857
 1.624	11.877
 1.625	11.902
 1.626	11.926
 1.627	11.951
 1.628	11.963
 1.629	11.979
 1.630	11.996
 1.631	12.016
 1.632	12.042
 1.633	12.063
 1.634	12.087
 1.635	12.103
 1.636	12.112
 1.637	12.126
 1.638	12.136
 1.639	12.152
 1.640	12.177
 1.641	12.191
 1.642	12.203
 1.643	12.217
 1.644	12.225
 1.645	12.242
 1.646	12.260
 1.647	12.276
 1.648	12.288
 1.649	12.305
 1.650	12.319
 1.651	12.328
 1.652	12.343
 1.653	12.352
 1.654	12.359
 1.655	12.370
 1.656	12.377
 1.657	12.384
 1.658	12.384
 1.659	12.378
 1.660	12.375
 1.661	12.371
 1.662	12.376
 1.663	12.390
 1.664	12.404
 1.665	12.412
 1.666	12.417
 1.667	12.418
 1.668	12.421
 1.669	12.427
 1.670	12.431
 1.671	12.433
 1.672	12.433
 1.673	12.432
 1.674	12.436
 1.675	12.438
 1.676	12.440
 1.677	12.440
 1.678	12.438
 1.679	12.444
 1.680	12.444
 1.681	12.445
 1.682	12.445
 1.683	12.432
 1.684	12.421
 1.685	12.410
 1.686	12.396
 1.687	12.393
 1.688	12.390
 1.689	12.387
 1.690	12.381
 1.691	12.370
 1.692	12.360
 1.693	12.352
 1.694	12.342
 1.695	12.331
 1.696	12.317
 1.697	12.301
 1.698	12.286
 1.699	12.269
 1.700	12.255
 1.701	12.247
 1.702	12.235
 1.703	12.221
 1.704	12.205
 1.705	12.187
 1.706	12.167
 1.707	12.147
 1.708	12.127
 1.709	12.107
 1.710	12.087
 1.711	12.066
 1.712	12.041
 1.713	12.017
 1.714	11.989
 1.715	11.961
 1.716	11.937
 1.717	11.910
 1.718	11.882
 1.719	11.854
 1.720	11.827
 1.721	11.803
 1.722	11.778
 1.723	11.753
 1.724	11.725
 1.725	11.694
 1.726	11.664
 1.727	11.638
 1.728	11.619
 1.729	11.593
 1.730	11.555
 1.731	11.527
 1.732	11.497
 1.733	11.472
 1.734	11.463
 1.735	11.440
 1.736	11.412
 1.737	11.382
 1.738	11.344
 1.739	11.311
 1.740	11.279
 1.741	11.244
 1.742	11.209
 1.743	11.177
 1.744	11.145
 1.745	11.116
 1.746	11.094
 1.747	11.062
 1.748	11.024
 1.749	10.992
 1.750	10.956
 1.751	10.922
 1.752	10.892
 1.753	10.859
 1.754	10.824
 1.755	10.793
 1.756	10.763
 1.757	10.728
 1.758	10.695
 1.759	10.661
 1.760	10.626
 1.761	10.594
 1.762	10.563
 1.763	10.536
 1.764	10.506
 1.765	10.474
 1.766	10.444
 1.767	10.409
 1.768	10.382
 1.769	10.367
 1.770	10.342
 1.771	10.314
 1.772	10.291
 1.773	10.266
 1.774	10.245
 1.775	10.232
 1.776	10.216
 1.777	10.199
 1.778	10.182
 1.779	10.164
 1.780	10.153
 1.781	10.144
 1.782	10.136
 1.783	10.136
 1.784	10.128
 1.785	10.117
 1.786	10.101
 1.787	10.078
 1.788	10.070
 1.789	10.066
 1.790	10.072
 1.791	10.073
 1.792	10.064
 1.793	10.059
 1.794	10.057
 1.795	10.055
 1.796	10.053
 1.797	10.051
 1.798	10.046
 1.799	10.043
 1.800	10.039
 1.801	10.037
 1.802	10.034
 1.803	10.039
 1.804	10.051
 1.805	10.058
 1.806	10.072
 1.807	10.073
 1.808	10.063
 1.809	10.057
 1.810	10.047
 1.811	10.044
 1.812	10.040
 1.813	10.053
 1.814	10.057
 1.815	10.044
 1.816	10.030
 1.817	10.022
 1.818	10.010
 1.819	10.025
 1.820	10.031
 1.821	10.033
 1.822	10.028
 1.823	10.010
 1.824	10.002
 1.825	 9.997
 1.826	 9.985
 1.827	 9.972
 1.828	 9.971
 1.829	 9.968
 1.830	 9.964
 1.831	10.131
 1.832	10.114
 1.833	10.089
 1.834	10.040
 1.835	10.006
 1.836	 9.985
 1.837	 9.981
 1.838	 9.979
 1.839	 9.964
 1.840	 9.950
 1.841	 9.920
 1.842	 9.871
 1.843	 9.830
 1.844	 9.792
 1.845	 9.736
 1.846	 9.692
 1.847	 9.649
 1.848	 9.599
 1.849	 9.564
 1.850	 9.516
 1.851	 9.464
 1.852	 9.406
 1.853	 9.358
 1.854	 9.293
 1.855	 9.235
 1.856	 9.181
 1.857	 9.118
 1.858	 9.047
 1.859	 8.968
 1.860	 8.879
 1.861	 8.791
 1.862	 8.712
 1.863	 8.631
 1.864	 8.559
 1.865	 8.480
 1.866	 8.373
 1.867	 8.276
 1.868	 8.194
 1.869	 8.108
 1.870	 8.022
 1.871	 7.945
 1.872	 7.860
 1.873	 7.766
 1.874	 7.659
 1.875	 7.548
 1.876	 7.446
 1.877	 7.338
 1.878	 7.235
 1.879	 7.145
 1.880	 7.060
 1.881	 6.974
 1.882	 6.899
 1.883	 6.835
 1.884	 6.765
 1.885	 6.697
 1.886	 6.625
 1.887	 6.552
 1.888	 6.486
 1.889	 6.425
 1.890	 6.373
 1.891	 6.320
 1.892	 6.272
 1.893	 6.231
 1.894	 6.183
 1.895	 6.126
 1.896	 6.071
 1.897	 6.020
 1.898	 5.995
 1.899	 5.966
 1.900	 5.931
 1.901	 5.905
 1.902	 5.879
 1.903	 5.839
 1.904	 5.801
 1.905	 5.801
 1.906	 5.764
 1.907	 5.731
 1.908	 5.728
 1.909	 5.694
 1.910	 5.681
 1.911	 5.676
 1.912	 5.673
 1.913	 5.671
 1.914	 5.682
 1.915	 5.694
 1.916	 5.690
 1.917	 5.688
 1.918	 5.680
 1.919	 5.652
 1.920	 5.643
 1.921	 5.639
 1.922	 5.635
 1.923	 5.642
 1.924	 5.648
 1.925	 5.652
 1.926	 5.654
 1.927	 5.667
 1.928	 5.669
 1.929	 5.676
 1.930	 5.668
 1.931	 5.654
 1.932	 5.659
 1.933	 5.658
 1.934	 5.659
 1.935	 5.659
 1.936	 5.649
 1.937	 5.647
 1.938	 5.644
 1.939	 5.648
 1.940	 5.655
 1.941	 5.672
 1.942	 5.695
 1.943	 5.707
 1.944	 5.711
 1.945	 5.706
 1.946	 5.709
 1.947	 5.703
 1.948	 5.708
 1.949	 5.724
 1.950	 5.748
 1.951	 5.754
 1.952	 5.741
 1.953	 5.738
 1.954	 5.724
 1.955	 5.729
 1.956	 5.760
 1.957	 5.770
 1.958	 5.773
 1.959	 5.782
 1.960	 5.778
 1.961	 5.782
 1.962	 5.792
 1.963	 5.814
 1.964	 5.829
 1.965	 5.847
 1.966	 5.861
 1.967	 5.876
 1.968	 5.885
 1.969	 5.888
 1.970	 5.896
 1.971	 5.903
 1.972	 5.909
 1.973	 5.913
 1.974	 5.925
 1.975	 5.930
 1.976	 5.942
 1.977	 5.959
 1.978	 5.954
 1.979	 5.966
 1.980	 5.984
 1.981	 5.997
 1.982	 6.015
 1.983	 6.030
 1.984	 6.035
 1.985	 6.044
 1.986	 6.055
 1.987	 6.074
 1.988	 6.082
 1.989	 6.089
 1.990	 6.099
 1.991	 6.107
 1.992	 6.119
 1.993	 6.142
 1.994	 6.155
 1.995	 6.161
 1.996	 6.177
 1.997	 6.196
 1.998	 6.218
 1.999	 6.251
 2.000	 6.276
 2.001	 6.301
 2.002	 6.298
 2.003	 6.291
 2.004	 6.300
 2.005	 6.306
 2.006	 6.315
 2.007	 6.324
 2.008	 6.340
 2.009	 6.342
 2.010	 6.327
 2.011	 6.332
 2.012	 6.335
 2.013	 6.349
 2.014	 6.384
 2.015	 6.416
 2.016	 6.439
 2.017	 6.451
 2.018	 6.468
 2.019	 6.481
 2.020	 6.496
 2.021	 6.510
 2.022	 6.526
 2.023	 6.547
 2.024	 6.558
 2.025	 6.567
 2.026	 6.573
 2.027	 6.560
 2.028	 6.570
 2.029	 6.576
 2.030	 6.580
 2.031	 6.589
 2.032	 6.604
 2.033	 6.607
 2.034	 6.604
 2.035	 6.615
 2.036	 6.622
 2.037	 6.637
 2.038	 6.677
 2.039	 6.696
 2.040	 6.700
 2.041	 6.713
 2.042	 6.729
 2.043	 6.729
 2.044	 6.749
 2.045	 6.788
 2.046	 6.807
 2.047	 6.824
 2.048	 6.839
 2.049	 6.845
 2.050	 6.848
 2.051	 6.842
 2.052	 6.850
 2.053	 6.859
 2.054	 6.867
 2.055	 6.878
 2.056	 6.906
 2.057	 6.906
 2.058	 6.924
 2.059	 6.943
 2.060	 6.970
 2.061	 6.983
 2.062	 6.991
 2.063	 7.003
 2.064	 7.011
 2.065	 7.020
 2.066	 7.041
 2.067	 7.050
 2.068	 7.041
 2.069	 7.046
 2.070	 7.051
 2.071	 7.062
 2.072	 7.080
 2.073	 7.106
 2.074	 7.133
 2.075	 7.164
 2.076	 7.194
 2.077	 7.237
 2.078	 7.254
 2.079	 7.259
 2.080	 7.263
 2.081	 7.245
 2.082	 7.238
 2.083	 7.224
 2.084	 7.228
 2.085	 7.250
 2.086	 7.262
 2.087	 7.281
 2.088	 7.301
 2.089	 7.310
 2.090	 7.303
 2.091	 7.309
 2.092	 7.315
 2.093	 7.331
 2.094	 7.354
 2.095	 7.378
 2.096	 7.418
 2.097	 7.445
 2.098	 7.470
 2.099	 7.486
 2.100	 7.496
 2.101	 7.501
 2.102	 7.497
 2.103	 7.494
 2.104	 7.481
 2.105	 7.474
 2.106	 7.483
 2.107	 7.501
 2.108	 7.520
 2.109	 7.556
 2.110	 7.577
 2.111	 7.592
 2.112	 7.606
 2.113	 7.613
 2.114	 7.628
 2.115	 7.645
 2.116	 7.661
 2.117	 7.683
 2.118	 7.700
 2.119	 7.709
 2.120	 7.723
 2.121	 7.753
 2.122	 7.756
 2.123	 7.758
 2.124	 7.758
 2.125	 7.755
 2.126	 7.732
 2.127	 7.737
 2.128	 7.754
 2.129	 7.769
 2.130	 7.800
 2.131	 7.816
 2.132	 7.830
 2.133	 7.836
 2.134	 7.830
 2.135	 7.828
 2.136	 7.821
 2.137	 7.817
 2.138	 7.805
 2.139	 7.809
 2.140	 7.829
 2.141	 7.838
 2.142	 7.843
 2.143	 7.856
 2.144	 7.858
 2.145	 7.839
 2.146	 7.841
 2.147	 7.847
 2.148	 7.863
 2.149	 7.893
 2.150	 7.914
 2.151	 7.944
 2.152	 7.964
 2.153	 7.977
 2.154	 7.986
 2.155	 7.990
 2.156	 7.994
 2.157	 7.995
 2.158	 7.992
 2.159	 7.982
 2.160	 7.979
 2.161	 7.984
 2.162	 7.976
 2.163	 7.980
 2.164	 7.995
 2.165	 8.002
 2.166	 8.011
 2.167	 8.011
 2.168	 8.008
 2.169	 8.006
 2.170	 7.991
 2.171	 7.994
 2.172	 8.011
 2.173	 8.018
 2.174	 8.035
 2.175	 8.042
 2.176	 8.033
 2.177	 8.036
 2.178	 8.044
 2.179	 8.049
 2.180	 8.066
 2.181	 8.070
 2.182	 8.062
 2.183	 8.054
 2.184	 8.053
 2.185	 8.050
 2.186	 8.050
 2.187	 8.065
 2.188	 8.057
 2.189	 8.029
 2.190	 8.021
 2.191	 8.007
 2.192	 8.007
 2.193	 8.031
 2.194	 8.039
 2.195	 8.046
 2.196	 8.052
 2.197	 8.056
 2.198	 8.059
 2.199	 8.066
 2.200	 8.066
 2.201	 8.059
 2.202	 8.051
 2.203	 8.035
 2.204	 8.026
 2.205	 8.013
 2.206	 8.013
 2.207	 8.016
 2.208	 8.031
 2.209	 8.037
 2.210	 8.045
 2.211	 8.047
 2.212	 8.044
 2.213	 8.038
 2.214	 8.023
 2.215	 8.022
 2.216	 8.022
 2.217	 8.026
 2.218	 8.050
 2.219	 8.051
 2.220	 8.023
 2.221	 8.030
 2.222	 8.044
 2.223	 8.062
 2.224	 8.120
 2.225	 8.150
 2.226	 8.177
 2.227	 8.178
 2.228	 8.149
 2.229	 8.125
 2.230	 8.066
 2.231	 8.032
 2.232	 8.037
 2.233	 8.041
 2.234	 8.040
 2.235	 8.057
 2.236	 8.049
 2.237	 8.022
 2.238	 8.007
 2.239	 7.994
 2.240	 7.981
 2.241	 7.965
 2.242	 7.958
 2.243	 7.957
 2.244	 7.957
 2.245	 7.961
 2.246	 7.972
 2.247	 7.987
 2.248	 8.001
 2.249	 8.037
 2.250	 8.037
 2.251	 8.018
 2.252	 7.999
 2.253	 7.952
 2.254	 7.921
 2.255	 7.888
 2.256	 7.868
 2.257	 7.857
 2.258	 7.847
 2.259	 7.847
 2.260	 7.844
 2.261	 7.851
 2.262	 7.839
 2.263	 7.801
 2.264	 7.812
 2.265	 7.816
 2.266	 7.822
 2.267	 7.835
 2.268	 7.877
 2.269	 7.873
 2.270	 7.842
 2.271	 7.832
 2.272	 7.822
 2.273	 7.808
 2.274	 7.799
 2.275	 7.788
 2.276	 7.761
 2.277	 7.741
 2.278	 7.727
 2.279	 7.726
 2.280	 7.729
 2.281	 7.735
 2.282	 7.763
 2.283	 7.773
 2.284	 7.780
 2.285	 7.774
 2.286	 7.755
 2.287	 7.735
 2.288	 7.699
 2.289	 7.672
 2.290	 7.639
 2.291	 7.625
 2.292	 7.636
 2.293	 7.623
 2.294	 7.604
 2.295	 7.597
 2.296	 7.573
 2.297	 7.567
 2.298	 7.583
 2.299	 7.607
 2.300	 7.626
 2.301	 7.597
 2.302	 7.571
 2.303	 7.569
 2.304	 7.541
 2.305	 7.531
 2.306	 7.522
 2.307	 7.480
 2.308	 7.468
 2.309	 7.486
 2.310	 7.472
 2.311	 7.469
 2.312	 7.453
 2.313	 7.413
 2.314	 7.388
 2.315	 7.360
 2.316	 7.364
 2.317	 7.379
 2.318	 7.406
 2.319	 7.482
 2.320	 7.494
 2.321	 7.483
 2.322	 7.479
 2.323	 7.433
 2.324	 7.437
 2.325	 7.487
 2.326	 7.490
 2.327	 7.493
 2.328	 7.485
 2.329	 7.430
 2.330	 7.414
 2.331	 7.434
 2.332	 7.426
 2.333	 7.423
 2.334	 7.404
 2.335	 7.353
 2.336	 7.324
 2.337	 7.288
 2.338	 7.286
 2.339	 7.330
 2.340	 7.329
 2.341	 7.313
 2.342	 7.309
 2.343	 7.296
 2.344	 7.268
 2.345	 7.254
 2.346	 7.234
 2.347	 7.158
 2.348	 7.138
 2.349	 7.173
 2.350	 7.177
 2.351	 7.200
 2.352	 7.204
 2.353	 7.188
 2.354	 7.155
 2.355	 7.151
 2.356	 7.171
 2.357	 7.210
 2.358	 7.259
 2.359	 7.270
 2.360	 7.256
 2.361	 7.232
 2.362	 7.197
 2.363	 7.186
 2.364	 7.171
 2.365	 7.157
 2.366	 7.148
 2.367	 7.132
 2.368	 7.146
 2.369	 7.142
 2.370	 7.166
 2.371	 7.190
 2.372	 7.178
 2.373	 7.120
 2.374	 7.037
 2.375	 7.031
 2.376	 7.028
 2.377	 7.095
 2.378	 7.168
 2.379	 7.120
 2.380	 7.076
 2.381	 7.035
 2.382	 7.003
 2.383	 6.980
 2.384	 6.917
 2.385	 6.890
 2.386	 6.882
 2.387	 6.925
 2.388	 7.001
 2.389	 7.017
 2.390	 7.000
 2.391	 6.989
 2.392	 7.041
 2.393	 7.102
 2.394	 7.149
 2.395	 7.128
 2.396	 7.051
 2.397	 6.972
 2.398	 6.887
 2.399	 6.895
 2.400	 6.900
 2.401	 6.890
 2.402	 6.908
 2.403	 6.853
 2.404	 6.816
 2.405	 6.801
 2.406	 6.779
 2.407	 6.836
 2.408	 6.851
 2.409	 6.921
 2.410	 6.977
 2.411	 6.911
 2.412	 6.909
 2.413	 6.823
 2.414	 6.767
 2.415	 6.800
 2.416	 6.819
 2.417	 6.863
 2.418	 6.830
 2.419	 6.773
 2.420	 6.721
 2.421	 6.707
 2.422	 6.724
 2.423	 6.736
 2.424	 6.734
 2.425	 6.662
 2.426	 6.628
 2.427	 6.639
 2.428	 6.719
 2.429	 6.779
 2.430	 6.788
 2.431	 6.856
 2.432	 6.732
 2.433	 6.661
 2.434	 6.720
 2.435	 6.672
 2.436	 6.741
 2.437	 6.758
 2.438	 6.703
 2.439	 6.633
 2.440	 6.525
 2.441	 6.584
 2.442	 6.677
 2.443	 6.817
 2.444	 6.913
 2.445	 6.893
 2.446	 6.879
 2.447	 6.724
 2.448	 6.636
 2.449	 6.590
 2.450	 6.547
 2.451	 6.594
 2.452	 6.627
 2.453	 6.682
 2.454	 6.696
 2.455	 6.797
 2.456	 6.878
 2.457	 6.841
 2.458	 6.779
 2.459	 6.608
 2.460	 6.558
 2.461	 6.657
 2.462	 6.607
 2.463	 6.493
 2.464	 6.398
 2.465	 6.214
 2.466	 6.260
 2.467	 6.465
 2.468	 6.539
 2.469	 6.710
 2.470	 6.709
 2.471	 6.539
 2.472	 6.563
 2.473	 6.589
 2.474	 6.652
 2.475	 6.991
 2.476	 6.983
 2.477	 6.630
 2.478	 6.587
 2.479	 6.527
 2.480	 6.505
 2.481	 6.764
 2.482	 6.745
 2.483	 6.727
 2.484	 6.729
 2.485	 6.631
 2.486	 6.787
 2.487	 6.859
 2.488	 6.721
 2.489	 6.791
 2.490	 6.678
 2.491	 6.548
 2.492	 6.498
 2.493	 6.178
 2.494	 6.039
 2.495	 5.774
 2.496	 5.512
 2.497	 5.872
 2.498	 6.000
 2.499	 6.091
 2.500	 6.512
 2.500	 3.396
 2.501	 3.400
 2.503	 3.396
 2.504	 3.408
 2.505	 3.378
 2.506	 3.419
 2.507	 3.380
 2.509	 3.323
 2.510	 3.326
 2.511	 3.317
 2.512	 3.285
 2.514	 3.365
 2.515	 3.388
 2.516	 3.412
 2.517	 3.340
 2.518	 3.305
 2.520	 3.320
 2.521	 3.392
 2.522	 3.374
 2.523	 3.407
 2.525	 3.391
 2.526	 3.388
 2.527	 3.390
 2.528	 3.396
 2.530	 3.320
 2.531	 3.335
 2.532	 3.323
 2.533	 3.393
 2.534	 3.432
 2.536	 3.377
 2.537	 3.294
 2.538	 3.351
 2.539	 3.376
 2.541	 3.367
 2.542	 3.346
 2.543	 3.310
 2.544	 3.262
 2.546	 3.286
 2.547	 3.262
 2.548	 3.343
 2.549	 3.327
 2.551	 3.332
 2.552	 3.304
 2.553	 3.302
 2.554	 3.265
 2.556	 3.347
 2.557	 3.366
 2.558	 3.377
 2.559	 3.360
 2.561	 3.406
 2.562	 3.421
 2.563	 3.386
 2.565	 3.316
 2.566	 3.264
 2.567	 3.290
 2.568	 3.389
 2.570	 3.396
 2.571	 3.377
 2.572	 3.323
 2.573	 3.305
 2.575	 3.293
 2.576	 3.343
 2.577	 3.333
 2.579	 3.346
 2.580	 3.305
 2.581	 3.335
 2.582	 3.363
 2.584	 3.406
 2.585	 3.357
 2.586	 3.336
 2.588	 3.309
 2.589	 3.320
 2.590	 3.320
 2.591	 3.319
 2.593	 3.351
 2.594	 3.384
 2.595	 3.344
 2.597	 3.369
 2.598	 3.324
 2.599	 3.251
 2.601	 3.195
 2.602	 3.241
 2.603	 3.243
 2.604	 3.266
 2.606	 3.268
 2.607	 3.252
 2.608	 3.246
 2.610	 3.278
 2.611	 3.223
 2.612	 3.176
 2.614	 3.249
 2.615	 3.372
 2.616	 3.298
 2.618	 3.264
 2.619	 3.276
 2.620	 3.248
 2.622	 3.141
 2.623	 3.154
 2.624	 3.149
 2.626	 3.201
 2.627	 3.214
 2.628	 3.207
 2.630	 3.218
 2.631	 3.239
 2.632	 3.216
 2.634	 3.248
 2.635	 3.198
 2.636	 3.163
 2.638	 3.107
 2.639	 3.145
 2.640	 3.142
 2.642	 3.188
 2.643	 3.180
 2.644	 3.146
 2.646	 3.067
 2.647	 3.068
 2.648	 3.077
 2.650	 3.091
 2.651	 3.077
 2.652	 3.140
 2.654	 3.132
 2.655	 3.154
 2.657	 3.154
 2.658	 3.218
 2.659	 3.218
 2.661	 3.129
 2.662	 3.074
 2.663	 3.092
 2.665	 3.047
 2.666	 3.027
 2.667	 3.007
 2.669	 3.102
 2.670	 3.133
 2.672	 3.101
 2.673	 3.048
 2.674	 3.083
 2.676	 3.053
 2.677	 3.054
 2.678	 3.055
 2.680	 3.071
 2.681	 3.023
 2.683	 3.034
 2.684	 3.080
 2.685	 3.074
 2.687	 3.057
 2.688	 3.094
 2.690	 3.083
 2.691	 3.050
 2.692	 2.989
 2.694	 2.992
 2.695	 2.967
 2.697	 3.004
 2.698	 2.978
 2.699	 3.001
 2.701	 3.032
 2.702	 3.115
 2.704	 3.044
 2.705	 2.993
 2.706	 2.978
 2.708	 3.006
 2.709	 2.994
 2.711	 3.021
 2.712	 2.987
 2.713	 2.996
 2.715	 2.948
 2.716	 2.922
 2.718	 2.922
 2.719	 2.982
 2.721	 2.996
 2.722	 3.011
 2.723	 3.015
 2.725	 3.020
 2.726	 2.959
 2.728	 2.955
 2.729	 2.962
 2.731	 3.038
 2.732	 3.035
 2.734	 3.059
 2.735	 3.034
 2.736	 3.034
 2.738	 2.959
 2.739	 2.902
 2.741	 2.888
 2.742	 2.985
 2.744	 3.033
 2.745	 3.076
 2.747	 3.060
 2.748	 3.029
 2.749	 3.013
 2.751	 3.071
 2.752	 2.983
 2.754	 2.987
 2.755	 2.929
 2.757	 2.868
 2.758	 2.891
 2.760	 2.965
 2.761	 2.966
 2.763	 3.030
 2.764	 3.040
 2.766	 3.003
 2.767	 2.906
 2.769	 2.983
 2.770	 2.973
 2.772	 2.985
 2.773	 3.010
 2.774	 3.044
 2.776	 3.008
 2.777	 3.001
 2.779	 2.940
 2.780	 2.990
 2.782	 3.006
 2.783	 3.040
 2.785	 3.006
 2.786	 3.011
 2.788	 2.985
 2.789	 2.972
 2.791	 2.895
 2.792	 2.873
 2.794	 2.898
 2.795	 2.967
 2.797	 2.908
 2.798	 2.869
 2.800	 2.901
 2.801	 2.922
 2.803	 2.904
 2.804	 2.992
 2.806	 3.027
 2.808	 2.957
 2.809	 2.842
 2.811	 2.899
 2.812	 2.912
 2.814	 2.919
 2.815	 2.934
 2.817	 2.964
 2.818	 2.952
 2.820	 3.013
 2.821	 3.015
 2.823	 3.003
 2.824	 3.000
 2.826	 3.019
 2.827	 2.960
 2.829	 2.953
 2.831	 2.974
 2.832	 3.008
 2.834	 2.926
 2.835	 2.908
 2.837	 2.875
 2.838	 2.912
 2.840	 2.905
 2.841	 2.957
 2.843	 2.929
 2.844	 2.975
 2.846	 3.007
 2.848	 2.970
 2.849	 2.918
 2.851	 2.982
 2.852	 2.973
 2.854	 2.958
 2.855	 2.917
 2.857	 3.000
 2.859	 2.983
 2.860	 2.940
 2.862	 2.863
 2.863	 2.820
 2.865	 2.831
 2.866	 2.959
 2.868	 3.007
 2.870	 3.016
 2.871	 2.968
 2.873	 2.977
 2.874	 2.913
 2.876	 2.927
 2.878	 2.948
 2.879	 2.963
 2.881	 2.918
 2.882	 2.946
 2.884	 2.917
 2.886	 2.928
 2.887	 2.915
 2.889	 2.951
 2.890	 2.900
 2.892	 2.883
 2.894	 2.845
 2.895	 2.917
 2.897	 2.885
 2.899	 2.885
 2.900	 2.904
 2.902	 2.942
 2.903	 2.925
 2.905	 2.917
 2.907	 2.835
 2.908	 2.832
 2.910	 2.812
 2.912	 2.851
 2.913	 2.935
 2.915	 2.986
 2.916	 2.884
 2.918	 2.856
 2.920	 2.905
 2.921	 2.943
 2.923	 2.937
 2.925	 2.927
 2.926	 2.809
 2.928	 2.797
 2.930	 2.863
 2.931	 2.887
 2.933	 2.908
 2.935	 3.000
 2.936	 2.971
 2.938	 2.962
 2.940	 2.903
 2.941	 2.900
 2.943	 2.913
 2.945	 2.874
 2.946	 2.818
 2.948	 2.904
 2.950	 2.849
 2.951	 2.837
 2.953	 2.859
 2.955	 2.876
 2.956	 2.887
 2.958	 2.854
 2.960	 2.857
 2.961	 2.935
 2.963	 2.897
 2.965	 2.901
 2.967	 2.889
 2.968	 2.901
 2.970	 2.807
 2.972	 2.805
 2.973	 2.803
 2.975	 2.838
 2.977	 2.829
 2.978	 2.834
 2.980	 2.819
 2.982	 2.838
 2.984	 2.827
 2.985	 2.830
 2.987	 2.787
 2.989	 2.792
 2.990	 2.828
 2.992	 2.894
 2.994	 2.874
 2.996	 2.921
 2.997	 2.887
 2.999	 2.857
 3.001	 2.803
 3.003	 2.796
 3.004	 2.784
 3.006	 2.788
 3.008	 2.785
 3.010	 2.825
 3.011	 2.806
 3.013	 2.835
 3.015	 2.808
 3.017	 2.828
 3.018	 2.827
 3.020	 2.845
 3.022	 2.781
 3.024	 2.767
 3.025	 2.758
 3.027	 2.852
 3.029	 2.869
 3.031	 2.877
 3.032	 2.872
 3.034	 2.842
 3.036	 2.783
 3.038	 2.818
 3.040	 2.774
 3.041	 2.810
 3.043	 2.840
 3.045	 2.884
 3.047	 2.880
 3.048	 2.826
 3.050	 2.771
 3.052	 2.838
 3.054	 2.852
 3.056	 2.811
 3.057	 2.764
 3.059	 2.840
 3.061	 2.816
 3.063	 2.792
 3.065	 2.787
 3.067	 2.855
 3.068	 2.805
 3.070	 2.779
 3.072	 2.745
 3.074	 2.786
 3.076	 2.768
 3.077	 2.724
 3.079	 2.694
 3.081	 2.761
 3.083	 2.721
 3.085	 2.694
 3.087	 2.686
 3.088	 2.742
 3.090	 2.726
 3.092	 2.700
 3.094	 2.656
 3.096	 2.686
 3.098	 2.732
 3.100	 2.788
 3.101	 2.710
 3.103	 2.717
 3.105	 2.726
 3.107	 2.798
 3.109	 2.814
 3.111	 2.804
 3.113	 2.730
 3.114	 2.767
 3.116	 2.720
 3.118	 2.687
 3.120	 2.683
 3.122	 2.709
 3.124	 2.676
 3.126	 2.697
 3.128	 2.691
 3.129	 2.726
 3.131	 2.739
 3.133	 2.770
 3.135	 2.783
 3.137	 2.789
 3.139	 2.720
 3.141	 2.735
 3.143	 2.728
 3.145	 2.706
 3.147	 2.680
 3.148	 2.747
 3.150	 2.732
 3.152	 2.746
 3.154	 2.750
 3.156	 2.763
 3.158	 2.775
 3.160	 2.791
 3.162	 2.787
 3.164	 2.763
 3.166	 2.700
 3.168	 2.714
 3.170	 2.698
 3.172	 2.725
 3.173	 2.722
 3.175	 2.706
 3.177	 2.663
 3.179	 2.676
 3.181	 2.675
 3.183	 2.652
 3.185	 2.647
 3.187	 2.725
 3.189	 2.790
 3.191	 2.789
 3.193	 2.683
 3.195	 2.704
 3.197	 2.729
 3.199	 2.724
 3.201	 2.693
 3.203	 2.702
 3.205	 2.676
 3.207	 2.691
 3.209	 2.676
 3.211	 2.727
 3.213	 2.679
 3.215	 2.650
 3.217	 2.654
 3.219	 2.667
 3.221	 2.674
 3.223	 2.703
 3.225	 2.668
 3.227	 2.695
 3.229	 2.727
 3.231	 2.745
 3.233	 2.686
 3.235	 2.689
 3.237	 2.695
 3.239	 2.694
 3.241	 2.696
 3.243	 2.723
 3.245	 2.686
 3.247	 2.668
 3.249	 2.695
 3.251	 2.711
 3.253	 2.690
 3.255	 2.725
 3.257	 2.676
 3.259	 2.651
 3.261	 2.718
 3.263	 2.745
 3.265	 2.650
 3.267	 2.665
 3.270	 2.617
 3.272	 2.605
 3.274	 2.592
 3.276	 2.623
 3.278	 2.637
 3.280	 2.667
 3.282	 2.678
 3.284	 2.652
 3.286	 2.614
 3.288	 2.630
 3.290	 2.607
 3.292	 2.625
 3.294	 2.635
 3.297	 2.614
 3.299	 2.553
 3.301	 2.558
 3.303	 2.573
 3.305	 2.582
 3.307	 2.560
 3.309	 2.563
 3.311	 2.557
 3.313	 2.577
 3.316	 2.566
 3.318	 2.580
 3.320	 2.569
 3.322	 2.571
 3.324	 2.547
 3.326	 2.537
 3.328	 2.545
 3.330	 2.575
 3.333	 2.550
 3.335	 2.534
 3.337	 2.504
 3.339	 2.538
 3.341	 2.541
 3.343	 2.543
 3.345	 2.544
 3.348	 2.532
 3.350	 2.477
 3.352	 2.499
 3.354	 2.491
 3.356	 2.473
 3.358	 2.449
 3.361	 2.480
 3.363	 2.464
 3.365	 2.418
 3.367	 2.376
 3.369	 2.390
 3.372	 2.363
 3.374	 2.396
 3.376	 2.398
 3.378	 2.398
 3.380	 2.377
 3.383	 2.351
 3.385	 2.366
 3.387	 2.439
 3.389	 2.439
 3.391	 2.435
 3.394	 2.325
 3.396	 2.284
 3.398	 2.226
 3.400	 2.263
 3.403	 2.340
 3.405	 2.364
 3.407	 2.342
 3.409	 2.377
 3.411	 2.499
 3.414	 2.667
 3.416	 2.844
 3.418	 3.081
 3.420	 3.452
 3.423	 4.007
 3.425	 4.597
 3.427	 5.183
 3.430	 5.524
 3.432	 5.434
 3.434	 4.970
 3.436	 4.546
 3.439	 4.273
 3.441	 4.054
 3.443	 3.867
 3.445	 3.791
 3.448	 3.738
 3.450	 3.700
 3.452	 3.646
 3.455	 3.619
 3.457	 3.599
 3.459	 3.572
 3.462	 3.485
 3.464	 3.472
 3.466	 3.471
 3.469	 3.450
 3.471	 3.363
 3.473	 3.312
 3.476	 3.257
 3.478	 3.179
 3.480	 3.082
 3.483	 3.048
 3.485	 3.003
 3.487	 2.993
 3.490	 3.000
 3.492	 2.945
 3.494	 2.851
 3.497	 2.823
 3.499	 2.831
 3.501	 2.901
 3.504	 3.082
 3.506	 3.582
 3.508	 4.382
 3.511	 5.144
 3.513	 5.229
 3.516	 4.846
 3.518	 4.435
 3.520	 4.182
 3.523	 4.017
 3.525	 3.888
 3.528	 3.786
 3.530	 3.738
 3.532	 3.668
 3.535	 3.610
 3.537	 3.547
 3.540	 3.572
 3.542	 3.524
 3.544	 3.465
 3.547	 3.427
 3.549	 3.442
 3.552	 3.435
 3.554	 3.411
 3.557	 3.362
 3.559	 3.389
 3.561	 3.386
 3.564	 3.368
 3.566	 3.329
 3.569	 3.308
 3.571	 3.292
 3.574	 3.308
 3.576	 3.310
 3.579	 3.305
 3.581	 3.270
 3.584	 3.251
 3.586	 3.247
 3.589	 3.301
 3.591	 3.275
 3.594	 3.262
 3.596	 3.276
 3.599	 3.254
 3.601	 3.213
 3.604	 3.199
 3.606	 3.193
 3.609	 3.259
 3.611	 3.265
 3.614	 3.243
 3.616	 3.224
 3.619	 3.216
 3.621	 3.231
 3.624	 3.255
 3.626	 3.210
 3.629	 3.202
 3.631	 3.208
 3.634	 3.221
 3.636	 3.207
 3.639	 3.201
 3.641	 3.178
 3.644	 3.184
 3.647	 3.178
 3.649	 3.209
 3.652	 3.251
 3.654	 3.246
 3.657	 3.171
 3.659	 3.159
 3.662	 3.199
 3.665	 3.186
 3.667	 3.145
 3.670	 3.156
 3.672	 3.147
 3.675	 3.154
 3.678	 3.168
 3.680	 3.200
 3.683	 3.172
 3.685	 3.173
 3.688	 3.138
 3.691	 3.148
 3.693	 3.172
 3.696	 3.185
 3.699	 3.190
 3.701	 3.202
 3.704	 3.176
 3.707	 3.179
 3.709	 3.149
 3.712	 3.151
 3.715	 3.178
 3.717	 3.198
 3.720	 3.190
 3.723	 3.185
 3.725	 3.157
 3.728	 3.193
 3.731	 3.176
 3.733	 3.166
 3.736	 3.180
 3.739	 3.192
 3.741	 3.192
 3.744	 3.219
 3.747	 3.201
 3.749	 3.181
 3.752	 3.172
 3.755	 3.189
 3.758	 3.197
 3.760	 3.213
 3.763	 3.189
 3.766	 3.200
 3.769	 3.229
 3.771	 3.247
 3.774	 3.211
 3.777	 3.194
 3.779	 3.201
 3.782	 3.206
 3.785	 3.187
 3.788	 3.209
 3.791	 3.224
 3.793	 3.212
 3.796	 3.173
 3.799	 3.146
 3.802	 3.150
 3.804	 3.199
 3.807	 3.208
 3.810	 3.202
 3.813	 3.184
 3.816	 3.194
 3.818	 3.164
 3.821	 3.156
 3.824	 3.143
 3.827	 3.175
 3.830	 3.204
 3.833	 3.208
 3.835	 3.226
 3.838	 3.233
 3.841	 3.186
 3.844	 3.177
 3.847	 3.151
 3.850	 3.152
 3.852	 3.158
 3.855	 3.169
 3.858	 3.200
 3.861	 3.211
 3.864	 3.229
 3.867	 3.242
 3.870	 3.213
 3.873	 3.201
 3.876	 3.173
 3.878	 3.171
 3.881	 3.157
 3.884	 3.168
 3.887	 3.190
 3.890	 3.189
 3.893	 3.169
 3.896	 3.157
 3.899	 3.140
 3.902	 3.151
 3.905	 3.183
 3.908	 3.197
 3.911	 3.153
 3.914	 3.169
 3.917	 3.188
 3.919	 3.166
 3.922	 3.161
 3.925	 3.184
 3.928	 3.142
 3.931	 3.157
 3.934	 3.200
 3.937	 3.196
 3.940	 3.151
 3.943	 3.114
 3.946	 3.090
 3.949	 3.117
 3.952	 3.173
 3.955	 3.208
 3.958	 3.173
 3.961	 3.128
 3.964	 3.120
 3.967	 3.142
 3.970	 3.128
 3.974	 3.121
 3.977	 3.160
 3.980	 3.179
 3.983	 3.115
 3.986	 3.090
 3.989	 3.089
 3.992	 3.118
 3.995	 3.135
 3.998	 3.114
 4.001	 3.068
 4.004	 3.111
 4.007	 3.121
 4.010	 3.082
 4.014	 3.100
 4.017	 3.108
 4.020	 3.081
 4.023	 3.111
 4.026	 3.146
 4.029	 3.119
 4.032	 3.101
 4.035	 3.116
 4.039	 3.134
 4.042	 3.142
 4.045	 3.115
 4.048	 3.097
 4.051	 3.095
 4.054	 3.087
 4.057	 3.072
 4.061	 3.065
 4.064	 3.060
 4.067	 3.044
 4.070	 3.069
 4.073	 3.132
 4.077	 3.151
 4.080	 3.147
 4.083	 3.118
 4.086	 3.071
 4.089	 3.059
 4.093	 3.063
 4.096	 3.037
 4.099	 3.055
 4.102	 3.087
 4.106	 3.100
 4.109	 3.059
 4.112	 3.046
 4.115	 3.044
 4.119	 3.062
 4.122	 3.085
 4.125	 3.065
 4.129	 3.023
 4.132	 3.029
 4.135	 3.081
 4.138	 3.121
 4.142	 3.084
 4.145	 3.044
 4.148	 3.026
 4.152	 3.021
 4.155	 3.036
 4.158	 3.047
 4.162	 3.057
 4.165	 3.065
 4.168	 3.080
 4.172	 3.087
 4.175	 3.029
 4.178	 3.004
 4.182	 3.031
 4.185	 3.028
 4.189	 3.008
 4.192	 2.984
 4.195	 3.000
 4.199	 3.054
 4.202	 3.049
 4.206	 2.996
 4.209	 3.040
 4.212	 3.131
 4.216	 3.088
 4.219	 3.059
 4.223	 3.064
 4.226	 2.987
 4.230	 2.992
 4.233	 3.075
 4.236	 3.112
 4.240	 3.135
 4.243	 3.105
 4.247	 3.045
 4.250	 3.052
 4.254	 3.047
 4.257	 3.024
 4.261	 3.064
 4.264	 3.073
 4.268	 3.060
 4.271	 3.036
 4.275	 2.998
 4.278	 2.958
 4.282	 2.939
 4.285	 2.967
 4.289	 3.001
 4.293	 3.005
 4.296	 2.985
 4.300	 2.997
 4.303	 3.025
 4.307	 2.982
 4.310	 2.935
 4.314	 2.976
 4.318	 2.974
 4.321	 2.933
 4.325	 2.940
 4.328	 2.919
 4.332	 2.915
 4.336	 2.957
 4.339	 2.938
 4.343	 2.867
 4.347	 2.868
 4.350	 2.927
 4.354	 2.913
 4.358	 2.901
 4.361	 2.884
 4.365	 2.874
 4.369	 2.889
 4.372	 2.872
 4.376	 2.900
 4.380	 2.902
 4.383	 2.893
 4.387	 2.902
 4.391	 2.880
 4.394	 2.874
 4.398	 2.887
 4.402	 2.901
 4.406	 2.891
 4.409	 2.855
 4.413	 2.856
 4.417	 2.880
 4.421	 2.862
 4.424	 2.843
 4.428	 2.846
 4.432	 2.866
 4.436	 2.862
 4.440	 2.855
 4.443	 2.874
 4.447	 2.836
 4.451	 2.790
 4.455	 2.823
 4.459	 2.848
 4.463	 2.839
 4.466	 2.830
 4.470	 2.808
 4.474	 2.784
 4.478	 2.791
 4.482	 2.804
 4.486	 2.815
 4.490	 2.823
 4.493	 2.859
 4.497	 2.845
 4.501	 2.813
 4.505	 2.793
 4.509	 2.806
 4.513	 2.836
 4.517	 2.832
 4.521	 2.810
 4.525	 2.814
 4.529	 2.805
 4.533	 2.807
 4.537	 2.813
 4.541	 2.805
 4.545	 2.771
 4.549	 2.758
 4.553	 2.777
 4.557	 2.798
 4.561	 2.784
 4.565	 2.757
 4.569	 2.746
 4.573	 2.740
 4.577	 2.741
 4.581	 2.767
 4.585	 2.779
 4.589	 2.787
 4.593	 2.797
 4.597	 2.821
 4.601	 2.787
 4.605	 2.754
 4.609	 2.737
 4.613	 2.759
 4.617	 2.773
 4.622	 2.788
 4.626	 2.795
 4.630	 2.752
 4.634	 2.714
 4.638	 2.731
 4.642	 2.742
 4.646	 2.766
 4.651	 2.768
 4.655	 2.772
 4.659	 2.762
 4.663	 2.763
 4.667	 2.755
 4.672	 2.769
 4.676	 2.782
 4.680	 2.776
 4.684	 2.723
 4.688	 2.725
 4.693	 2.732
 4.697	 2.729
 4.701	 2.718
 4.705	 2.723
 4.710	 2.719
 4.714	 2.719
 4.718	 2.711
 4.723	 2.713
 4.727	 2.710
 4.731	 2.730
 4.736	 2.728
 4.740	 2.721
 4.744	 2.704
 4.749	 2.720
 4.753	 2.739
 4.757	 2.755
 4.762	 2.756
 4.766	 2.753
 4.770	 2.745
 4.775	 2.764
 4.779	 2.735
 4.784	 2.719
 4.788	 2.698
 4.792	 2.731
 4.797	 2.730
 4.801	 2.696
 4.806	 2.702
 4.810	 2.737
 4.815	 2.705
 4.819	 2.697
 4.824	 2.697
 4.828	 2.704
 4.833	 2.720
 4.837	 2.726
 4.842	 2.723
 4.846	 2.715
 4.851	 2.704
 4.855	 2.740
 4.860	 2.733
 4.864	 2.712
 4.869	 2.702
 4.874	 2.719
 4.878	 2.682
 4.883	 2.696
 4.887	 2.715
 4.892	 2.707
 4.897	 2.670
 4.901	 2.680
 4.906	 2.693
 4.910	 2.700
 4.915	 2.693
 4.920	 2.721
 4.924	 2.720
 4.929	 2.726
 4.934	 2.710
 4.939	 2.709
 4.943	 2.690
 4.948	 2.688
 4.953	 2.688
 4.957	 2.716
 4.962	 2.711
 4.967	 2.725
 4.972	 2.732
 4.976	 2.739
 4.981	 2.709
 4.986	 2.715
 4.991	 2.716
 4.996	 2.718
 5.000	 2.702
 5.005	 2.708
 5.010	 2.683
 5.015	 2.693
 5.020	 2.713
 5.025	 2.687
 5.030	 2.662
 5.034	 2.688
 5.039	 2.681
 5.044	 2.700
 5.049	 2.679
 5.054	 2.698
 5.059	 2.688
 5.064	 2.691
 5.069	 2.688
 5.074	 2.677
 5.079	 2.696
 5.084	 2.720
 5.089	 2.704
 5.094	 2.711
 5.099	 2.674
 5.104	 2.683
 5.109	 2.707
 5.114	 2.743
 5.119	 2.710
 5.124	 2.714
 5.129	 2.677
 5.134	 2.688
 5.139	 2.689
 5.144	 2.725
 5.149	 2.740
 5.155	 2.716
 5.160	 2.683
 5.165	 2.661
 5.170	 2.636
 5.175	 2.656
 5.180	 2.651
 5.185	 2.662
 5.191	 2.671
 5.196	 2.691
 5.201	 2.626
 5.206	 2.615
 5.211	 2.646
 5.217	 2.682
 5.222	 2.695
 5.227	 2.729
 5.233	 2.692
 5.238	 2.685
 5.243	 2.680
 5.248	 2.699
 5.254	 2.663
 5.259	 2.647
 5.264	 2.653
 5.270	 2.674
 5.275	 2.673
 5.280	 2.677
 5.286	 2.645
 5.291	 2.658
 5.297	 2.674
 5.302	 2.698
 5.308	 2.647
 5.313	 2.652
 5.318	 2.653
 5.324	 2.663
 5.329	 2.659
 5.335	 2.678
 5.340	 2.666
 5.346	 2.673
 5.351	 2.663
 5.357	 2.662
 5.362	 2.614
 5.368	 2.607
 5.374	 2.595
 5.379	 2.625
 5.385	 2.654
 5.390	 2.656
 5.396	 2.608
 5.401	 2.642
 5.407	 2.605
 5.413	 2.596
 5.418	 2.592
 5.424	 2.591
 5.430	 2.610
 5.435	 2.609
 5.441	 2.568
 5.447	 2.617
 5.453	 2.589
 5.458	 2.559
 5.464	 2.546
 5.470	 2.592
 5.476	 2.576
 5.481	 2.589
 5.487	 2.564
 5.493	 2.561
 5.499	 2.525
 5.505	 2.544
 5.511	 2.532
 5.516	 2.554
 5.522	 2.548
 5.528	 2.549
 5.534	 2.527
 5.540	 2.552
 5.546	 2.520
 5.552	 2.497
 5.558	 2.506
 5.564	 2.540
 5.570	 2.527
 5.576	 2.556
 5.582	 2.498
 5.588	 2.467
 5.594	 2.448
 5.600	 2.488
 5.606	 2.492
 5.612	 2.499
 5.618	 2.436
 5.624	 2.452
 5.630	 2.466
 5.636	 2.433
 5.642	 2.376
 5.649	 2.405
 5.655	 2.356
 5.661	 2.381
 5.667	 2.418
 5.673	 2.425
 5.680	 2.374
 5.686	 2.349
 5.692	 2.275
 5.698	 2.255
 5.705	 2.240
 5.711	 2.253
 5.717	 2.193
 5.723	 2.140
 5.730	 2.040
 5.736	 2.017
 5.742	 2.010
 5.749	 2.072
 5.755	 2.133
 5.762	 2.283
 5.768	 2.359
 5.774	 2.423
 5.781	 2.449
 5.787	 2.515
 5.794	 2.523
 5.800	 2.520
 5.807	 2.495
 5.813	 2.527
 5.820	 2.518
 5.826	 2.541
 5.833	 2.580
 5.839	 2.650
 5.846	 2.647
 5.853	 2.659
 5.859	 2.626
 5.866	 2.686
 5.873	 2.700
 5.879	 2.709
 5.886	 2.659
 5.893	 2.678
 5.899	 2.693
 5.906	 2.736
 5.913	 2.705
 5.919	 2.723
 5.926	 2.741
 5.933	 2.759
 5.940	 2.697
 5.947	 2.713
 5.953	 2.737
 5.960	 2.783
 5.967	 2.746
 5.974	 2.745
 5.981	 2.694
 5.988	 2.743
 5.995	 2.790
 6.002	 2.813
 6.009	 2.777
 6.016	 2.794
 6.023	 2.763
 6.030	 2.804
 6.037	 2.800
 6.044	 2.820
 6.051	 2.813
 6.058	 2.825
 6.065	 2.804
 6.072	 2.804
 6.079	 2.750
 6.086	 2.808
 6.093	 2.828
 6.101	 2.805
 6.108	 2.756
 6.115	 2.836
 6.122	 2.826
 6.129	 2.870
 6.137	 2.870
 6.144	 2.925
 6.151	 2.879
 6.158	 2.857
 6.166	 2.861
 6.173	 2.933
 6.180	 2.927
 6.188	 2.954
 6.195	 2.903
 6.203	 2.939
 6.210	 2.895
 6.218	 2.857
 6.225	 2.807
 6.232	 2.843
 6.240	 2.834
 6.248	 2.883
 6.255	 2.857
 6.263	 2.902
 6.270	 2.893
 6.278	 2.908
 6.285	 2.893
 6.293	 2.919
 6.301	 2.861
 6.308	 2.833
 6.316	 2.796
 6.324	 2.861
 6.331	 2.844
 6.339	 2.841
 6.347	 2.779
 6.355	 2.790
 6.362	 2.787
 6.370	 2.842
 6.378	 2.810
 6.386	 2.809
 6.394	 2.799
 6.402	 2.845
 6.410	 2.811
 6.418	 2.848
 6.426	 2.820
 6.434	 2.813
 6.442	 2.759
 6.450	 2.794
 6.458	 2.776
 6.466	 2.799
 6.474	 2.738
 6.482	 2.776
 6.490	 2.785
 6.498	 2.815
 6.506	 2.734
 6.514	 2.735
 6.523	 2.739
 6.531	 2.774
 6.539	 2.698
 6.547	 2.672
 6.556	 2.637
 6.564	 2.633
 6.572	 2.587
 6.580	 2.616
 6.589	 2.625
 6.597	 2.676
 6.606	 2.657
 6.614	 2.705
 6.623	 2.687
 6.631	 2.703
 6.639	 2.645
 6.648	 2.699
 6.657	 2.706
 6.665	 2.740
 6.674	 2.689
 6.682	 2.709
 6.691	 2.670
 6.700	 2.699
 6.708	 2.671
 6.717	 2.649
 6.726	 2.596
 6.734	 2.623
 6.743	 2.589
 6.752	 2.593
 6.761	 2.523
 6.769	 2.545
 6.778	 2.618
 6.787	 2.831
 6.796	 2.808
 6.805	 2.723
 6.814	 2.634
 6.823	 2.717
 6.832	 2.919
 6.841	 3.102
 6.850	 2.992
 6.859	 2.935
 6.868	 2.857
 6.877	 2.861
 6.886	 2.814
 6.896	 2.840
 6.905	 2.832
 6.914	 2.890
 6.923	 2.827
 6.932	 2.831
 6.942	 2.811
 6.951	 2.867
 6.960	 2.814
 6.970	 2.852
 6.979	 2.847
 6.988	 2.865
 6.998	 2.807
 7.007	 2.839
 7.017	 2.812
 7.026	 2.876
 7.036	 2.870
 7.045	 2.905
 7.055	 2.851
 7.065	 2.842
 7.074	 2.800
 7.084	 2.885
 7.094	 2.866
 7.103	 2.841
 7.113	 2.761
 7.123	 2.792
 7.133	 2.785
 7.142	 2.817
 7.152	 2.787
 7.162	 2.823
 7.172	 2.763
 7.182	 2.805
 7.192	 2.764
 7.202	 2.807
 7.212	 2.801
 7.222	 2.806
 7.232	 2.749
 7.242	 2.788
 7.252	 2.777
 7.262	 2.801
 7.273	 2.732
 7.283	 2.749
 7.293	 2.732
 7.303	 2.744
 7.314	 2.662
 7.324	 2.721
 7.334	 2.744
 7.345	 2.744
 7.355	 2.690
 7.366	 2.761
 7.376	 2.725
 7.387	 2.765
 7.397	 2.753
 7.408	 2.767
 7.418	 2.721
 7.429	 2.805
 7.440	 2.758
 7.450	 2.759
 7.461	 2.733
 7.472	 2.799
 7.483	 2.746
 7.493	 2.757
 7.504	 2.706
 7.515	 2.710
 7.526	 2.688
 7.537	 2.735
 7.548	 2.668
 7.559	 2.725
 7.570	 2.705
 7.581	 2.709
 7.592	 2.690
 7.603	 2.763
 7.614	 2.698
 7.626	 2.716
 7.637	 2.668
 7.648	 2.671
 7.659	 2.666
 7.671	 2.730
 7.682	 2.702
 7.694	 2.739
 7.705	 2.652
 7.716	 2.699
 7.728	 2.670
 7.739	 2.708
 7.751	 2.687
 7.763	 2.741
 7.774	 2.666
 7.786	 2.706
 7.798	 2.642
 7.809	 2.632
 7.821	 2.591
 7.833	 2.673
 7.845	 2.625
 7.857	 2.676
 7.869	 2.639
 7.881	 2.693
 7.893	 2.655
 7.905	 2.665
 7.917	 2.571
 7.929	 2.638
 7.941	 2.629
 7.953	 2.670
 7.965	 2.631
 7.978	 2.716
 7.990	 2.696
 8.002	 2.760
 8.015	 2.713
 8.027	 2.778
 8.039	 2.700
 8.052	 2.734
 8.064	 2.707
 8.077	 2.777
 8.090	 2.753
 8.102	 2.859
 8.115	 2.817
 8.128	 2.808
 8.140	 2.733
 8.153	 2.847
 8.166	 2.798
 8.179	 2.854
 8.192	 2.795
 8.205	 2.877
 8.218	 2.798
 8.231	 2.868
 8.244	 2.883
 8.257	 3.015
 8.270	 2.969
 8.283	 2.959
 8.297	 2.830
 8.310	 2.892
 8.323	 2.851
 8.337	 2.957
 8.350	 2.928
 8.364	 2.983
 8.377	 2.942
 8.391	 2.974
 8.404	 2.882
 8.418	 2.974
 8.432	 2.991
 8.445	 3.105
 8.459	 3.025
 8.473	 3.071
 8.487	 3.038
 8.501	 3.146
 8.515	 3.146
 8.529	 3.293
 8.543	 3.228
 8.557	 3.297
 8.571	 3.279
 8.585	 3.422
 8.599	 3.316
 8.614	 3.368
 8.628	 3.338
 8.642	 3.393
 8.657	 3.316
 8.671	 3.449
 8.686	 3.455
 8.700	 3.511
 8.715	 3.384
 8.730	 3.416
 8.744	 3.360
 8.759	 3.505
 8.774	 3.524
 8.789	 3.649
 8.804	 3.576
 8.819	 3.636
 8.834	 3.499
 8.849	 3.485
 8.864	 3.416
 8.879	 3.519
 8.894	 3.379
 8.910	 3.394
 8.925	 3.289
 8.940	 3.314
 8.956	 3.203
 8.971	 3.249
 8.987	 3.169
 9.002	 3.308
 9.018	 3.279
 9.034	 3.344
 9.050	 3.208
 9.065	 3.292
 9.081	 3.253
 9.097	 3.366
 9.113	 3.316
 9.129	 3.379
 9.145	 3.220
 9.162	 3.302
 9.178	 3.276
 9.194	 3.400
 9.210	 3.351
 9.227	 3.440
 9.243	 3.328
 9.260	 3.354
 9.276	 3.191
 9.293	 3.248
 9.310	 3.191
 9.326	 3.275
 9.343	 3.124
 9.360	 3.166
 9.377	 2.983
 9.394	 3.014
 9.411	 3.002
 9.428	 3.152
 9.445	 3.055
 9.462	 3.163
 9.480	 3.046
 9.497	 3.089
 9.515	 3.054
 9.532	 3.226
 9.550	 3.151
 9.567	 3.185
 9.585	 3.086
 9.603	 3.184
 9.620	 3.080
 9.638	 3.141
 9.656	 3.023
 9.674	 3.125
 9.692	 3.041
 9.711	 3.124
 9.729	 3.057
 9.747	 3.127
 9.765	 3.050
 9.784	 3.180
 9.802	 3.098
 9.821	 3.316
 9.839	 3.304
 9.858	 3.268
 9.877	 3.138
 9.896	 3.252
 9.915	 3.226
 9.934	 3.384
 9.953	 3.347
 9.972	 3.445
 9.991	 3.397
10.010	 3.504
10.030	 3.446
10.049	 3.559
10.069	 3.460
10.088	 3.528
10.108	 3.505
10.128	 3.615
10.148	 3.534
10.167	 3.656
10.187	 3.598
10.207	 3.722
10.228	 3.672
10.248	 3.773
10.268	 3.728
10.289	 3.833
10.309	 3.768
10.330	 3.873
10.350	 3.765
10.371	 3.839
10.392	 3.809
10.412	 3.885
10.433	 3.765
10.454	 3.951
10.476	 3.932
10.497	 4.088
10.518	 3.969
10.539	 4.013
10.561	 3.969
10.582	 4.092
10.604	 3.992
10.626	 4.093
10.648	 3.970
10.670	 4.104
10.692	 4.051
10.714	 4.062
10.736	 3.928
10.758	 4.145
10.780	 4.122
10.803	 4.182
10.825	 4.099
10.848	 4.221
10.871	 4.157
10.894	 4.295
10.917	 4.115
10.940	 4.163
10.963	 4.139
10.986	 4.265
11.009	 4.129
11.033	 4.290
11.056	 4.301
11.080	 4.373
11.104	 4.230
11.127	 4.325
11.151	 4.210
11.175	 4.331
11.200	 4.253
11.224	 4.345
11.248	 4.219
11.273	 4.369
11.297	 4.299
11.322	 4.417
11.347	 4.319
11.372	 4.439
11.397	 4.335
11.422	 4.420
11.447	 4.295
11.472	 4.370
11.498	 4.301
11.523	 4.478
11.549	 4.381
11.575	 4.491
11.600	 4.335
11.626	 4.346
11.653	 4.285
11.679	 4.492
11.705	 4.325
11.732	 4.442
11.758	 4.328
11.785	 4.401
11.812	 4.336
11.839	 4.421
11.866	 4.318
11.893	 4.460
11.920	 4.276
11.948	 4.279
11.976	 4.131
12.003	 4.278
12.031	 4.226
12.059	 4.432
12.087	 4.239
12.115	 4.309
12.144	 4.216
12.172	 4.342
12.201	 4.133
12.230	 4.302
12.259	 4.249
12.288	 4.322
12.317	 4.172
12.346	 4.333
12.376	 4.210
12.405	 4.307
12.435	 4.163
12.465	 4.254
12.495	 4.026
12.525	 4.165
12.555	 4.100
12.586	 4.207
12.617	 3.971
12.647	 4.047
12.678	 3.886
12.709	 4.028
12.741	 3.950
12.772	 4.080
12.803	 3.867
12.835	 4.030
12.867	 3.832
12.899	 3.936
12.931	 3.736
12.964	 3.874
12.996	 3.635
13.029	 3.685
13.061	 3.558
13.094	 3.739
13.128	 3.549
13.161	 3.651
13.194	 3.505
13.228	 3.723
13.262	 3.525
13.296	 3.543
13.330	 3.234
13.364	 3.402
13.399	 3.289
13.434	 3.464
13.469	 3.255
13.504	 3.295
13.539	 3.053
13.574	 3.203
13.610	 3.016
13.646	 3.195
13.682	 3.114
13.718	 3.306
13.754	 3.023
13.791	 3.167
13.828	 3.052
13.865	 3.413
13.902	 3.433
13.939	 3.633
13.977	 3.269
14.015	 3.315
14.053	 3.074
14.091	 3.262
14.129	 3.091
14.168	 3.222
14.207	 2.997
14.246	 3.235
14.285	 2.949
14.324	 3.046
14.364	 2.828
14.404	 3.154
14.444	 2.903
14.484	 2.996
14.525	 2.667
14.566	 2.997
14.607	 2.800
14.648	 3.180
14.690	 2.903
14.731	 3.093
14.773	 2.673
14.815	 2.828
14.858	 2.537
14.901	 2.993
14.944	 2.862
14.987	 3.112
15.030	 2.503
15.074	 2.780
15.118	 2.243
15.162	 2.595
15.206	 2.240
15.251	 2.708
15.296	 2.315
15.341	 2.514
15.387	 0.000
