Name: Aloe bainesii
Type: vegetation
Class: Tree
Genus: Aloe
Species: bainesii
Sample No.: JPL059
Owner: JPL
Wavelength Range: All
Origin: 34.12725; - 118.11075; WGS84
Collection Date: 2/2/2016
Description: Samples were collected at the Huntington Garden in San Marino California as part of a JPL Subcontract studying HyTES imagery. Samples were taken to JPL and processed within 48 hours of collection. The same leaves were processed in the Nicolet and then measured using the ASD.
Measurement: Bidirectional and directional hemispherical reflectance
First Column: X
Second Column: Y
X Units: Wavelength (micrometer)
Y Units: Reflectance (percentage)
First X Value: 0.35
Last X Value: 15.3869
Number of X Values: 3889
Additional Information: jpl.asdnicolet.vegetation.tree.aloe.bainesii.jpl059.ancillary.txt

 0.350	 4.109
 0.351	 1.763
 0.352	 1.616
 0.353	 2.855
 0.354	 3.649
 0.355	 2.677
 0.356	 3.614
 0.357	 4.930
 0.358	 3.423
 0.359	 2.502
 0.360	 2.593
 0.361	 3.198
 0.362	 3.219
 0.363	 2.818
 0.364	 2.385
 0.365	 2.379
 0.366	 3.251
 0.367	 3.321
 0.368	 2.637
 0.369	 2.434
 0.370	 2.879
 0.371	 3.364
 0.372	 3.470
 0.373	 3.240
 0.374	 2.651
 0.375	 2.407
 0.376	 2.952
 0.377	 2.686
 0.378	 2.238
 0.379	 2.150
 0.380	 2.711
 0.381	 2.870
 0.382	 2.827
 0.383	 2.821
 0.384	 2.662
 0.385	 2.546
 0.386	 2.411
 0.387	 2.231
 0.388	 2.860
 0.389	 2.948
 0.390	 2.385
 0.391	 2.387
 0.392	 2.388
 0.393	 2.449
 0.394	 2.609
 0.395	 2.517
 0.396	 2.801
 0.397	 3.177
 0.398	 3.027
 0.399	 2.459
 0.400	 2.403
 0.401	 2.892
 0.402	 2.770
 0.403	 2.632
 0.404	 2.809
 0.405	 3.224
 0.406	 2.602
 0.407	 2.609
 0.408	 3.186
 0.409	 3.193
 0.410	 2.962
 0.411	 3.053
 0.412	 3.469
 0.413	 3.168
 0.414	 2.960
 0.415	 3.031
 0.416	 3.267
 0.417	 3.145
 0.418	 3.099
 0.419	 3.225
 0.420	 3.273
 0.421	 3.240
 0.422	 3.218
 0.423	 3.259
 0.424	 3.265
 0.425	 3.272
 0.426	 3.319
 0.427	 3.417
 0.428	 3.375
 0.429	 3.383
 0.430	 3.508
 0.431	 3.618
 0.432	 3.643
 0.433	 3.688
 0.434	 3.820
 0.435	 3.757
 0.436	 3.752
 0.437	 3.832
 0.438	 3.854
 0.439	 3.787
 0.440	 3.808
 0.441	 3.987
 0.442	 4.102
 0.443	 4.131
 0.444	 4.131
 0.445	 4.182
 0.446	 4.216
 0.447	 4.175
 0.448	 4.127
 0.449	 4.283
 0.450	 4.344
 0.451	 4.373
 0.452	 4.463
 0.453	 4.505
 0.454	 4.531
 0.455	 4.535
 0.456	 4.502
 0.457	 4.532
 0.458	 4.586
 0.459	 4.627
 0.460	 4.664
 0.461	 4.692
 0.462	 4.727
 0.463	 4.772
 0.464	 4.759
 0.465	 4.792
 0.466	 4.887
 0.467	 4.956
 0.468	 4.904
 0.469	 4.831
 0.470	 4.837
 0.471	 4.904
 0.472	 4.924
 0.473	 4.901
 0.474	 4.904
 0.475	 4.965
 0.476	 5.004
 0.477	 5.004
 0.478	 5.070
 0.479	 5.049
 0.480	 5.031
 0.481	 5.124
 0.482	 5.197
 0.483	 5.191
 0.484	 5.125
 0.485	 5.080
 0.486	 5.101
 0.487	 5.139
 0.488	 5.159
 0.489	 5.210
 0.490	 5.265
 0.491	 5.286
 0.492	 5.252
 0.493	 5.321
 0.494	 5.357
 0.495	 5.331
 0.496	 5.411
 0.497	 5.473
 0.498	 5.492
 0.499	 5.496
 0.500	 5.589
 0.501	 5.653
 0.502	 5.699
 0.503	 5.839
 0.504	 5.890
 0.505	 5.926
 0.506	 6.016
 0.507	 6.105
 0.508	 6.201
 0.509	 6.315
 0.510	 6.450
 0.511	 6.593
 0.512	 6.709
 0.513	 6.815
 0.514	 6.988
 0.515	 7.155
 0.516	 7.338
 0.517	 7.559
 0.518	 7.775
 0.519	 7.966
 0.520	 8.157
 0.521	 8.399
 0.522	 8.617
 0.523	 8.813
 0.524	 9.007
 0.525	 9.245
 0.526	 9.460
 0.527	 9.667
 0.528	 9.896
 0.529	10.090
 0.530	10.257
 0.531	10.417
 0.532	10.598
 0.533	10.756
 0.534	10.901
 0.535	11.049
 0.536	11.170
 0.537	11.278
 0.538	11.377
 0.539	11.465
 0.540	11.584
 0.541	11.700
 0.542	11.789
 0.543	11.867
 0.544	11.934
 0.545	12.000
 0.546	12.075
 0.547	12.124
 0.548	12.177
 0.549	12.242
 0.550	12.302
 0.551	12.322
 0.552	12.327
 0.553	12.346
 0.554	12.372
 0.555	12.373
 0.556	12.352
 0.557	12.336
 0.558	12.294
 0.559	12.232
 0.560	12.164
 0.561	12.104
 0.562	12.036
 0.563	11.954
 0.564	11.862
 0.565	11.775
 0.566	11.687
 0.567	11.581
 0.568	11.427
 0.569	11.271
 0.570	11.140
 0.571	11.040
 0.572	10.926
 0.573	10.800
 0.574	10.673
 0.575	10.558
 0.576	10.454
 0.577	10.372
 0.578	10.314
 0.579	10.256
 0.580	10.185
 0.581	10.111
 0.582	10.050
 0.583	 9.974
 0.584	 9.897
 0.585	 9.823
 0.586	 9.747
 0.587	 9.705
 0.588	 9.673
 0.589	 9.623
 0.590	 9.568
 0.591	 9.542
 0.592	 9.531
 0.593	 9.497
 0.594	 9.446
 0.595	 9.414
 0.596	 9.410
 0.597	 9.387
 0.598	 9.341
 0.599	 9.305
 0.600	 9.306
 0.601	 9.241
 0.602	 9.212
 0.603	 9.219
 0.604	 9.155
 0.605	 9.084
 0.606	 9.023
 0.607	 8.977
 0.608	 8.945
 0.609	 8.890
 0.610	 8.813
 0.611	 8.734
 0.612	 8.663
 0.613	 8.603
 0.614	 8.545
 0.615	 8.459
 0.616	 8.372
 0.617	 8.307
 0.618	 8.270
 0.619	 8.206
 0.620	 8.146
 0.621	 8.106
 0.622	 8.089
 0.623	 8.067
 0.624	 8.045
 0.625	 8.025
 0.626	 7.979
 0.627	 7.966
 0.628	 7.978
 0.629	 7.981
 0.630	 7.958
 0.631	 7.954
 0.632	 7.965
 0.633	 7.932
 0.634	 7.899
 0.635	 7.870
 0.636	 7.837
 0.637	 7.787
 0.638	 7.723
 0.639	 7.636
 0.640	 7.525
 0.641	 7.456
 0.642	 7.406
 0.643	 7.340
 0.644	 7.211
 0.645	 7.102
 0.646	 7.016
 0.647	 6.942
 0.648	 6.907
 0.649	 6.862
 0.650	 6.800
 0.651	 6.746
 0.652	 6.718
 0.653	 6.695
 0.654	 6.659
 0.655	 6.620
 0.656	 6.584
 0.657	 6.552
 0.658	 6.519
 0.659	 6.451
 0.660	 6.379
 0.661	 6.323
 0.662	 6.286
 0.663	 6.232
 0.664	 6.169
 0.665	 6.115
 0.666	 6.076
 0.667	 6.049
 0.668	 6.030
 0.669	 6.017
 0.670	 6.009
 0.671	 6.000
 0.672	 5.999
 0.673	 6.042
 0.674	 6.059
 0.675	 6.084
 0.676	 6.148
 0.677	 6.178
 0.678	 6.228
 0.679	 6.311
 0.680	 6.403
 0.681	 6.488
 0.682	 6.584
 0.683	 6.700
 0.684	 6.814
 0.685	 6.982
 0.686	 7.183
 0.687	 7.388
 0.688	 7.638
 0.689	 7.930
 0.690	 8.276
 0.691	 8.699
 0.692	 9.193
 0.693	 9.754
 0.694	10.390
 0.695	11.120
 0.696	11.923
 0.697	12.789
 0.698	13.706
 0.699	14.683
 0.700	15.703
 0.701	16.759
 0.702	17.852
 0.703	18.961
 0.704	20.091
 0.705	21.234
 0.706	22.351
 0.707	23.480
 0.708	24.639
 0.709	25.824
 0.710	26.964
 0.711	28.109
 0.712	29.285
 0.713	30.497
 0.714	31.705
 0.715	32.911
 0.716	34.123
 0.717	35.346
 0.718	36.550
 0.719	37.746
 0.720	38.959
 0.721	40.148
 0.722	41.297
 0.723	42.423
 0.724	43.570
 0.725	44.683
 0.726	45.766
 0.727	46.815
 0.728	47.773
 0.729	48.719
 0.730	49.639
 0.731	50.483
 0.732	51.288
 0.733	52.055
 0.734	52.783
 0.735	53.472
 0.736	54.121
 0.737	54.724
 0.738	55.285
 0.739	55.842
 0.740	56.345
 0.741	56.799
 0.742	57.230
 0.743	57.632
 0.744	57.995
 0.745	58.315
 0.746	58.596
 0.747	58.878
 0.748	59.125
 0.749	59.322
 0.750	59.526
 0.751	59.706
 0.752	59.868
 0.753	60.019
 0.754	60.107
 0.755	60.210
 0.756	60.338
 0.757	60.441
 0.758	60.511
 0.759	60.578
 0.760	60.654
 0.761	60.715
 0.762	60.750
 0.763	60.788
 0.764	60.850
 0.765	60.876
 0.766	60.887
 0.767	60.907
 0.768	60.945
 0.769	60.950
 0.770	60.985
 0.771	61.053
 0.772	61.061
 0.773	61.052
 0.774	61.044
 0.775	61.059
 0.776	61.124
 0.777	61.163
 0.778	61.161
 0.779	61.148
 0.780	61.209
 0.781	61.262
 0.782	61.272
 0.783	61.265
 0.784	61.304
 0.785	61.365
 0.786	61.408
 0.787	61.393
 0.788	61.414
 0.789	61.442
 0.790	61.431
 0.791	61.439
 0.792	61.472
 0.793	61.525
 0.794	61.580
 0.795	61.588
 0.796	61.579
 0.797	61.588
 0.798	61.640
 0.799	61.668
 0.800	61.692
 0.801	61.730
 0.802	61.732
 0.803	61.729
 0.804	61.725
 0.805	61.720
 0.806	61.750
 0.807	61.766
 0.808	61.758
 0.809	61.756
 0.810	61.799
 0.811	61.830
 0.812	61.810
 0.813	61.761
 0.814	61.776
 0.815	61.786
 0.816	61.732
 0.817	61.724
 0.818	61.717
 0.819	61.698
 0.820	61.675
 0.821	61.647
 0.822	61.635
 0.823	61.629
 0.824	61.597
 0.825	61.517
 0.826	61.441
 0.827	61.393
 0.828	61.330
 0.829	61.278
 0.830	61.211
 0.831	61.110
 0.832	61.009
 0.833	60.967
 0.834	60.960
 0.835	60.923
 0.836	60.826
 0.837	60.795
 0.838	60.811
 0.839	60.750
 0.840	60.726
 0.841	60.724
 0.842	60.717
 0.843	60.692
 0.844	60.686
 0.845	60.691
 0.846	60.689
 0.847	60.671
 0.848	60.638
 0.849	60.606
 0.850	60.593
 0.851	60.610
 0.852	60.621
 0.853	60.618
 0.854	60.604
 0.855	60.570
 0.856	60.559
 0.857	60.578
 0.858	60.595
 0.859	60.562
 0.860	60.521
 0.861	60.501
 0.862	60.485
 0.863	60.526
 0.864	60.548
 0.865	60.497
 0.866	60.456
 0.867	60.439
 0.868	60.447
 0.869	60.469
 0.870	60.453
 0.871	60.431
 0.872	60.417
 0.873	60.409
 0.874	60.367
 0.875	60.351
 0.876	60.354
 0.877	60.311
 0.878	60.267
 0.879	60.257
 0.880	60.259
 0.881	60.185
 0.882	60.092
 0.883	60.059
 0.884	60.094
 0.885	60.051
 0.886	59.994
 0.887	59.962
 0.888	59.963
 0.889	59.913
 0.890	59.882
 0.891	59.853
 0.892	59.788
 0.893	59.755
 0.894	59.705
 0.895	59.645
 0.896	59.617
 0.897	59.614
 0.898	59.609
 0.899	59.581
 0.900	59.518
 0.901	59.422
 0.902	59.367
 0.903	59.375
 0.904	59.381
 0.905	59.318
 0.906	59.221
 0.907	59.142
 0.908	59.111
 0.909	59.070
 0.910	59.009
 0.911	58.923
 0.912	58.780
 0.913	58.730
 0.914	58.704
 0.915	58.610
 0.916	58.532
 0.917	58.472
 0.918	58.391
 0.919	58.250
 0.920	58.088
 0.921	57.896
 0.922	57.741
 0.923	57.683
 0.924	57.498
 0.925	57.275
 0.926	57.068
 0.927	56.875
 0.928	56.623
 0.929	56.368
 0.930	56.141
 0.931	55.929
 0.932	55.682
 0.933	55.421
 0.934	55.141
 0.935	54.803
 0.936	54.487
 0.937	54.227
 0.938	53.990
 0.939	53.681
 0.940	53.357
 0.941	53.021
 0.942	52.659
 0.943	52.243
 0.944	51.849
 0.945	51.468
 0.946	51.075
 0.947	50.659
 0.948	50.222
 0.949	49.742
 0.950	49.241
 0.951	48.844
 0.952	48.342
 0.953	47.814
 0.954	47.353
 0.955	46.824
 0.956	46.366
 0.957	45.972
 0.958	45.604
 0.959	45.294
 0.960	44.991
 0.961	44.726
 0.962	44.522
 0.963	44.255
 0.964	44.038
 0.965	43.899
 0.966	43.814
 0.967	43.719
 0.968	43.637
 0.969	43.548
 0.970	43.438
 0.971	43.393
 0.972	43.322
 0.973	43.230
 0.974	43.171
 0.975	43.152
 0.976	43.114
 0.977	43.073
 0.978	43.067
 0.979	43.042
 0.980	43.016
 0.981	43.085
 0.982	43.279
 0.983	43.159
 0.984	43.164
 0.985	43.288
 0.986	43.333
 0.987	43.461
 0.988	43.556
 0.989	43.635
 0.990	43.748
 0.991	43.748
 0.992	43.809
 0.993	43.939
 0.994	44.060
 0.995	44.149
 0.996	44.235
 0.997	44.355
 0.998	44.513
 0.999	44.586
 1.000	44.595
 1.001	44.950
 1.002	45.127
 1.003	45.303
 1.004	45.511
 1.005	45.680
 1.006	45.818
 1.007	45.976
 1.008	46.130
 1.009	46.261
 1.010	46.434
 1.011	46.626
 1.012	46.816
 1.013	47.051
 1.014	47.254
 1.015	47.440
 1.016	47.623
 1.017	47.818
 1.018	47.957
 1.019	48.142
 1.020	48.336
 1.021	48.506
 1.022	48.722
 1.023	48.933
 1.024	49.150
 1.025	49.365
 1.026	49.609
 1.027	49.807
 1.028	49.963
 1.029	50.152
 1.030	50.343
 1.031	50.529
 1.032	50.733
 1.033	50.922
 1.034	51.099
 1.035	51.244
 1.036	51.389
 1.037	51.580
 1.038	51.755
 1.039	51.944
 1.040	52.104
 1.041	52.248
 1.042	52.397
 1.043	52.535
 1.044	52.673
 1.045	52.814
 1.046	52.958
 1.047	53.094
 1.048	53.228
 1.049	53.370
 1.050	53.510
 1.051	53.656
 1.052	53.792
 1.053	53.902
 1.054	54.006
 1.055	54.099
 1.056	54.152
 1.057	54.232
 1.058	54.319
 1.059	54.410
 1.060	54.511
 1.061	54.603
 1.062	54.722
 1.063	54.793
 1.064	54.832
 1.065	54.873
 1.066	54.876
 1.067	54.896
 1.068	54.921
 1.069	54.955
 1.070	54.979
 1.071	55.001
 1.072	55.022
 1.073	55.049
 1.074	55.050
 1.075	55.042
 1.076	55.029
 1.077	55.012
 1.078	54.969
 1.079	54.899
 1.080	54.850
 1.081	54.777
 1.082	54.727
 1.083	54.740
 1.084	54.697
 1.085	54.621
 1.086	54.547
 1.087	54.471
 1.088	54.374
 1.089	54.277
 1.090	54.191
 1.091	54.086
 1.092	53.953
 1.093	53.838
 1.094	53.731
 1.095	53.621
 1.096	53.520
 1.097	53.402
 1.098	53.275
 1.099	53.147
 1.100	53.002
 1.101	52.868
 1.102	52.740
 1.103	52.621
 1.104	52.480
 1.105	52.340
 1.106	52.209
 1.107	52.077
 1.108	51.940
 1.109	51.814
 1.110	51.676
 1.111	51.525
 1.112	51.373
 1.113	51.227
 1.114	51.068
 1.115	50.903
 1.116	50.725
 1.117	50.561
 1.118	50.352
 1.119	50.108
 1.120	49.853
 1.121	49.611
 1.122	49.330
 1.123	49.035
 1.124	48.760
 1.125	48.426
 1.126	48.055
 1.127	47.649
 1.128	47.219
 1.129	46.741
 1.130	46.219
 1.131	45.663
 1.132	45.062
 1.133	44.451
 1.134	43.802
 1.135	43.149
 1.136	42.487
 1.137	41.800
 1.138	41.113
 1.139	40.412
 1.140	39.710
 1.141	39.016
 1.142	38.320
 1.143	37.642
 1.144	36.992
 1.145	36.348
 1.146	35.761
 1.147	35.204
 1.148	34.690
 1.149	34.227
 1.150	33.781
 1.151	33.361
 1.152	32.978
 1.153	32.622
 1.154	32.299
 1.155	32.010
 1.156	31.758
 1.157	31.532
 1.158	31.332
 1.159	31.157
 1.160	30.996
 1.161	30.839
 1.162	30.703
 1.163	30.584
 1.164	30.470
 1.165	30.367
 1.166	30.279
 1.167	30.190
 1.168	30.101
 1.169	30.023
 1.170	29.956
 1.171	29.885
 1.172	29.822
 1.173	29.758
 1.174	29.693
 1.175	29.626
 1.176	29.560
 1.177	29.500
 1.178	29.438
 1.179	29.377
 1.180	29.319
 1.181	29.254
 1.182	29.195
 1.183	29.138
 1.184	29.084
 1.185	29.035
 1.186	28.978
 1.187	28.916
 1.188	28.861
 1.189	28.803
 1.190	28.756
 1.191	28.720
 1.192	28.676
 1.193	28.629
 1.194	28.586
 1.195	28.536
 1.196	28.500
 1.197	28.472
 1.198	28.455
 1.199	28.452
 1.200	28.446
 1.201	28.448
 1.202	28.446
 1.203	28.432
 1.204	28.436
 1.205	28.447
 1.206	28.460
 1.207	28.485
 1.208	28.503
 1.209	28.520
 1.210	28.547
 1.211	28.573
 1.212	28.596
 1.213	28.633
 1.214	28.672
 1.215	28.725
 1.216	28.794
 1.217	28.867
 1.218	28.938
 1.219	29.009
 1.220	29.071
 1.221	29.139
 1.222	29.212
 1.223	29.288
 1.224	29.374
 1.225	29.458
 1.226	29.544
 1.227	29.627
 1.228	29.701
 1.229	29.776
 1.230	29.846
 1.231	29.904
 1.232	29.963
 1.233	30.022
 1.234	30.082
 1.235	30.146
 1.236	30.211
 1.237	30.276
 1.238	30.336
 1.239	30.400
 1.240	30.455
 1.241	30.504
 1.242	30.553
 1.243	30.609
 1.244	30.664
 1.245	30.721
 1.246	30.777
 1.247	30.822
 1.248	30.867
 1.249	30.914
 1.250	30.967
 1.251	31.016
 1.252	31.051
 1.253	31.088
 1.254	31.123
 1.255	31.161
 1.256	31.211
 1.257	31.257
 1.258	31.298
 1.259	31.332
 1.260	31.358
 1.261	31.380
 1.262	31.397
 1.263	31.413
 1.264	31.420
 1.265	31.429
 1.266	31.431
 1.267	31.426
 1.268	31.425
 1.269	31.412
 1.270	31.393
 1.271	31.369
 1.272	31.346
 1.273	31.329
 1.274	31.302
 1.275	31.276
 1.276	31.236
 1.277	31.179
 1.278	31.130
 1.279	31.080
 1.280	31.025
 1.281	30.971
 1.282	30.911
 1.283	30.846
 1.284	30.781
 1.285	30.715
 1.286	30.640
 1.287	30.558
 1.288	30.473
 1.289	30.378
 1.290	30.274
 1.291	30.170
 1.292	30.054
 1.293	29.936
 1.294	29.808
 1.295	29.670
 1.296	29.542
 1.297	29.397
 1.298	29.254
 1.299	29.113
 1.300	28.956
 1.301	28.802
 1.302	28.643
 1.303	28.481
 1.304	28.312
 1.305	28.134
 1.306	27.954
 1.307	27.764
 1.308	27.568
 1.309	27.369
 1.310	27.168
 1.311	26.961
 1.312	26.749
 1.313	26.534
 1.314	26.314
 1.315	26.090
 1.316	25.859
 1.317	25.626
 1.318	25.386
 1.319	25.138
 1.320	24.889
 1.321	24.636
 1.322	24.391
 1.323	24.143
 1.324	23.896
 1.325	23.651
 1.326	23.405
 1.327	23.158
 1.328	22.908
 1.329	22.658
 1.330	22.407
 1.331	22.154
 1.332	21.908
 1.333	21.666
 1.334	21.429
 1.335	21.188
 1.336	20.950
 1.337	20.719
 1.338	20.493
 1.339	20.278
 1.340	20.064
 1.341	19.859
 1.342	19.655
 1.343	19.451
 1.344	19.262
 1.345	19.075
 1.346	18.889
 1.347	18.713
 1.348	18.545
 1.349	18.380
 1.350	18.220
 1.351	18.064
 1.352	17.903
 1.353	17.749
 1.354	17.599
 1.355	17.445
 1.356	17.301
 1.357	17.151
 1.358	16.994
 1.359	16.840
 1.360	16.683
 1.361	16.525
 1.362	16.366
 1.363	16.199
 1.364	16.022
 1.365	15.846
 1.366	15.664
 1.367	15.478
 1.368	15.285
 1.369	15.076
 1.370	14.855
 1.371	14.629
 1.372	14.388
 1.373	14.134
 1.374	13.868
 1.375	13.590
 1.376	13.306
 1.377	13.015
 1.378	12.708
 1.379	12.391
 1.380	12.062
 1.381	11.724
 1.382	11.387
 1.383	11.048
 1.384	10.708
 1.385	10.362
 1.386	10.020
 1.387	 9.674
 1.388	 9.342
 1.389	 9.013
 1.390	 8.700
 1.391	 8.402
 1.392	 8.111
 1.393	 7.834
 1.394	 7.564
 1.395	 7.304
 1.396	 7.058
 1.397	 6.820
 1.398	 6.601
 1.399	 6.401
 1.400	 6.215
 1.401	 6.047
 1.402	 5.884
 1.403	 5.729
 1.404	 5.583
 1.405	 5.445
 1.406	 5.324
 1.407	 5.216
 1.408	 5.116
 1.409	 5.021
 1.410	 4.931
 1.411	 4.847
 1.412	 4.769
 1.413	 4.699
 1.414	 4.639
 1.415	 4.586
 1.416	 4.539
 1.417	 4.492
 1.418	 4.445
 1.419	 4.397
 1.420	 4.351
 1.421	 4.310
 1.422	 4.272
 1.423	 4.241
 1.424	 4.213
 1.425	 4.187
 1.426	 4.167
 1.427	 4.144
 1.428	 4.119
 1.429	 4.097
 1.430	 4.070
 1.431	 4.053
 1.432	 4.044
 1.433	 4.030
 1.434	 4.020
 1.435	 4.006
 1.436	 3.989
 1.437	 3.972
 1.438	 3.957
 1.439	 3.946
 1.440	 3.936
 1.441	 3.927
 1.442	 3.918
 1.443	 3.907
 1.444	 3.901
 1.445	 3.898
 1.446	 3.895
 1.447	 3.896
 1.448	 3.895
 1.449	 3.891
 1.450	 3.888
 1.451	 3.883
 1.452	 3.881
 1.453	 3.875
 1.454	 3.877
 1.455	 3.885
 1.456	 3.890
 1.457	 3.899
 1.458	 3.906
 1.459	 3.908
 1.460	 3.912
 1.461	 3.915
 1.462	 3.919
 1.463	 3.927
 1.464	 3.937
 1.465	 3.953
 1.466	 3.967
 1.467	 3.977
 1.468	 3.990
 1.469	 3.998
 1.470	 4.009
 1.471	 4.025
 1.472	 4.039
 1.473	 4.058
 1.474	 4.076
 1.475	 4.091
 1.476	 4.109
 1.477	 4.127
 1.478	 4.147
 1.479	 4.169
 1.480	 4.192
 1.481	 4.211
 1.482	 4.231
 1.483	 4.252
 1.484	 4.271
 1.485	 4.298
 1.486	 4.328
 1.487	 4.359
 1.488	 4.392
 1.489	 4.420
 1.490	 4.448
 1.491	 4.474
 1.492	 4.498
 1.493	 4.517
 1.494	 4.543
 1.495	 4.571
 1.496	 4.604
 1.497	 4.648
 1.498	 4.684
 1.499	 4.718
 1.500	 4.751
 1.501	 4.781
 1.502	 4.813
 1.503	 4.850
 1.504	 4.885
 1.505	 4.921
 1.506	 4.957
 1.507	 4.993
 1.508	 5.028
 1.509	 5.063
 1.510	 5.102
 1.511	 5.139
 1.512	 5.179
 1.513	 5.220
 1.514	 5.257
 1.515	 5.293
 1.516	 5.329
 1.517	 5.365
 1.518	 5.405
 1.519	 5.445
 1.520	 5.488
 1.521	 5.536
 1.522	 5.578
 1.523	 5.619
 1.524	 5.656
 1.525	 5.690
 1.526	 5.727
 1.527	 5.767
 1.528	 5.815
 1.529	 5.861
 1.530	 5.900
 1.531	 5.941
 1.532	 5.981
 1.533	 6.020
 1.534	 6.064
 1.535	 6.111
 1.536	 6.154
 1.537	 6.200
 1.538	 6.247
 1.539	 6.288
 1.540	 6.329
 1.541	 6.370
 1.542	 6.409
 1.543	 6.451
 1.544	 6.493
 1.545	 6.533
 1.546	 6.577
 1.547	 6.626
 1.548	 6.673
 1.549	 6.724
 1.550	 6.773
 1.551	 6.815
 1.552	 6.856
 1.553	 6.895
 1.554	 6.935
 1.555	 6.980
 1.556	 7.022
 1.557	 7.066
 1.558	 7.111
 1.559	 7.152
 1.560	 7.201
 1.561	 7.248
 1.562	 7.289
 1.563	 7.331
 1.564	 7.370
 1.565	 7.414
 1.566	 7.458
 1.567	 7.502
 1.568	 7.549
 1.569	 7.590
 1.570	 7.633
 1.571	 7.677
 1.572	 7.715
 1.573	 7.755
 1.574	 7.797
 1.575	 7.839
 1.576	 7.881
 1.577	 7.923
 1.578	 7.962
 1.579	 8.002
 1.580	 8.042
 1.581	 8.084
 1.582	 8.125
 1.583	 8.166
 1.584	 8.210
 1.585	 8.258
 1.586	 8.304
 1.587	 8.344
 1.588	 8.381
 1.589	 8.415
 1.590	 8.445
 1.591	 8.483
 1.592	 8.522
 1.593	 8.561
 1.594	 8.607
 1.595	 8.648
 1.596	 8.684
 1.597	 8.722
 1.598	 8.756
 1.599	 8.789
 1.600	 8.831
 1.601	 8.877
 1.602	 8.913
 1.603	 8.952
 1.604	 8.987
 1.605	 9.018
 1.606	 9.050
 1.607	 9.082
 1.608	 9.118
 1.609	 9.151
 1.610	 9.187
 1.611	 9.225
 1.612	 9.254
 1.613	 9.280
 1.614	 9.311
 1.615	 9.343
 1.616	 9.380
 1.617	 9.418
 1.618	 9.454
 1.619	 9.486
 1.620	 9.516
 1.621	 9.545
 1.622	 9.569
 1.623	 9.595
 1.624	 9.627
 1.625	 9.660
 1.626	 9.695
 1.627	 9.726
 1.628	 9.750
 1.629	 9.772
 1.630	 9.791
 1.631	 9.816
 1.632	 9.845
 1.633	 9.872
 1.634	 9.903
 1.635	 9.931
 1.636	 9.957
 1.637	 9.981
 1.638	10.002
 1.639	10.025
 1.640	10.049
 1.641	10.070
 1.642	10.092
 1.643	10.111
 1.644	10.124
 1.645	10.144
 1.646	10.163
 1.647	10.187
 1.648	10.201
 1.649	10.214
 1.650	10.232
 1.651	10.244
 1.652	10.263
 1.653	10.284
 1.654	10.298
 1.655	10.316
 1.656	10.329
 1.657	10.342
 1.658	10.361
 1.659	10.370
 1.660	10.379
 1.661	10.384
 1.662	10.385
 1.663	10.395
 1.664	10.404
 1.665	10.416
 1.666	10.423
 1.667	10.423
 1.668	10.427
 1.669	10.429
 1.670	10.434
 1.671	10.443
 1.672	10.449
 1.673	10.453
 1.674	10.452
 1.675	10.444
 1.676	10.438
 1.677	10.430
 1.678	10.421
 1.679	10.418
 1.680	10.405
 1.681	10.388
 1.682	10.365
 1.683	10.332
 1.684	10.309
 1.685	10.289
 1.686	10.274
 1.687	10.266
 1.688	10.249
 1.689	10.227
 1.690	10.203
 1.691	10.173
 1.692	10.147
 1.693	10.126
 1.694	10.098
 1.695	10.070
 1.696	10.038
 1.697	10.003
 1.698	 9.966
 1.699	 9.924
 1.700	 9.888
 1.701	 9.849
 1.702	 9.808
 1.703	 9.771
 1.704	 9.729
 1.705	 9.682
 1.706	 9.636
 1.707	 9.587
 1.708	 9.540
 1.709	 9.490
 1.710	 9.448
 1.711	 9.412
 1.712	 9.375
 1.713	 9.339
 1.714	 9.291
 1.715	 9.242
 1.716	 9.197
 1.717	 9.148
 1.718	 9.105
 1.719	 9.068
 1.720	 9.029
 1.721	 8.982
 1.722	 8.934
 1.723	 8.890
 1.724	 8.839
 1.725	 8.789
 1.726	 8.746
 1.727	 8.697
 1.728	 8.658
 1.729	 8.628
 1.730	 8.604
 1.731	 8.585
 1.732	 8.570
 1.733	 8.559
 1.734	 8.554
 1.735	 8.548
 1.736	 8.548
 1.737	 8.540
 1.738	 8.526
 1.739	 8.516
 1.740	 8.508
 1.741	 8.494
 1.742	 8.481
 1.743	 8.464
 1.744	 8.442
 1.745	 8.413
 1.746	 8.382
 1.747	 8.348
 1.748	 8.302
 1.749	 8.265
 1.750	 8.231
 1.751	 8.198
 1.752	 8.169
 1.753	 8.131
 1.754	 8.094
 1.755	 8.045
 1.756	 7.993
 1.757	 7.955
 1.758	 7.922
 1.759	 7.893
 1.760	 7.866
 1.761	 7.820
 1.762	 7.783
 1.763	 7.742
 1.764	 7.712
 1.765	 7.695
 1.766	 7.678
 1.767	 7.673
 1.768	 7.656
 1.769	 7.630
 1.770	 7.609
 1.771	 7.578
 1.772	 7.562
 1.773	 7.559
 1.774	 7.556
 1.775	 7.565
 1.776	 7.562
 1.777	 7.555
 1.778	 7.550
 1.779	 7.539
 1.780	 7.532
 1.781	 7.532
 1.782	 7.525
 1.783	 7.514
 1.784	 7.506
 1.785	 7.500
 1.786	 7.486
 1.787	 7.467
 1.788	 7.454
 1.789	 7.449
 1.790	 7.457
 1.791	 7.463
 1.792	 7.471
 1.793	 7.473
 1.794	 7.468
 1.795	 7.472
 1.796	 7.479
 1.797	 7.481
 1.798	 7.492
 1.799	 7.494
 1.800	 7.480
 1.801	 7.478
 1.802	 7.478
 1.803	 7.480
 1.804	 7.487
 1.805	 7.493
 1.806	 7.501
 1.807	 7.510
 1.808	 7.521
 1.809	 7.528
 1.810	 7.533
 1.811	 7.543
 1.812	 7.552
 1.813	 7.565
 1.814	 7.571
 1.815	 7.551
 1.816	 7.533
 1.817	 7.537
 1.818	 7.535
 1.819	 7.548
 1.820	 7.558
 1.821	 7.553
 1.822	 7.555
 1.823	 7.573
 1.824	 7.572
 1.825	 7.555
 1.826	 7.547
 1.827	 7.538
 1.828	 7.530
 1.829	 7.533
 1.830	 7.520
 1.831	 7.438
 1.832	 7.447
 1.833	 7.439
 1.834	 7.407
 1.835	 7.377
 1.836	 7.344
 1.837	 7.314
 1.838	 7.295
 1.839	 7.266
 1.840	 7.231
 1.841	 7.199
 1.842	 7.173
 1.843	 7.123
 1.844	 7.076
 1.845	 7.008
 1.846	 6.934
 1.847	 6.893
 1.848	 6.844
 1.849	 6.809
 1.850	 6.762
 1.851	 6.716
 1.852	 6.640
 1.853	 6.561
 1.854	 6.486
 1.855	 6.407
 1.856	 6.320
 1.857	 6.235
 1.858	 6.134
 1.859	 6.040
 1.860	 5.940
 1.861	 5.848
 1.862	 5.762
 1.863	 5.678
 1.864	 5.575
 1.865	 5.480
 1.866	 5.367
 1.867	 5.246
 1.868	 5.138
 1.869	 5.002
 1.870	 4.866
 1.871	 4.723
 1.872	 4.598
 1.873	 4.466
 1.874	 4.352
 1.875	 4.266
 1.876	 4.175
 1.877	 4.072
 1.878	 3.962
 1.879	 3.856
 1.880	 3.759
 1.881	 3.662
 1.882	 3.574
 1.883	 3.498
 1.884	 3.413
 1.885	 3.331
 1.886	 3.251
 1.887	 3.179
 1.888	 3.131
 1.889	 3.067
 1.890	 3.009
 1.891	 2.951
 1.892	 2.897
 1.893	 2.815
 1.894	 2.761
 1.895	 2.723
 1.896	 2.682
 1.897	 2.659
 1.898	 2.637
 1.899	 2.612
 1.900	 2.580
 1.901	 2.543
 1.902	 2.512
 1.903	 2.478
 1.904	 2.431
 1.905	 2.419
 1.906	 2.398
 1.907	 2.365
 1.908	 2.357
 1.909	 2.340
 1.910	 2.329
 1.911	 2.331
 1.912	 2.360
 1.913	 2.368
 1.914	 2.376
 1.915	 2.378
 1.916	 2.362
 1.917	 2.353
 1.918	 2.340
 1.919	 2.325
 1.920	 2.315
 1.921	 2.302
 1.922	 2.298
 1.923	 2.298
 1.924	 2.307
 1.925	 2.327
 1.926	 2.345
 1.927	 2.372
 1.928	 2.360
 1.929	 2.322
 1.930	 2.303
 1.931	 2.265
 1.932	 2.241
 1.933	 2.244
 1.934	 2.280
 1.935	 2.297
 1.936	 2.342
 1.937	 2.356
 1.938	 2.351
 1.939	 2.340
 1.940	 2.328
 1.941	 2.320
 1.942	 2.323
 1.943	 2.327
 1.944	 2.332
 1.945	 2.341
 1.946	 2.344
 1.947	 2.340
 1.948	 2.346
 1.949	 2.354
 1.950	 2.362
 1.951	 2.378
 1.952	 2.394
 1.953	 2.389
 1.954	 2.385
 1.955	 2.385
 1.956	 2.376
 1.957	 2.380
 1.958	 2.396
 1.959	 2.403
 1.960	 2.420
 1.961	 2.418
 1.962	 2.392
 1.963	 2.388
 1.964	 2.383
 1.965	 2.381
 1.966	 2.407
 1.967	 2.414
 1.968	 2.422
 1.969	 2.428
 1.970	 2.437
 1.971	 2.438
 1.972	 2.449
 1.973	 2.482
 1.974	 2.473
 1.975	 2.466
 1.976	 2.469
 1.977	 2.463
 1.978	 2.464
 1.979	 2.470
 1.980	 2.492
 1.981	 2.500
 1.982	 2.498
 1.983	 2.504
 1.984	 2.499
 1.985	 2.509
 1.986	 2.532
 1.987	 2.559
 1.988	 2.566
 1.989	 2.583
 1.990	 2.605
 1.991	 2.608
 1.992	 2.613
 1.993	 2.636
 1.994	 2.630
 1.995	 2.589
 1.996	 2.578
 1.997	 2.569
 1.998	 2.568
 1.999	 2.576
 2.000	 2.602
 2.001	 2.602
 2.002	 2.599
 2.003	 2.611
 2.004	 2.607
 2.005	 2.621
 2.006	 2.655
 2.007	 2.675
 2.008	 2.700
 2.009	 2.714
 2.010	 2.708
 2.011	 2.721
 2.012	 2.746
 2.013	 2.755
 2.014	 2.760
 2.015	 2.764
 2.016	 2.746
 2.017	 2.719
 2.018	 2.711
 2.019	 2.711
 2.020	 2.722
 2.021	 2.750
 2.022	 2.766
 2.023	 2.792
 2.024	 2.802
 2.025	 2.797
 2.026	 2.794
 2.027	 2.779
 2.028	 2.769
 2.029	 2.769
 2.030	 2.780
 2.031	 2.807
 2.032	 2.868
 2.033	 2.897
 2.034	 2.932
 2.035	 2.945
 2.036	 2.928
 2.037	 2.925
 2.038	 2.915
 2.039	 2.909
 2.040	 2.903
 2.041	 2.903
 2.042	 2.898
 2.043	 2.915
 2.044	 2.926
 2.045	 2.946
 2.046	 2.963
 2.047	 2.981
 2.048	 2.999
 2.049	 3.020
 2.050	 3.039
 2.051	 3.063
 2.052	 3.075
 2.053	 3.073
 2.054	 3.078
 2.055	 3.087
 2.056	 3.071
 2.057	 3.089
 2.058	 3.110
 2.059	 3.116
 2.060	 3.117
 2.061	 3.126
 2.062	 3.131
 2.063	 3.134
 2.064	 3.143
 2.065	 3.151
 2.066	 3.146
 2.067	 3.154
 2.068	 3.182
 2.069	 3.195
 2.070	 3.199
 2.071	 3.211
 2.072	 3.227
 2.073	 3.238
 2.074	 3.239
 2.075	 3.241
 2.076	 3.238
 2.077	 3.210
 2.078	 3.214
 2.079	 3.239
 2.080	 3.253
 2.081	 3.280
 2.082	 3.294
 2.083	 3.300
 2.084	 3.304
 2.085	 3.294
 2.086	 3.296
 2.087	 3.310
 2.088	 3.302
 2.089	 3.315
 2.090	 3.342
 2.091	 3.362
 2.092	 3.389
 2.093	 3.406
 2.094	 3.414
 2.095	 3.433
 2.096	 3.454
 2.097	 3.468
 2.098	 3.493
 2.099	 3.498
 2.100	 3.475
 2.101	 3.471
 2.102	 3.457
 2.103	 3.461
 2.104	 3.480
 2.105	 3.511
 2.106	 3.535
 2.107	 3.567
 2.108	 3.591
 2.109	 3.615
 2.110	 3.631
 2.111	 3.642
 2.112	 3.656
 2.113	 3.663
 2.114	 3.673
 2.115	 3.690
 2.116	 3.702
 2.117	 3.723
 2.118	 3.724
 2.119	 3.704
 2.120	 3.697
 2.121	 3.677
 2.122	 3.664
 2.123	 3.662
 2.124	 3.673
 2.125	 3.683
 2.126	 3.693
 2.127	 3.714
 2.128	 3.752
 2.129	 3.774
 2.130	 3.801
 2.131	 3.814
 2.132	 3.804
 2.133	 3.813
 2.134	 3.825
 2.135	 3.838
 2.136	 3.862
 2.137	 3.878
 2.138	 3.891
 2.139	 3.897
 2.140	 3.896
 2.141	 3.892
 2.142	 3.898
 2.143	 3.901
 2.144	 3.907
 2.145	 3.928
 2.146	 3.933
 2.147	 3.925
 2.148	 3.931
 2.149	 3.940
 2.150	 3.950
 2.151	 3.968
 2.152	 3.980
 2.153	 3.985
 2.154	 3.998
 2.155	 4.018
 2.156	 4.033
 2.157	 4.050
 2.158	 4.064
 2.159	 4.065
 2.160	 4.081
 2.161	 4.081
 2.162	 4.084
 2.163	 4.089
 2.164	 4.088
 2.165	 4.092
 2.166	 4.105
 2.167	 4.110
 2.168	 4.107
 2.169	 4.120
 2.170	 4.145
 2.171	 4.157
 2.172	 4.167
 2.173	 4.189
 2.174	 4.221
 2.175	 4.233
 2.176	 4.255
 2.177	 4.260
 2.178	 4.224
 2.179	 4.213
 2.180	 4.214
 2.181	 4.212
 2.182	 4.208
 2.183	 4.221
 2.184	 4.221
 2.185	 4.214
 2.186	 4.211
 2.187	 4.209
 2.188	 4.204
 2.189	 4.189
 2.190	 4.195
 2.191	 4.216
 2.192	 4.221
 2.193	 4.227
 2.194	 4.234
 2.195	 4.224
 2.196	 4.229
 2.197	 4.259
 2.198	 4.271
 2.199	 4.279
 2.200	 4.280
 2.201	 4.262
 2.202	 4.258
 2.203	 4.258
 2.204	 4.261
 2.205	 4.284
 2.206	 4.290
 2.207	 4.292
 2.208	 4.282
 2.209	 4.288
 2.210	 4.296
 2.211	 4.295
 2.212	 4.295
 2.213	 4.299
 2.214	 4.291
 2.215	 4.294
 2.216	 4.324
 2.217	 4.319
 2.218	 4.289
 2.219	 4.275
 2.220	 4.246
 2.221	 4.235
 2.222	 4.247
 2.223	 4.244
 2.224	 4.236
 2.225	 4.230
 2.226	 4.219
 2.227	 4.214
 2.228	 4.205
 2.229	 4.214
 2.230	 4.239
 2.231	 4.263
 2.232	 4.306
 2.233	 4.327
 2.234	 4.331
 2.235	 4.318
 2.236	 4.303
 2.237	 4.264
 2.238	 4.244
 2.239	 4.222
 2.240	 4.211
 2.241	 4.215
 2.242	 4.206
 2.243	 4.196
 2.244	 4.183
 2.245	 4.158
 2.246	 4.144
 2.247	 4.140
 2.248	 4.130
 2.249	 4.120
 2.250	 4.105
 2.251	 4.082
 2.252	 4.061
 2.253	 4.036
 2.254	 4.015
 2.255	 4.003
 2.256	 3.978
 2.257	 3.933
 2.258	 3.912
 2.259	 3.890
 2.260	 3.877
 2.261	 3.887
 2.262	 3.904
 2.263	 3.899
 2.264	 3.900
 2.265	 3.873
 2.266	 3.831
 2.267	 3.812
 2.268	 3.786
 2.269	 3.774
 2.270	 3.781
 2.271	 3.787
 2.272	 3.801
 2.273	 3.787
 2.274	 3.771
 2.275	 3.751
 2.276	 3.706
 2.277	 3.670
 2.278	 3.639
 2.279	 3.612
 2.280	 3.577
 2.281	 3.549
 2.282	 3.543
 2.283	 3.516
 2.284	 3.466
 2.285	 3.434
 2.286	 3.407
 2.287	 3.382
 2.288	 3.359
 2.289	 3.353
 2.290	 3.361
 2.291	 3.353
 2.292	 3.360
 2.293	 3.350
 2.294	 3.309
 2.295	 3.288
 2.296	 3.280
 2.297	 3.260
 2.298	 3.237
 2.299	 3.228
 2.300	 3.184
 2.301	 3.121
 2.302	 3.093
 2.303	 3.061
 2.304	 3.064
 2.305	 3.087
 2.306	 3.085
 2.307	 3.077
 2.308	 3.030
 2.309	 2.983
 2.310	 2.980
 2.311	 2.965
 2.312	 2.972
 2.313	 3.024
 2.314	 3.036
 2.315	 3.029
 2.316	 3.046
 2.317	 3.067
 2.318	 3.077
 2.319	 3.092
 2.320	 3.101
 2.321	 3.096
 2.322	 3.103
 2.323	 3.109
 2.324	 3.130
 2.325	 3.165
 2.326	 3.170
 2.327	 3.186
 2.328	 3.174
 2.329	 3.104
 2.330	 3.093
 2.331	 3.105
 2.332	 3.107
 2.333	 3.152
 2.334	 3.142
 2.335	 3.083
 2.336	 3.045
 2.337	 2.963
 2.338	 2.945
 2.339	 2.987
 2.340	 2.996
 2.341	 3.034
 2.342	 3.040
 2.343	 2.995
 2.344	 2.988
 2.345	 3.001
 2.346	 2.995
 2.347	 3.014
 2.348	 2.993
 2.349	 2.898
 2.350	 2.878
 2.351	 2.893
 2.352	 2.878
 2.353	 2.890
 2.354	 2.897
 2.355	 2.882
 2.356	 2.863
 2.357	 2.842
 2.358	 2.871
 2.359	 2.883
 2.360	 2.856
 2.361	 2.894
 2.362	 2.934
 2.363	 2.896
 2.364	 2.909
 2.365	 2.908
 2.366	 2.832
 2.367	 2.835
 2.368	 2.837
 2.369	 2.771
 2.370	 2.746
 2.371	 2.735
 2.372	 2.743
 2.373	 2.827
 2.374	 2.923
 2.375	 2.952
 2.376	 2.921
 2.377	 2.839
 2.378	 2.780
 2.379	 2.774
 2.380	 2.781
 2.381	 2.851
 2.382	 2.863
 2.383	 2.812
 2.384	 2.761
 2.385	 2.660
 2.386	 2.598
 2.387	 2.576
 2.388	 2.564
 2.389	 2.551
 2.390	 2.525
 2.391	 2.541
 2.392	 2.562
 2.393	 2.599
 2.394	 2.694
 2.395	 2.755
 2.396	 2.785
 2.397	 2.826
 2.398	 2.835
 2.399	 2.857
 2.400	 2.901
 2.401	 2.879
 2.402	 2.835
 2.403	 2.767
 2.404	 2.673
 2.405	 2.679
 2.406	 2.692
 2.407	 2.670
 2.408	 2.687
 2.409	 2.645
 2.410	 2.565
 2.411	 2.574
 2.412	 2.588
 2.413	 2.554
 2.414	 2.575
 2.415	 2.535
 2.416	 2.480
 2.417	 2.531
 2.418	 2.613
 2.419	 2.767
 2.420	 2.830
 2.421	 2.757
 2.422	 2.650
 2.423	 2.465
 2.424	 2.325
 2.425	 2.241
 2.426	 2.199
 2.427	 2.205
 2.428	 2.180
 2.429	 2.241
 2.430	 2.298
 2.431	 2.320
 2.432	 2.400
 2.433	 2.428
 2.434	 2.443
 2.435	 2.435
 2.436	 2.473
 2.437	 2.548
 2.438	 2.560
 2.439	 2.617
 2.440	 2.617
 2.441	 2.644
 2.442	 2.672
 2.443	 2.458
 2.444	 2.305
 2.445	 2.258
 2.446	 2.192
 2.447	 2.398
 2.448	 2.622
 2.449	 2.581
 2.450	 2.494
 2.451	 2.426
 2.452	 2.396
 2.453	 2.416
 2.454	 2.575
 2.455	 2.756
 2.456	 2.752
 2.457	 2.684
 2.458	 2.623
 2.459	 2.500
 2.460	 2.502
 2.461	 2.556
 2.462	 2.514
 2.463	 2.510
 2.464	 2.451
 2.465	 2.509
 2.466	 2.604
 2.467	 2.684
 2.468	 2.804
 2.469	 2.751
 2.470	 2.694
 2.471	 2.455
 2.472	 2.418
 2.473	 2.539
 2.474	 2.573
 2.475	 2.760
 2.476	 2.776
 2.477	 2.575
 2.478	 2.451
 2.479	 2.277
 2.480	 2.181
 2.481	 2.120
 2.482	 2.165
 2.483	 2.194
 2.484	 2.308
 2.485	 2.424
 2.486	 2.597
 2.487	 2.705
 2.488	 2.533
 2.489	 2.209
 2.490	 1.825
 2.491	 1.487
 2.492	 1.297
 2.493	 1.307
 2.494	 1.292
 2.495	 1.487
 2.496	 1.936
 2.497	 2.413
 2.498	 3.126
 2.499	 3.494
 2.500	 3.350
 2.500	 1.722
 2.501	 1.731
 2.503	 1.712
 2.504	 1.697
 2.505	 1.651
 2.506	 1.664
 2.507	 1.647
 2.509	 1.647
 2.510	 1.644
 2.511	 1.622
 2.512	 1.599
 2.514	 1.653
 2.515	 1.626
 2.516	 1.581
 2.517	 1.575
 2.518	 1.661
 2.520	 1.710
 2.521	 1.706
 2.522	 1.621
 2.523	 1.633
 2.525	 1.617
 2.526	 1.642
 2.527	 1.647
 2.528	 1.700
 2.530	 1.694
 2.531	 1.699
 2.532	 1.657
 2.533	 1.617
 2.534	 1.605
 2.536	 1.726
 2.537	 1.691
 2.538	 1.604
 2.539	 1.592
 2.541	 1.669
 2.542	 1.740
 2.543	 1.793
 2.544	 1.696
 2.546	 1.593
 2.547	 1.599
 2.548	 1.613
 2.549	 1.597
 2.551	 1.602
 2.552	 1.630
 2.553	 1.647
 2.554	 1.620
 2.556	 1.654
 2.557	 1.658
 2.558	 1.626
 2.559	 1.597
 2.561	 1.668
 2.562	 1.734
 2.563	 1.765
 2.565	 1.675
 2.566	 1.634
 2.567	 1.647
 2.568	 1.714
 2.570	 1.747
 2.571	 1.729
 2.572	 1.695
 2.573	 1.746
 2.575	 1.773
 2.576	 1.754
 2.577	 1.699
 2.579	 1.684
 2.580	 1.692
 2.581	 1.749
 2.582	 1.738
 2.584	 1.677
 2.585	 1.616
 2.586	 1.631
 2.588	 1.596
 2.589	 1.666
 2.590	 1.700
 2.591	 1.712
 2.593	 1.668
 2.594	 1.668
 2.595	 1.648
 2.597	 1.707
 2.598	 1.746
 2.599	 1.719
 2.601	 1.704
 2.602	 1.759
 2.603	 1.706
 2.604	 1.744
 2.606	 1.734
 2.607	 1.691
 2.608	 1.676
 2.610	 1.724
 2.611	 1.701
 2.612	 1.639
 2.614	 1.629
 2.615	 1.683
 2.616	 1.654
 2.618	 1.643
 2.619	 1.653
 2.620	 1.646
 2.622	 1.643
 2.623	 1.679
 2.624	 1.683
 2.626	 1.723
 2.627	 1.700
 2.628	 1.730
 2.630	 1.712
 2.631	 1.660
 2.632	 1.581
 2.634	 1.645
 2.635	 1.676
 2.636	 1.695
 2.638	 1.707
 2.639	 1.722
 2.640	 1.688
 2.642	 1.690
 2.643	 1.654
 2.644	 1.607
 2.646	 1.598
 2.647	 1.637
 2.648	 1.657
 2.650	 1.675
 2.651	 1.650
 2.652	 1.689
 2.654	 1.670
 2.655	 1.657
 2.657	 1.643
 2.658	 1.658
 2.659	 1.603
 2.661	 1.613
 2.662	 1.606
 2.663	 1.619
 2.665	 1.614
 2.666	 1.641
 2.667	 1.615
 2.669	 1.635
 2.670	 1.636
 2.672	 1.678
 2.673	 1.694
 2.674	 1.717
 2.676	 1.715
 2.677	 1.716
 2.678	 1.657
 2.680	 1.675
 2.681	 1.680
 2.683	 1.619
 2.684	 1.602
 2.685	 1.649
 2.687	 1.632
 2.688	 1.601
 2.690	 1.604
 2.691	 1.664
 2.692	 1.650
 2.694	 1.650
 2.695	 1.607
 2.697	 1.580
 2.698	 1.577
 2.699	 1.665
 2.701	 1.639
 2.702	 1.577
 2.704	 1.539
 2.705	 1.519
 2.706	 1.484
 2.708	 1.535
 2.709	 1.571
 2.711	 1.598
 2.712	 1.597
 2.713	 1.633
 2.715	 1.538
 2.716	 1.501
 2.718	 1.485
 2.719	 1.515
 2.721	 1.498
 2.722	 1.481
 2.723	 1.473
 2.725	 1.478
 2.726	 1.461
 2.728	 1.481
 2.729	 1.437
 2.731	 1.442
 2.732	 1.478
 2.734	 1.558
 2.735	 1.500
 2.736	 1.554
 2.738	 1.596
 2.739	 1.479
 2.741	 1.320
 2.742	 1.381
 2.744	 1.439
 2.745	 1.438
 2.747	 1.394
 2.748	 1.430
 2.749	 1.422
 2.751	 1.423
 2.752	 1.410
 2.754	 1.370
 2.755	 1.347
 2.757	 1.427
 2.758	 1.499
 2.760	 1.563
 2.761	 1.433
 2.763	 1.363
 2.764	 1.408
 2.766	 1.441
 2.767	 1.425
 2.769	 1.499
 2.770	 1.530
 2.772	 1.552
 2.773	 1.423
 2.774	 1.331
 2.776	 1.325
 2.777	 1.415
 2.779	 1.428
 2.780	 1.441
 2.782	 1.431
 2.783	 1.540
 2.785	 1.478
 2.786	 1.413
 2.788	 1.379
 2.789	 1.425
 2.791	 1.416
 2.792	 1.413
 2.794	 1.454
 2.795	 1.482
 2.797	 1.412
 2.798	 1.433
 2.800	 1.438
 2.801	 1.464
 2.803	 1.438
 2.804	 1.501
 2.806	 1.460
 2.808	 1.439
 2.809	 1.456
 2.811	 1.470
 2.812	 1.397
 2.814	 1.395
 2.815	 1.380
 2.817	 1.329
 2.818	 1.314
 2.820	 1.381
 2.821	 1.375
 2.823	 1.393
 2.824	 1.381
 2.826	 1.457
 2.827	 1.442
 2.829	 1.389
 2.831	 1.397
 2.832	 1.431
 2.834	 1.393
 2.835	 1.397
 2.837	 1.362
 2.838	 1.366
 2.840	 1.342
 2.841	 1.355
 2.843	 1.382
 2.844	 1.433
 2.846	 1.413
 2.848	 1.459
 2.849	 1.467
 2.851	 1.469
 2.852	 1.421
 2.854	 1.447
 2.855	 1.472
 2.857	 1.454
 2.859	 1.348
 2.860	 1.392
 2.862	 1.449
 2.863	 1.432
 2.865	 1.369
 2.866	 1.445
 2.868	 1.513
 2.870	 1.547
 2.871	 1.496
 2.873	 1.470
 2.874	 1.425
 2.876	 1.421
 2.878	 1.437
 2.879	 1.441
 2.881	 1.412
 2.882	 1.417
 2.884	 1.365
 2.886	 1.343
 2.887	 1.368
 2.889	 1.464
 2.890	 1.492
 2.892	 1.510
 2.894	 1.423
 2.895	 1.442
 2.897	 1.442
 2.899	 1.517
 2.900	 1.490
 2.902	 1.384
 2.903	 1.334
 2.905	 1.447
 2.907	 1.447
 2.908	 1.442
 2.910	 1.414
 2.912	 1.487
 2.913	 1.465
 2.915	 1.490
 2.916	 1.501
 2.918	 1.477
 2.920	 1.463
 2.921	 1.477
 2.923	 1.412
 2.925	 1.452
 2.926	 1.482
 2.928	 1.575
 2.930	 1.507
 2.931	 1.433
 2.933	 1.446
 2.935	 1.459
 2.936	 1.446
 2.938	 1.516
 2.940	 1.462
 2.941	 1.466
 2.943	 1.454
 2.945	 1.463
 2.946	 1.470
 2.948	 1.444
 2.950	 1.434
 2.951	 1.494
 2.953	 1.506
 2.955	 1.506
 2.956	 1.463
 2.958	 1.466
 2.960	 1.436
 2.961	 1.491
 2.963	 1.524
 2.965	 1.577
 2.967	 1.582
 2.968	 1.550
 2.970	 1.461
 2.972	 1.446
 2.973	 1.441
 2.975	 1.503
 2.977	 1.530
 2.978	 1.478
 2.980	 1.458
 2.982	 1.534
 2.984	 1.480
 2.985	 1.509
 2.987	 1.500
 2.989	 1.477
 2.990	 1.408
 2.992	 1.427
 2.994	 1.440
 2.996	 1.445
 2.997	 1.427
 2.999	 1.486
 3.001	 1.476
 3.003	 1.524
 3.004	 1.519
 3.006	 1.512
 3.008	 1.477
 3.010	 1.539
 3.011	 1.524
 3.013	 1.442
 3.015	 1.365
 3.017	 1.403
 3.018	 1.379
 3.020	 1.398
 3.022	 1.437
 3.024	 1.476
 3.025	 1.464
 3.027	 1.487
 3.029	 1.518
 3.031	 1.501
 3.032	 1.459
 3.034	 1.545
 3.036	 1.589
 3.038	 1.611
 3.040	 1.529
 3.041	 1.487
 3.043	 1.483
 3.045	 1.419
 3.047	 1.372
 3.048	 1.470
 3.050	 1.468
 3.052	 1.500
 3.054	 1.496
 3.056	 1.502
 3.057	 1.491
 3.059	 1.520
 3.061	 1.524
 3.063	 1.525
 3.065	 1.486
 3.067	 1.492
 3.068	 1.470
 3.070	 1.465
 3.072	 1.387
 3.074	 1.402
 3.076	 1.433
 3.077	 1.468
 3.079	 1.477
 3.081	 1.491
 3.083	 1.466
 3.085	 1.494
 3.087	 1.445
 3.088	 1.424
 3.090	 1.456
 3.092	 1.532
 3.094	 1.502
 3.096	 1.458
 3.098	 1.439
 3.100	 1.454
 3.101	 1.480
 3.103	 1.526
 3.105	 1.485
 3.107	 1.482
 3.109	 1.471
 3.111	 1.518
 3.113	 1.523
 3.114	 1.491
 3.116	 1.510
 3.118	 1.554
 3.120	 1.484
 3.122	 1.455
 3.124	 1.400
 3.126	 1.420
 3.128	 1.437
 3.129	 1.509
 3.131	 1.513
 3.133	 1.452
 3.135	 1.346
 3.137	 1.379
 3.139	 1.435
 3.141	 1.482
 3.143	 1.446
 3.145	 1.470
 3.147	 1.433
 3.148	 1.451
 3.150	 1.437
 3.152	 1.478
 3.154	 1.495
 3.156	 1.508
 3.158	 1.468
 3.160	 1.444
 3.162	 1.459
 3.164	 1.516
 3.166	 1.487
 3.168	 1.445
 3.170	 1.363
 3.172	 1.345
 3.173	 1.359
 3.175	 1.390
 3.177	 1.378
 3.179	 1.419
 3.181	 1.430
 3.183	 1.462
 3.185	 1.426
 3.187	 1.464
 3.189	 1.496
 3.191	 1.451
 3.193	 1.398
 3.195	 1.451
 3.197	 1.468
 3.199	 1.469
 3.201	 1.446
 3.203	 1.405
 3.205	 1.380
 3.207	 1.422
 3.209	 1.416
 3.211	 1.446
 3.213	 1.453
 3.215	 1.461
 3.217	 1.420
 3.219	 1.404
 3.221	 1.427
 3.223	 1.524
 3.225	 1.519
 3.227	 1.481
 3.229	 1.411
 3.231	 1.400
 3.233	 1.380
 3.235	 1.358
 3.237	 1.362
 3.239	 1.428
 3.241	 1.405
 3.243	 1.383
 3.245	 1.379
 3.247	 1.446
 3.249	 1.480
 3.251	 1.452
 3.253	 1.388
 3.255	 1.400
 3.257	 1.396
 3.259	 1.387
 3.261	 1.393
 3.263	 1.407
 3.265	 1.378
 3.267	 1.441
 3.270	 1.462
 3.272	 1.452
 3.274	 1.418
 3.276	 1.428
 3.278	 1.412
 3.280	 1.386
 3.282	 1.388
 3.284	 1.379
 3.286	 1.377
 3.288	 1.404
 3.290	 1.398
 3.292	 1.404
 3.294	 1.415
 3.297	 1.417
 3.299	 1.387
 3.301	 1.381
 3.303	 1.360
 3.305	 1.380
 3.307	 1.375
 3.309	 1.359
 3.311	 1.353
 3.313	 1.384
 3.316	 1.370
 3.318	 1.354
 3.320	 1.318
 3.322	 1.351
 3.324	 1.378
 3.326	 1.355
 3.328	 1.360
 3.330	 1.376
 3.333	 1.334
 3.335	 1.360
 3.337	 1.380
 3.339	 1.375
 3.341	 1.326
 3.343	 1.348
 3.345	 1.321
 3.348	 1.320
 3.350	 1.319
 3.352	 1.326
 3.354	 1.312
 3.356	 1.291
 3.358	 1.283
 3.361	 1.296
 3.363	 1.273
 3.365	 1.293
 3.367	 1.309
 3.369	 1.293
 3.372	 1.278
 3.374	 1.306
 3.376	 1.318
 3.378	 1.326
 3.380	 1.268
 3.383	 1.245
 3.385	 1.255
 3.387	 1.251
 3.389	 1.222
 3.391	 1.229
 3.394	 1.182
 3.396	 1.234
 3.398	 1.200
 3.400	 1.152
 3.403	 1.131
 3.405	 1.092
 3.407	 1.095
 3.409	 1.150
 3.411	 1.179
 3.414	 1.220
 3.416	 1.218
 3.418	 1.300
 3.420	 1.485
 3.423	 1.711
 3.425	 2.009
 3.427	 2.406
 3.430	 2.663
 3.432	 2.686
 3.434	 2.492
 3.436	 2.320
 3.439	 2.152
 3.441	 2.046
 3.443	 1.985
 3.445	 1.947
 3.448	 1.930
 3.450	 1.937
 3.452	 1.859
 3.455	 1.852
 3.457	 1.862
 3.459	 1.825
 3.462	 1.753
 3.464	 1.760
 3.466	 1.729
 3.469	 1.718
 3.471	 1.684
 3.473	 1.641
 3.476	 1.572
 3.478	 1.575
 3.480	 1.580
 3.483	 1.573
 3.485	 1.570
 3.487	 1.538
 3.490	 1.569
 3.492	 1.581
 3.494	 1.469
 3.497	 1.431
 3.499	 1.441
 3.501	 1.493
 3.504	 1.484
 3.506	 1.612
 3.508	 2.023
 3.511	 2.505
 3.513	 2.588
 3.516	 2.409
 3.518	 2.221
 3.520	 2.125
 3.523	 1.990
 3.525	 1.928
 3.528	 1.861
 3.530	 1.863
 3.532	 1.839
 3.535	 1.799
 3.537	 1.769
 3.540	 1.772
 3.542	 1.737
 3.544	 1.706
 3.547	 1.705
 3.549	 1.703
 3.552	 1.691
 3.554	 1.705
 3.557	 1.710
 3.559	 1.720
 3.561	 1.691
 3.564	 1.677
 3.566	 1.664
 3.569	 1.685
 3.571	 1.643
 3.574	 1.620
 3.576	 1.636
 3.579	 1.659
 3.581	 1.651
 3.584	 1.671
 3.586	 1.639
 3.589	 1.621
 3.591	 1.631
 3.594	 1.631
 3.596	 1.567
 3.599	 1.553
 3.601	 1.607
 3.604	 1.642
 3.606	 1.610
 3.609	 1.589
 3.611	 1.562
 3.614	 1.566
 3.616	 1.558
 3.619	 1.591
 3.621	 1.591
 3.624	 1.565
 3.626	 1.534
 3.629	 1.533
 3.631	 1.544
 3.634	 1.587
 3.636	 1.579
 3.639	 1.580
 3.641	 1.535
 3.644	 1.521
 3.647	 1.537
 3.649	 1.543
 3.652	 1.542
 3.654	 1.544
 3.657	 1.553
 3.659	 1.576
 3.662	 1.552
 3.665	 1.589
 3.667	 1.588
 3.670	 1.551
 3.672	 1.547
 3.675	 1.554
 3.678	 1.565
 3.680	 1.581
 3.683	 1.589
 3.685	 1.591
 3.688	 1.553
 3.691	 1.522
 3.693	 1.537
 3.696	 1.543
 3.699	 1.523
 3.701	 1.546
 3.704	 1.530
 3.707	 1.534
 3.709	 1.523
 3.712	 1.532
 3.715	 1.535
 3.717	 1.537
 3.720	 1.559
 3.723	 1.564
 3.725	 1.524
 3.728	 1.559
 3.731	 1.553
 3.733	 1.533
 3.736	 1.498
 3.739	 1.491
 3.741	 1.513
 3.744	 1.528
 3.747	 1.468
 3.749	 1.471
 3.752	 1.520
 3.755	 1.527
 3.758	 1.480
 3.760	 1.473
 3.763	 1.506
 3.766	 1.546
 3.769	 1.540
 3.771	 1.533
 3.774	 1.520
 3.777	 1.534
 3.779	 1.511
 3.782	 1.498
 3.785	 1.499
 3.788	 1.519
 3.791	 1.556
 3.793	 1.553
 3.796	 1.527
 3.799	 1.530
 3.802	 1.510
 3.804	 1.522
 3.807	 1.542
 3.810	 1.528
 3.813	 1.494
 3.816	 1.504
 3.818	 1.523
 3.821	 1.533
 3.824	 1.537
 3.827	 1.558
 3.830	 1.554
 3.833	 1.548
 3.835	 1.562
 3.838	 1.524
 3.841	 1.502
 3.844	 1.530
 3.847	 1.530
 3.850	 1.529
 3.852	 1.531
 3.855	 1.527
 3.858	 1.509
 3.861	 1.495
 3.864	 1.495
 3.867	 1.553
 3.870	 1.584
 3.873	 1.560
 3.876	 1.502
 3.878	 1.504
 3.881	 1.500
 3.884	 1.485
 3.887	 1.504
 3.890	 1.544
 3.893	 1.519
 3.896	 1.508
 3.899	 1.508
 3.902	 1.491
 3.905	 1.488
 3.908	 1.483
 3.911	 1.472
 3.914	 1.509
 3.917	 1.511
 3.919	 1.517
 3.922	 1.544
 3.925	 1.567
 3.928	 1.530
 3.931	 1.482
 3.934	 1.471
 3.937	 1.507
 3.940	 1.505
 3.943	 1.501
 3.946	 1.538
 3.949	 1.561
 3.952	 1.547
 3.955	 1.533
 3.958	 1.501
 3.961	 1.518
 3.964	 1.510
 3.967	 1.497
 3.970	 1.525
 3.974	 1.553
 3.977	 1.548
 3.980	 1.539
 3.983	 1.516
 3.986	 1.528
 3.989	 1.538
 3.992	 1.538
 3.995	 1.549
 3.998	 1.532
 4.001	 1.516
 4.004	 1.511
 4.007	 1.549
 4.010	 1.555
 4.014	 1.507
 4.017	 1.469
 4.020	 1.487
 4.023	 1.490
 4.026	 1.500
 4.029	 1.535
 4.032	 1.561
 4.035	 1.547
 4.039	 1.511
 4.042	 1.514
 4.045	 1.491
 4.048	 1.488
 4.051	 1.508
 4.054	 1.499
 4.057	 1.501
 4.061	 1.513
 4.064	 1.485
 4.067	 1.489
 4.070	 1.506
 4.073	 1.516
 4.077	 1.521
 4.080	 1.517
 4.083	 1.517
 4.086	 1.541
 4.089	 1.547
 4.093	 1.560
 4.096	 1.519
 4.099	 1.502
 4.102	 1.504
 4.106	 1.513
 4.109	 1.545
 4.112	 1.531
 4.115	 1.522
 4.119	 1.519
 4.122	 1.491
 4.125	 1.496
 4.129	 1.507
 4.132	 1.525
 4.135	 1.520
 4.138	 1.483
 4.142	 1.453
 4.145	 1.490
 4.148	 1.525
 4.152	 1.514
 4.155	 1.526
 4.158	 1.524
 4.162	 1.514
 4.165	 1.529
 4.168	 1.519
 4.172	 1.518
 4.175	 1.529
 4.178	 1.506
 4.182	 1.497
 4.185	 1.518
 4.189	 1.527
 4.192	 1.532
 4.195	 1.507
 4.199	 1.529
 4.202	 1.546
 4.206	 1.561
 4.209	 1.604
 4.212	 1.581
 4.216	 1.565
 4.219	 1.588
 4.223	 1.604
 4.226	 1.564
 4.230	 1.588
 4.233	 1.575
 4.236	 1.528
 4.240	 1.510
 4.243	 1.523
 4.247	 1.602
 4.250	 1.592
 4.254	 1.568
 4.257	 1.560
 4.261	 1.516
 4.264	 1.533
 4.268	 1.599
 4.271	 1.636
 4.275	 1.599
 4.278	 1.597
 4.282	 1.629
 4.285	 1.644
 4.289	 1.625
 4.293	 1.573
 4.296	 1.562
 4.300	 1.572
 4.303	 1.587
 4.307	 1.569
 4.310	 1.567
 4.314	 1.591
 4.318	 1.544
 4.321	 1.527
 4.325	 1.514
 4.328	 1.522
 4.332	 1.509
 4.336	 1.474
 4.339	 1.487
 4.343	 1.502
 4.347	 1.476
 4.350	 1.459
 4.354	 1.475
 4.358	 1.509
 4.361	 1.497
 4.365	 1.496
 4.369	 1.486
 4.372	 1.490
 4.376	 1.507
 4.380	 1.505
 4.383	 1.481
 4.387	 1.446
 4.391	 1.485
 4.394	 1.540
 4.398	 1.514
 4.402	 1.491
 4.406	 1.488
 4.409	 1.485
 4.413	 1.464
 4.417	 1.450
 4.421	 1.444
 4.424	 1.469
 4.428	 1.471
 4.432	 1.462
 4.436	 1.460
 4.440	 1.493
 4.443	 1.486
 4.447	 1.470
 4.451	 1.425
 4.455	 1.446
 4.459	 1.483
 4.463	 1.468
 4.466	 1.443
 4.470	 1.485
 4.474	 1.484
 4.478	 1.474
 4.482	 1.462
 4.486	 1.474
 4.490	 1.476
 4.493	 1.467
 4.497	 1.456
 4.501	 1.463
 4.505	 1.486
 4.509	 1.502
 4.513	 1.469
 4.517	 1.468
 4.521	 1.470
 4.525	 1.435
 4.529	 1.460
 4.533	 1.491
 4.537	 1.482
 4.541	 1.512
 4.545	 1.504
 4.549	 1.492
 4.553	 1.471
 4.557	 1.473
 4.561	 1.461
 4.565	 1.435
 4.569	 1.426
 4.573	 1.453
 4.577	 1.461
 4.581	 1.478
 4.585	 1.477
 4.589	 1.459
 4.593	 1.441
 4.597	 1.453
 4.601	 1.491
 4.605	 1.498
 4.609	 1.469
 4.613	 1.474
 4.617	 1.486
 4.622	 1.521
 4.626	 1.503
 4.630	 1.466
 4.634	 1.430
 4.638	 1.441
 4.642	 1.431
 4.646	 1.447
 4.651	 1.447
 4.655	 1.427
 4.659	 1.390
 4.663	 1.416
 4.667	 1.414
 4.672	 1.424
 4.676	 1.427
 4.680	 1.449
 4.684	 1.459
 4.688	 1.471
 4.693	 1.447
 4.697	 1.455
 4.701	 1.465
 4.705	 1.493
 4.710	 1.452
 4.714	 1.445
 4.718	 1.445
 4.723	 1.452
 4.727	 1.449
 4.731	 1.449
 4.736	 1.446
 4.740	 1.475
 4.744	 1.477
 4.749	 1.463
 4.753	 1.441
 4.757	 1.471
 4.762	 1.465
 4.766	 1.444
 4.770	 1.458
 4.775	 1.470
 4.779	 1.425
 4.784	 1.417
 4.788	 1.406
 4.792	 1.434
 4.797	 1.453
 4.801	 1.469
 4.806	 1.429
 4.810	 1.418
 4.815	 1.420
 4.819	 1.440
 4.824	 1.415
 4.828	 1.409
 4.833	 1.427
 4.837	 1.458
 4.842	 1.481
 4.846	 1.495
 4.851	 1.426
 4.855	 1.398
 4.860	 1.417
 4.864	 1.452
 4.869	 1.433
 4.874	 1.423
 4.878	 1.414
 4.883	 1.434
 4.887	 1.438
 4.892	 1.448
 4.897	 1.442
 4.901	 1.454
 4.906	 1.448
 4.910	 1.488
 4.915	 1.483
 4.920	 1.455
 4.924	 1.425
 4.929	 1.439
 4.934	 1.436
 4.939	 1.451
 4.943	 1.426
 4.948	 1.440
 4.953	 1.427
 4.957	 1.407
 4.962	 1.430
 4.967	 1.484
 4.972	 1.477
 4.976	 1.456
 4.981	 1.401
 4.986	 1.412
 4.991	 1.413
 4.996	 1.408
 5.000	 1.389
 5.005	 1.421
 5.010	 1.426
 5.015	 1.454
 5.020	 1.434
 5.025	 1.400
 5.030	 1.389
 5.034	 1.427
 5.039	 1.421
 5.044	 1.459
 5.049	 1.441
 5.054	 1.449
 5.059	 1.466
 5.064	 1.506
 5.069	 1.460
 5.074	 1.413
 5.079	 1.355
 5.084	 1.380
 5.089	 1.426
 5.094	 1.453
 5.099	 1.430
 5.104	 1.439
 5.109	 1.405
 5.114	 1.433
 5.119	 1.439
 5.124	 1.443
 5.129	 1.418
 5.134	 1.425
 5.139	 1.412
 5.144	 1.395
 5.149	 1.406
 5.155	 1.418
 5.160	 1.403
 5.165	 1.432
 5.170	 1.438
 5.175	 1.462
 5.180	 1.439
 5.185	 1.442
 5.191	 1.439
 5.196	 1.466
 5.201	 1.454
 5.206	 1.449
 5.211	 1.427
 5.217	 1.432
 5.222	 1.410
 5.227	 1.412
 5.233	 1.402
 5.238	 1.410
 5.243	 1.399
 5.248	 1.420
 5.254	 1.412
 5.259	 1.407
 5.264	 1.372
 5.270	 1.401
 5.275	 1.415
 5.280	 1.449
 5.286	 1.429
 5.291	 1.445
 5.297	 1.440
 5.302	 1.436
 5.308	 1.418
 5.313	 1.436
 5.318	 1.427
 5.324	 1.436
 5.329	 1.397
 5.335	 1.384
 5.340	 1.368
 5.346	 1.415
 5.351	 1.418
 5.357	 1.414
 5.362	 1.389
 5.368	 1.397
 5.374	 1.388
 5.379	 1.374
 5.385	 1.362
 5.390	 1.427
 5.396	 1.416
 5.401	 1.403
 5.407	 1.400
 5.413	 1.404
 5.418	 1.359
 5.424	 1.369
 5.430	 1.375
 5.435	 1.393
 5.441	 1.379
 5.447	 1.415
 5.453	 1.412
 5.458	 1.395
 5.464	 1.374
 5.470	 1.374
 5.476	 1.324
 5.481	 1.346
 5.487	 1.336
 5.493	 1.326
 5.499	 1.330
 5.505	 1.374
 5.511	 1.370
 5.516	 1.353
 5.522	 1.312
 5.528	 1.317
 5.534	 1.300
 5.540	 1.325
 5.546	 1.338
 5.552	 1.355
 5.558	 1.324
 5.564	 1.319
 5.570	 1.302
 5.576	 1.309
 5.582	 1.297
 5.588	 1.357
 5.594	 1.328
 5.600	 1.324
 5.606	 1.287
 5.612	 1.272
 5.618	 1.262
 5.624	 1.290
 5.630	 1.275
 5.636	 1.303
 5.642	 1.315
 5.649	 1.310
 5.655	 1.267
 5.661	 1.285
 5.667	 1.270
 5.673	 1.327
 5.680	 1.327
 5.686	 1.286
 5.692	 1.245
 5.698	 1.293
 5.705	 1.243
 5.711	 1.238
 5.717	 1.229
 5.723	 1.243
 5.730	 1.231
 5.736	 1.283
 5.742	 1.271
 5.749	 1.290
 5.755	 1.298
 5.762	 1.364
 5.768	 1.339
 5.774	 1.353
 5.781	 1.347
 5.787	 1.366
 5.794	 1.338
 5.800	 1.364
 5.807	 1.345
 5.813	 1.415
 5.820	 1.434
 5.826	 1.452
 5.833	 1.457
 5.839	 1.487
 5.846	 1.433
 5.853	 1.458
 5.859	 1.442
 5.866	 1.512
 5.873	 1.558
 5.879	 1.564
 5.886	 1.488
 5.893	 1.512
 5.899	 1.519
 5.906	 1.514
 5.913	 1.460
 5.919	 1.475
 5.926	 1.452
 5.933	 1.471
 5.940	 1.457
 5.947	 1.489
 5.953	 1.481
 5.960	 1.529
 5.967	 1.492
 5.974	 1.520
 5.981	 1.465
 5.988	 1.428
 5.995	 1.412
 6.002	 1.422
 6.009	 1.375
 6.016	 1.418
 6.023	 1.356
 6.030	 1.364
 6.037	 1.372
 6.044	 1.411
 6.051	 1.392
 6.058	 1.469
 6.065	 1.496
 6.072	 1.502
 6.079	 1.438
 6.086	 1.451
 6.093	 1.470
 6.101	 1.537
 6.108	 1.478
 6.115	 1.510
 6.122	 1.484
 6.129	 1.504
 6.137	 1.518
 6.144	 1.597
 6.151	 1.560
 6.158	 1.565
 6.166	 1.558
 6.173	 1.570
 6.180	 1.559
 6.188	 1.621
 6.195	 1.579
 6.203	 1.564
 6.210	 1.576
 6.218	 1.642
 6.225	 1.589
 6.232	 1.617
 6.240	 1.585
 6.248	 1.594
 6.255	 1.533
 6.263	 1.521
 6.270	 1.516
 6.278	 1.584
 6.285	 1.549
 6.293	 1.568
 6.301	 1.519
 6.308	 1.512
 6.316	 1.495
 6.324	 1.592
 6.331	 1.576
 6.339	 1.534
 6.347	 1.475
 6.355	 1.549
 6.362	 1.530
 6.370	 1.553
 6.378	 1.505
 6.386	 1.550
 6.394	 1.530
 6.402	 1.524
 6.410	 1.495
 6.418	 1.581
 6.426	 1.552
 6.434	 1.522
 6.442	 1.449
 6.450	 1.518
 6.458	 1.533
 6.466	 1.545
 6.474	 1.474
 6.482	 1.457
 6.490	 1.425
 6.498	 1.489
 6.506	 1.479
 6.514	 1.504
 6.523	 1.450
 6.531	 1.495
 6.539	 1.453
 6.547	 1.461
 6.556	 1.418
 6.564	 1.466
 6.572	 1.466
 6.580	 1.504
 6.589	 1.418
 6.597	 1.387
 6.606	 1.343
 6.614	 1.401
 6.623	 1.350
 6.631	 1.378
 6.639	 1.405
 6.648	 1.476
 6.657	 1.440
 6.665	 1.388
 6.674	 1.287
 6.682	 1.346
 6.691	 1.319
 6.700	 1.355
 6.708	 1.327
 6.717	 1.364
 6.726	 1.342
 6.734	 1.368
 6.743	 1.314
 6.752	 1.331
 6.761	 1.298
 6.769	 1.286
 6.778	 1.250
 6.787	 1.369
 6.796	 1.427
 6.805	 1.454
 6.814	 1.385
 6.823	 1.417
 6.832	 1.491
 6.841	 1.609
 6.850	 1.484
 6.859	 1.453
 6.868	 1.433
 6.877	 1.485
 6.886	 1.442
 6.896	 1.475
 6.905	 1.461
 6.914	 1.496
 6.923	 1.448
 6.932	 1.458
 6.942	 1.417
 6.951	 1.496
 6.960	 1.475
 6.970	 1.453
 6.979	 1.413
 6.988	 1.464
 6.998	 1.415
 7.007	 1.471
 7.017	 1.423
 7.026	 1.459
 7.036	 1.444
 7.045	 1.433
 7.055	 1.375
 7.065	 1.467
 7.074	 1.433
 7.084	 1.466
 7.094	 1.446
 7.103	 1.512
 7.113	 1.489
 7.123	 1.483
 7.133	 1.381
 7.142	 1.441
 7.152	 1.454
 7.162	 1.489
 7.172	 1.483
 7.182	 1.562
 7.192	 1.456
 7.202	 1.462
 7.212	 1.422
 7.222	 1.452
 7.232	 1.437
 7.242	 1.500
 7.252	 1.438
 7.262	 1.470
 7.273	 1.453
 7.283	 1.471
 7.293	 1.393
 7.303	 1.430
 7.314	 1.382
 7.324	 1.426
 7.334	 1.394
 7.345	 1.455
 7.355	 1.436
 7.366	 1.477
 7.376	 1.420
 7.387	 1.437
 7.397	 1.397
 7.408	 1.414
 7.418	 1.374
 7.429	 1.454
 7.440	 1.417
 7.450	 1.437
 7.461	 1.393
 7.472	 1.461
 7.483	 1.425
 7.493	 1.442
 7.504	 1.347
 7.515	 1.351
 7.526	 1.380
 7.537	 1.441
 7.548	 1.406
 7.559	 1.496
 7.570	 1.439
 7.581	 1.429
 7.592	 1.362
 7.603	 1.422
 7.614	 1.426
 7.626	 1.438
 7.637	 1.357
 7.648	 1.397
 7.659	 1.362
 7.671	 1.402
 7.682	 1.402
 7.694	 1.470
 7.705	 1.386
 7.716	 1.422
 7.728	 1.357
 7.739	 1.367
 7.751	 1.390
 7.763	 1.480
 7.774	 1.420
 7.786	 1.423
 7.798	 1.400
 7.809	 1.465
 7.821	 1.387
 7.833	 1.434
 7.845	 1.415
 7.857	 1.449
 7.869	 1.362
 7.881	 1.404
 7.893	 1.372
 7.905	 1.441
 7.917	 1.418
 7.929	 1.490
 7.941	 1.434
 7.953	 1.486
 7.965	 1.451
 7.978	 1.466
 7.990	 1.386
 8.002	 1.398
 8.015	 1.360
 8.027	 1.431
 8.039	 1.369
 8.052	 1.458
 8.064	 1.352
 8.077	 1.441
 8.090	 1.468
 8.102	 1.544
 8.115	 1.470
 8.128	 1.528
 8.140	 1.470
 8.153	 1.529
 8.166	 1.397
 8.179	 1.449
 8.192	 1.383
 8.205	 1.458
 8.218	 1.423
 8.231	 1.493
 8.244	 1.451
 8.257	 1.552
 8.270	 1.472
 8.283	 1.522
 8.297	 1.461
 8.310	 1.549
 8.323	 1.453
 8.337	 1.502
 8.350	 1.492
 8.364	 1.546
 8.377	 1.463
 8.391	 1.512
 8.404	 1.470
 8.418	 1.577
 8.432	 1.495
 8.445	 1.569
 8.459	 1.500
 8.473	 1.543
 8.487	 1.478
 8.501	 1.621
 8.515	 1.604
 8.529	 1.708
 8.543	 1.671
 8.557	 1.671
 8.571	 1.514
 8.585	 1.656
 8.599	 1.607
 8.614	 1.627
 8.628	 1.524
 8.642	 1.600
 8.657	 1.568
 8.671	 1.646
 8.686	 1.602
 8.700	 1.739
 8.715	 1.682
 8.730	 1.730
 8.744	 1.595
 8.759	 1.666
 8.774	 1.566
 8.789	 1.627
 8.804	 1.589
 8.819	 1.714
 8.834	 1.608
 8.849	 1.701
 8.864	 1.649
 8.879	 1.682
 8.894	 1.506
 8.910	 1.517
 8.925	 1.506
 8.940	 1.632
 8.956	 1.560
 8.971	 1.705
 8.987	 1.699
 9.002	 1.822
 9.018	 1.689
 9.034	 1.785
 9.050	 1.710
 9.065	 1.752
 9.081	 1.684
 9.097	 1.771
 9.113	 1.692
 9.129	 1.765
 9.145	 1.664
 9.162	 1.762
 9.178	 1.704
 9.194	 1.754
 9.210	 1.611
 9.227	 1.774
 9.243	 1.712
 9.260	 1.770
 9.276	 1.700
 9.293	 1.849
 9.310	 1.753
 9.326	 1.751
 9.343	 1.543
 9.360	 1.663
 9.377	 1.690
 9.394	 1.772
 9.411	 1.611
 9.428	 1.714
 9.445	 1.672
 9.462	 1.762
 9.480	 1.649
 9.497	 1.790
 9.515	 1.711
 9.532	 1.835
 9.550	 1.699
 9.567	 1.731
 9.585	 1.627
 9.603	 1.758
 9.620	 1.727
 9.638	 1.853
 9.656	 1.690
 9.674	 1.809
 9.692	 1.713
 9.711	 1.733
 9.729	 1.548
 9.747	 1.675
 9.765	 1.663
 9.784	 1.764
 9.802	 1.608
 9.821	 2.236
 9.839	 2.484
 9.858	 1.999
 9.877	 1.744
 9.896	 1.852
 9.915	 1.702
 9.934	 1.721
 9.953	 1.590
 9.972	 1.585
 9.991	 1.541
10.010	 1.665
10.030	 1.649
10.049	 1.795
10.069	 1.742
10.088	 1.704
10.108	 1.503
10.128	 1.554
10.148	 1.549
10.167	 1.665
10.187	 1.559
10.207	 1.616
10.228	 1.509
10.248	 1.602
10.268	 1.549
10.289	 1.609
10.309	 1.527
10.330	 1.633
10.350	 1.558
10.371	 1.602
10.392	 1.504
10.412	 1.582
10.433	 1.506
10.454	 1.574
10.476	 1.498
10.497	 1.614
10.518	 1.449
10.539	 1.501
10.561	 1.460
10.582	 1.563
10.604	 1.517
10.626	 1.655
10.648	 1.532
10.670	 1.636
10.692	 1.516
10.714	 1.578
10.736	 1.536
10.758	 1.686
10.780	 1.558
10.803	 1.583
10.825	 1.512
10.848	 1.607
10.871	 1.519
10.894	 1.557
10.917	 1.427
10.940	 1.527
10.963	 1.431
10.986	 1.541
11.009	 1.391
11.033	 1.480
11.056	 1.425
11.080	 1.571
11.104	 1.518
11.127	 1.641
11.151	 1.499
11.175	 1.566
11.200	 1.428
11.224	 1.534
11.248	 1.446
11.273	 1.480
11.297	 1.302
11.322	 1.399
11.347	 1.364
11.372	 1.563
11.397	 1.493
11.422	 1.565
11.447	 1.382
11.472	 1.505
11.498	 1.426
11.523	 1.502
11.549	 1.387
11.575	 1.558
11.600	 1.495
11.626	 1.659
11.653	 1.430
11.679	 1.453
11.705	 1.283
11.732	 1.386
11.758	 1.369
11.785	 1.456
11.812	 1.242
11.839	 1.402
11.866	 1.357
11.893	 1.529
11.920	 1.397
11.948	 1.518
11.976	 1.382
12.003	 1.466
12.031	 1.379
12.059	 1.506
12.087	 1.380
12.115	 1.519
12.144	 1.349
12.172	 1.475
12.201	 1.361
12.230	 1.538
12.259	 1.383
12.288	 1.560
12.317	 1.382
12.346	 1.589
12.376	 1.471
12.405	 1.545
12.435	 1.340
12.465	 1.443
12.495	 1.390
12.525	 1.612
12.555	 1.461
12.586	 1.567
12.617	 1.304
12.647	 1.468
12.678	 1.348
12.709	 1.432
12.741	 1.257
12.772	 1.556
12.803	 1.449
12.835	 1.573
12.867	 1.445
12.899	 1.501
12.931	 1.350
12.964	 1.595
12.996	 1.414
13.029	 1.487
13.061	 1.376
13.094	 1.547
13.128	 1.272
13.161	 1.404
13.194	 1.299
13.228	 1.529
13.262	 1.369
13.296	 1.433
13.330	 1.251
13.364	 1.442
13.399	 1.204
13.434	 1.435
13.469	 1.268
13.504	 1.509
13.539	 1.408
13.574	 1.511
13.610	 1.204
13.646	 1.389
13.682	 1.328
13.718	 1.581
13.754	 1.388
13.791	 1.609
13.828	 1.454
13.865	 1.617
13.902	 1.451
13.939	 1.715
13.977	 1.486
14.015	 1.699
14.053	 1.440
14.091	 1.672
14.129	 1.416
14.168	 1.525
14.207	 1.309
14.246	 1.607
14.285	 1.288
14.324	 1.442
14.364	 1.216
14.404	 1.527
14.444	 1.252
14.484	 1.647
14.525	 1.377
14.566	 1.621
14.607	 1.405
14.648	 1.504
14.690	 1.028
14.731	 1.458
14.773	 1.273
14.815	 1.759
14.858	 1.536
14.901	 1.806
14.944	 1.156
14.987	 1.609
15.030	 1.373
15.074	 1.659
15.118	 1.216
15.162	 1.644
15.206	 1.354
15.251	 1.508
15.296	 0.820
15.341	 1.437
15.387	 0.000
