Name: Beaucarnea recurvata
Type: vegetation
Class: Tree
Genus: Beaucarnea
Species: recurvata
Sample No.: JPL070
Owner: JPL
Wavelength Range: All
Origin: 34.12603; - 118.11015; WGS84
Collection Date: 2/2/2016
Description: Samples were collected at the Huntington Garden in San Marino California as part of a JPL Subcontract studying HyTES imagery. Samples were taken to JPL and processed within 48 hours of collection. The same leaves were processed in the Nicolet and then measured using the ASD.
Measurement: Bidirectional and directional hemispherical reflectance
First Column: X
Second Column: Y
X Units: Wavelength (micrometer)
Y Units: Reflectance (percentage)
First X Value: 0.35
Last X Value: 15.3869
Number of X Values: 3889
Additional Information: 

 0.350	 6.281
 0.351	 6.103
 0.352	 4.558
 0.353	 3.910
 0.354	 5.300
 0.355	 5.399
 0.356	 5.787
 0.357	 6.199
 0.358	 5.659
 0.359	 5.493
 0.360	 5.802
 0.361	 6.283
 0.362	 6.371
 0.363	 6.054
 0.364	 5.551
 0.365	 5.167
 0.366	 5.382
 0.367	 5.668
 0.368	 5.681
 0.369	 5.275
 0.370	 4.720
 0.371	 4.743
 0.372	 5.444
 0.373	 5.729
 0.374	 5.870
 0.375	 5.833
 0.376	 5.655
 0.377	 5.978
 0.378	 6.101
 0.379	 5.725
 0.380	 5.038
 0.381	 5.294
 0.382	 5.612
 0.383	 5.391
 0.384	 5.385
 0.385	 5.814
 0.386	 6.207
 0.387	 5.997
 0.388	 5.696
 0.389	 5.498
 0.390	 5.547
 0.391	 5.962
 0.392	 6.111
 0.393	 6.159
 0.394	 6.275
 0.395	 6.191
 0.396	 5.855
 0.397	 5.651
 0.398	 6.006
 0.399	 5.967
 0.400	 6.173
 0.401	 6.624
 0.402	 6.339
 0.403	 6.034
 0.404	 6.031
 0.405	 6.378
 0.406	 6.654
 0.407	 6.573
 0.408	 6.374
 0.409	 6.560
 0.410	 6.378
 0.411	 6.356
 0.412	 6.692
 0.413	 6.727
 0.414	 6.596
 0.415	 6.499
 0.416	 6.568
 0.417	 6.398
 0.418	 6.416
 0.419	 6.684
 0.420	 6.897
 0.421	 6.828
 0.422	 6.596
 0.423	 6.401
 0.424	 6.462
 0.425	 6.627
 0.426	 6.767
 0.427	 6.783
 0.428	 6.812
 0.429	 6.798
 0.430	 6.737
 0.431	 6.704
 0.432	 6.757
 0.433	 6.802
 0.434	 6.760
 0.435	 6.767
 0.436	 6.769
 0.437	 6.759
 0.438	 6.771
 0.439	 6.847
 0.440	 6.883
 0.441	 6.848
 0.442	 6.920
 0.443	 6.937
 0.444	 6.878
 0.445	 6.804
 0.446	 6.901
 0.447	 7.032
 0.448	 7.059
 0.449	 6.881
 0.450	 6.808
 0.451	 6.879
 0.452	 7.023
 0.453	 7.063
 0.454	 7.038
 0.455	 7.012
 0.456	 7.053
 0.457	 7.077
 0.458	 7.108
 0.459	 7.139
 0.460	 7.073
 0.461	 7.104
 0.462	 7.114
 0.463	 6.971
 0.464	 7.099
 0.465	 7.157
 0.466	 7.085
 0.467	 7.139
 0.468	 7.161
 0.469	 7.145
 0.470	 7.122
 0.471	 7.144
 0.472	 7.142
 0.473	 7.140
 0.474	 7.196
 0.475	 7.173
 0.476	 7.129
 0.477	 7.124
 0.478	 7.187
 0.479	 7.206
 0.480	 7.199
 0.481	 7.210
 0.482	 7.189
 0.483	 7.199
 0.484	 7.232
 0.485	 7.225
 0.486	 7.261
 0.487	 7.281
 0.488	 7.250
 0.489	 7.278
 0.490	 7.269
 0.491	 7.260
 0.492	 7.323
 0.493	 7.304
 0.494	 7.304
 0.495	 7.378
 0.496	 7.486
 0.497	 7.566
 0.498	 7.624
 0.499	 7.680
 0.500	 7.715
 0.501	 7.769
 0.502	 7.836
 0.503	 7.874
 0.504	 8.001
 0.505	 8.110
 0.506	 8.149
 0.507	 8.274
 0.508	 8.418
 0.509	 8.557
 0.510	 8.689
 0.511	 8.865
 0.512	 9.026
 0.513	 9.169
 0.514	 9.385
 0.515	 9.594
 0.516	 9.789
 0.517	 9.987
 0.518	10.236
 0.519	10.487
 0.520	10.713
 0.521	10.908
 0.522	11.168
 0.523	11.412
 0.524	11.600
 0.525	11.834
 0.526	12.086
 0.527	12.322
 0.528	12.511
 0.529	12.677
 0.530	12.833
 0.531	12.988
 0.532	13.150
 0.533	13.276
 0.534	13.383
 0.535	13.495
 0.536	13.604
 0.537	13.702
 0.538	13.775
 0.539	13.815
 0.540	13.867
 0.541	13.945
 0.542	14.036
 0.543	14.090
 0.544	14.136
 0.545	14.169
 0.546	14.179
 0.547	14.220
 0.548	14.246
 0.549	14.249
 0.550	14.281
 0.551	14.296
 0.552	14.289
 0.553	14.270
 0.554	14.250
 0.555	14.236
 0.556	14.220
 0.557	14.179
 0.558	14.111
 0.559	14.028
 0.560	13.942
 0.561	13.858
 0.562	13.769
 0.563	13.661
 0.564	13.527
 0.565	13.415
 0.566	13.295
 0.567	13.152
 0.568	12.996
 0.569	12.851
 0.570	12.709
 0.571	12.562
 0.572	12.419
 0.573	12.281
 0.574	12.150
 0.575	12.025
 0.576	11.918
 0.577	11.833
 0.578	11.760
 0.579	11.672
 0.580	11.595
 0.581	11.519
 0.582	11.428
 0.583	11.336
 0.584	11.279
 0.585	11.245
 0.586	11.177
 0.587	11.112
 0.588	11.059
 0.589	11.016
 0.590	10.949
 0.591	10.889
 0.592	10.845
 0.593	10.810
 0.594	10.771
 0.595	10.729
 0.596	10.688
 0.597	10.658
 0.598	10.646
 0.599	10.634
 0.600	10.604
 0.601	10.574
 0.602	10.534
 0.603	10.485
 0.604	10.442
 0.605	10.398
 0.606	10.360
 0.607	10.319
 0.608	10.221
 0.609	10.147
 0.610	10.096
 0.611	10.034
 0.612	 9.980
 0.613	 9.923
 0.614	 9.855
 0.615	 9.774
 0.616	 9.693
 0.617	 9.622
 0.618	 9.572
 0.619	 9.558
 0.620	 9.510
 0.621	 9.438
 0.622	 9.411
 0.623	 9.395
 0.624	 9.371
 0.625	 9.341
 0.626	 9.343
 0.627	 9.334
 0.628	 9.319
 0.629	 9.318
 0.630	 9.313
 0.631	 9.304
 0.632	 9.293
 0.633	 9.291
 0.634	 9.267
 0.635	 9.220
 0.636	 9.160
 0.637	 9.101
 0.638	 9.044
 0.639	 8.978
 0.640	 8.887
 0.641	 8.786
 0.642	 8.693
 0.643	 8.611
 0.644	 8.530
 0.645	 8.451
 0.646	 8.374
 0.647	 8.300
 0.648	 8.242
 0.649	 8.197
 0.650	 8.158
 0.651	 8.120
 0.652	 8.081
 0.653	 8.063
 0.654	 8.070
 0.655	 8.064
 0.656	 8.018
 0.657	 7.952
 0.658	 7.905
 0.659	 7.896
 0.660	 7.874
 0.661	 7.822
 0.662	 7.769
 0.663	 7.725
 0.664	 7.691
 0.665	 7.667
 0.666	 7.649
 0.667	 7.628
 0.668	 7.608
 0.669	 7.603
 0.670	 7.607
 0.671	 7.618
 0.672	 7.632
 0.673	 7.639
 0.674	 7.663
 0.675	 7.695
 0.676	 7.721
 0.677	 7.760
 0.678	 7.806
 0.679	 7.866
 0.680	 7.945
 0.681	 8.022
 0.682	 8.101
 0.683	 8.187
 0.684	 8.277
 0.685	 8.388
 0.686	 8.523
 0.687	 8.681
 0.688	 8.869
 0.689	 9.108
 0.690	 9.396
 0.691	 9.720
 0.692	10.103
 0.693	10.571
 0.694	11.126
 0.695	11.730
 0.696	12.389
 0.697	13.115
 0.698	13.915
 0.699	14.744
 0.700	15.605
 0.701	16.496
 0.702	17.407
 0.703	18.333
 0.704	19.258
 0.705	20.175
 0.706	21.096
 0.707	22.011
 0.708	22.926
 0.709	23.848
 0.710	24.737
 0.711	25.645
 0.712	26.573
 0.713	27.478
 0.714	28.379
 0.715	29.273
 0.716	30.162
 0.717	31.070
 0.718	31.958
 0.719	32.831
 0.720	33.710
 0.721	34.578
 0.722	35.403
 0.723	36.205
 0.724	37.051
 0.725	37.844
 0.726	38.592
 0.727	39.321
 0.728	40.027
 0.729	40.709
 0.730	41.362
 0.731	41.980
 0.732	42.571
 0.733	43.145
 0.734	43.692
 0.735	44.180
 0.736	44.643
 0.737	45.085
 0.738	45.502
 0.739	45.899
 0.740	46.263
 0.741	46.595
 0.742	46.901
 0.743	47.186
 0.744	47.439
 0.745	47.663
 0.746	47.871
 0.747	48.056
 0.748	48.224
 0.749	48.384
 0.750	48.549
 0.751	48.674
 0.752	48.762
 0.753	48.832
 0.754	48.899
 0.755	48.980
 0.756	49.061
 0.757	49.115
 0.758	49.170
 0.759	49.211
 0.760	49.237
 0.761	49.287
 0.762	49.316
 0.763	49.338
 0.764	49.371
 0.765	49.398
 0.766	49.391
 0.767	49.381
 0.768	49.424
 0.769	49.448
 0.770	49.450
 0.771	49.437
 0.772	49.417
 0.773	49.402
 0.774	49.399
 0.775	49.409
 0.776	49.424
 0.777	49.435
 0.778	49.430
 0.779	49.403
 0.780	49.406
 0.781	49.402
 0.782	49.395
 0.783	49.429
 0.784	49.419
 0.785	49.402
 0.786	49.407
 0.787	49.404
 0.788	49.372
 0.789	49.352
 0.790	49.382
 0.791	49.376
 0.792	49.388
 0.793	49.397
 0.794	49.349
 0.795	49.340
 0.796	49.357
 0.797	49.369
 0.798	49.340
 0.799	49.335
 0.800	49.311
 0.801	49.251
 0.802	49.280
 0.803	49.301
 0.804	49.288
 0.805	49.252
 0.806	49.214
 0.807	49.218
 0.808	49.239
 0.809	49.200
 0.810	49.191
 0.811	49.180
 0.812	49.153
 0.813	49.141
 0.814	49.121
 0.815	49.103
 0.816	49.097
 0.817	49.086
 0.818	49.087
 0.819	49.078
 0.820	49.029
 0.821	49.003
 0.822	48.999
 0.823	49.002
 0.824	48.985
 0.825	48.985
 0.826	48.968
 0.827	48.926
 0.828	48.898
 0.829	48.890
 0.830	48.873
 0.831	48.837
 0.832	48.873
 0.833	48.860
 0.834	48.831
 0.835	48.856
 0.836	48.832
 0.837	48.822
 0.838	48.845
 0.839	48.863
 0.840	48.842
 0.841	48.821
 0.842	48.811
 0.843	48.767
 0.844	48.798
 0.845	48.841
 0.846	48.838
 0.847	48.843
 0.848	48.823
 0.849	48.827
 0.850	48.893
 0.851	48.905
 0.852	48.909
 0.853	48.912
 0.854	48.901
 0.855	48.930
 0.856	48.910
 0.857	48.863
 0.858	48.910
 0.859	48.937
 0.860	48.970
 0.861	49.005
 0.862	48.957
 0.863	48.981
 0.864	49.023
 0.865	49.015
 0.866	49.010
 0.867	49.067
 0.868	49.119
 0.869	49.086
 0.870	49.065
 0.871	49.047
 0.872	49.046
 0.873	49.077
 0.874	49.094
 0.875	49.119
 0.876	49.146
 0.877	49.144
 0.878	49.144
 0.879	49.162
 0.880	49.190
 0.881	49.193
 0.882	49.203
 0.883	49.200
 0.884	49.184
 0.885	49.225
 0.886	49.214
 0.887	49.194
 0.888	49.229
 0.889	49.268
 0.890	49.266
 0.891	49.249
 0.892	49.264
 0.893	49.305
 0.894	49.299
 0.895	49.251
 0.896	49.222
 0.897	49.229
 0.898	49.271
 0.899	49.328
 0.900	49.370
 0.901	49.360
 0.902	49.328
 0.903	49.303
 0.904	49.293
 0.905	49.298
 0.906	49.305
 0.907	49.308
 0.908	49.310
 0.909	49.304
 0.910	49.292
 0.911	49.277
 0.912	49.259
 0.913	49.253
 0.914	49.256
 0.915	49.249
 0.916	49.214
 0.917	49.182
 0.918	49.172
 0.919	49.184
 0.920	49.157
 0.921	49.092
 0.922	49.048
 0.923	49.080
 0.924	49.049
 0.925	48.994
 0.926	48.952
 0.927	48.940
 0.928	48.931
 0.929	48.867
 0.930	48.769
 0.931	48.722
 0.932	48.700
 0.933	48.673
 0.934	48.630
 0.935	48.588
 0.936	48.518
 0.937	48.450
 0.938	48.387
 0.939	48.283
 0.940	48.234
 0.941	48.176
 0.942	48.072
 0.943	47.986
 0.944	47.962
 0.945	47.928
 0.946	47.828
 0.947	47.699
 0.948	47.576
 0.949	47.487
 0.950	47.421
 0.951	47.283
 0.952	47.136
 0.953	47.014
 0.954	46.916
 0.955	46.774
 0.956	46.605
 0.957	46.456
 0.958	46.370
 0.959	46.331
 0.960	46.255
 0.961	46.144
 0.962	46.049
 0.963	46.031
 0.964	45.971
 0.965	45.888
 0.966	45.845
 0.967	45.785
 0.968	45.770
 0.969	45.745
 0.970	45.641
 0.971	45.568
 0.972	45.603
 0.973	45.690
 0.974	45.709
 0.975	45.586
 0.976	45.556
 0.977	45.593
 0.978	45.570
 0.979	45.615
 0.980	45.563
 0.981	45.495
 0.982	45.566
 0.983	45.632
 0.984	45.596
 0.985	45.551
 0.986	45.639
 0.987	45.718
 0.988	45.809
 0.989	45.819
 0.990	45.679
 0.991	45.673
 0.992	45.712
 0.993	45.751
 0.994	45.784
 0.995	45.843
 0.996	45.900
 0.997	45.953
 0.998	46.010
 0.999	46.087
 1.000	46.066
 1.001	46.285
 1.002	46.340
 1.003	46.349
 1.004	46.389
 1.005	46.443
 1.006	46.481
 1.007	46.548
 1.008	46.586
 1.009	46.592
 1.010	46.633
 1.011	46.690
 1.012	46.720
 1.013	46.765
 1.014	46.794
 1.015	46.785
 1.016	46.784
 1.017	46.830
 1.018	46.894
 1.019	46.988
 1.020	47.089
 1.021	47.169
 1.022	47.236
 1.023	47.269
 1.024	47.245
 1.025	47.269
 1.026	47.290
 1.027	47.313
 1.028	47.341
 1.029	47.397
 1.030	47.468
 1.031	47.524
 1.032	47.610
 1.033	47.673
 1.034	47.706
 1.035	47.734
 1.036	47.776
 1.037	47.800
 1.038	47.823
 1.039	47.832
 1.040	47.858
 1.041	47.889
 1.042	47.918
 1.043	47.962
 1.044	47.981
 1.045	47.958
 1.046	47.980
 1.047	48.019
 1.048	48.054
 1.049	48.142
 1.050	48.183
 1.051	48.189
 1.052	48.184
 1.053	48.200
 1.054	48.199
 1.055	48.226
 1.056	48.283
 1.057	48.320
 1.058	48.358
 1.059	48.387
 1.060	48.419
 1.061	48.432
 1.062	48.422
 1.063	48.424
 1.064	48.411
 1.065	48.413
 1.066	48.452
 1.067	48.456
 1.068	48.448
 1.069	48.430
 1.070	48.416
 1.071	48.367
 1.072	48.375
 1.073	48.416
 1.074	48.443
 1.075	48.503
 1.076	48.519
 1.077	48.508
 1.078	48.506
 1.079	48.491
 1.080	48.482
 1.081	48.474
 1.082	48.472
 1.083	48.483
 1.084	48.474
 1.085	48.443
 1.086	48.442
 1.087	48.428
 1.088	48.394
 1.089	48.387
 1.090	48.403
 1.091	48.399
 1.092	48.402
 1.093	48.387
 1.094	48.350
 1.095	48.331
 1.096	48.309
 1.097	48.292
 1.098	48.289
 1.099	48.277
 1.100	48.261
 1.101	48.243
 1.102	48.227
 1.103	48.203
 1.104	48.158
 1.105	48.135
 1.106	48.108
 1.107	48.079
 1.108	48.050
 1.109	48.028
 1.110	47.998
 1.111	47.964
 1.112	47.926
 1.113	47.880
 1.114	47.845
 1.115	47.819
 1.116	47.780
 1.117	47.739
 1.118	47.699
 1.119	47.655
 1.120	47.603
 1.121	47.551
 1.122	47.492
 1.123	47.410
 1.124	47.308
 1.125	47.210
 1.126	47.106
 1.127	47.000
 1.128	46.895
 1.129	46.774
 1.130	46.654
 1.131	46.507
 1.132	46.347
 1.133	46.168
 1.134	45.958
 1.135	45.754
 1.136	45.544
 1.137	45.321
 1.138	45.093
 1.139	44.855
 1.140	44.595
 1.141	44.335
 1.142	44.090
 1.143	43.838
 1.144	43.592
 1.145	43.352
 1.146	43.113
 1.147	42.864
 1.148	42.643
 1.149	42.435
 1.150	42.235
 1.151	42.051
 1.152	41.877
 1.153	41.704
 1.154	41.550
 1.155	41.413
 1.156	41.287
 1.157	41.182
 1.158	41.099
 1.159	41.019
 1.160	40.953
 1.161	40.882
 1.162	40.801
 1.163	40.723
 1.164	40.645
 1.165	40.586
 1.166	40.537
 1.167	40.494
 1.168	40.475
 1.169	40.440
 1.170	40.396
 1.171	40.364
 1.172	40.334
 1.173	40.308
 1.174	40.295
 1.175	40.274
 1.176	40.243
 1.177	40.223
 1.178	40.197
 1.179	40.161
 1.180	40.130
 1.181	40.093
 1.182	40.059
 1.183	40.038
 1.184	40.004
 1.185	39.969
 1.186	39.944
 1.187	39.909
 1.188	39.880
 1.189	39.865
 1.190	39.841
 1.191	39.806
 1.192	39.780
 1.193	39.761
 1.194	39.737
 1.195	39.708
 1.196	39.695
 1.197	39.683
 1.198	39.670
 1.199	39.676
 1.200	39.678
 1.201	39.683
 1.202	39.688
 1.203	39.686
 1.204	39.698
 1.205	39.707
 1.206	39.713
 1.207	39.736
 1.208	39.746
 1.209	39.755
 1.210	39.785
 1.211	39.806
 1.212	39.821
 1.213	39.840
 1.214	39.855
 1.215	39.878
 1.216	39.902
 1.217	39.942
 1.218	39.990
 1.219	40.040
 1.220	40.081
 1.221	40.120
 1.222	40.159
 1.223	40.203
 1.224	40.263
 1.225	40.320
 1.226	40.373
 1.227	40.423
 1.228	40.459
 1.229	40.500
 1.230	40.547
 1.231	40.589
 1.232	40.643
 1.233	40.698
 1.234	40.738
 1.235	40.769
 1.236	40.797
 1.237	40.814
 1.238	40.832
 1.239	40.867
 1.240	40.905
 1.241	40.941
 1.242	40.974
 1.243	41.001
 1.244	41.029
 1.245	41.057
 1.246	41.084
 1.247	41.112
 1.248	41.132
 1.249	41.152
 1.250	41.186
 1.251	41.204
 1.252	41.222
 1.253	41.254
 1.254	41.270
 1.255	41.292
 1.256	41.310
 1.257	41.317
 1.258	41.329
 1.259	41.340
 1.260	41.350
 1.261	41.363
 1.262	41.378
 1.263	41.390
 1.264	41.395
 1.265	41.401
 1.266	41.406
 1.267	41.404
 1.268	41.407
 1.269	41.411
 1.270	41.408
 1.271	41.400
 1.272	41.389
 1.273	41.374
 1.274	41.352
 1.275	41.330
 1.276	41.314
 1.277	41.299
 1.278	41.288
 1.279	41.264
 1.280	41.229
 1.281	41.197
 1.282	41.163
 1.283	41.139
 1.284	41.117
 1.285	41.089
 1.286	41.057
 1.287	41.019
 1.288	40.978
 1.289	40.932
 1.290	40.881
 1.291	40.820
 1.292	40.746
 1.293	40.675
 1.294	40.601
 1.295	40.525
 1.296	40.467
 1.297	40.397
 1.298	40.319
 1.299	40.252
 1.300	40.170
 1.301	40.087
 1.302	39.999
 1.303	39.898
 1.304	39.788
 1.305	39.678
 1.306	39.570
 1.307	39.456
 1.308	39.347
 1.309	39.232
 1.310	39.118
 1.311	39.004
 1.312	38.875
 1.313	38.734
 1.314	38.593
 1.315	38.441
 1.316	38.303
 1.317	38.173
 1.318	38.034
 1.319	37.882
 1.320	37.716
 1.321	37.531
 1.322	37.357
 1.323	37.205
 1.324	37.054
 1.325	36.899
 1.326	36.737
 1.327	36.562
 1.328	36.369
 1.329	36.177
 1.330	35.982
 1.331	35.782
 1.332	35.598
 1.333	35.412
 1.334	35.226
 1.335	35.050
 1.336	34.869
 1.337	34.681
 1.338	34.506
 1.339	34.330
 1.340	34.152
 1.341	33.987
 1.342	33.812
 1.343	33.640
 1.344	33.479
 1.345	33.314
 1.346	33.147
 1.347	32.989
 1.348	32.831
 1.349	32.678
 1.350	32.532
 1.351	32.390
 1.352	32.241
 1.353	32.096
 1.354	31.956
 1.355	31.812
 1.356	31.673
 1.357	31.535
 1.358	31.392
 1.359	31.239
 1.360	31.082
 1.361	30.921
 1.362	30.752
 1.363	30.584
 1.364	30.413
 1.365	30.233
 1.366	30.047
 1.367	29.848
 1.368	29.638
 1.369	29.424
 1.370	29.195
 1.371	28.954
 1.372	28.694
 1.373	28.416
 1.374	28.124
 1.375	27.813
 1.376	27.491
 1.377	27.154
 1.378	26.792
 1.379	26.419
 1.380	26.028
 1.381	25.612
 1.382	25.190
 1.383	24.754
 1.384	24.310
 1.385	23.853
 1.386	23.392
 1.387	22.917
 1.388	22.447
 1.389	21.972
 1.390	21.500
 1.391	21.039
 1.392	20.579
 1.393	20.122
 1.394	19.680
 1.395	19.241
 1.396	18.816
 1.397	18.414
 1.398	18.017
 1.399	17.645
 1.400	17.290
 1.401	16.947
 1.402	16.625
 1.403	16.314
 1.404	16.021
 1.405	15.749
 1.406	15.492
 1.407	15.257
 1.408	15.035
 1.409	14.824
 1.410	14.627
 1.411	14.440
 1.412	14.268
 1.413	14.104
 1.414	13.955
 1.415	13.824
 1.416	13.695
 1.417	13.579
 1.418	13.470
 1.419	13.361
 1.420	13.262
 1.421	13.170
 1.422	13.084
 1.423	13.007
 1.424	12.935
 1.425	12.868
 1.426	12.809
 1.427	12.751
 1.428	12.697
 1.429	12.650
 1.430	12.609
 1.431	12.570
 1.432	12.537
 1.433	12.506
 1.434	12.478
 1.435	12.451
 1.436	12.427
 1.437	12.403
 1.438	12.380
 1.439	12.361
 1.440	12.344
 1.441	12.331
 1.442	12.321
 1.443	12.310
 1.444	12.303
 1.445	12.297
 1.446	12.287
 1.447	12.279
 1.448	12.274
 1.449	12.273
 1.450	12.276
 1.451	12.276
 1.452	12.279
 1.453	12.282
 1.454	12.283
 1.455	12.293
 1.456	12.302
 1.457	12.310
 1.458	12.325
 1.459	12.337
 1.460	12.353
 1.461	12.372
 1.462	12.388
 1.463	12.410
 1.464	12.440
 1.465	12.469
 1.466	12.505
 1.467	12.546
 1.468	12.584
 1.469	12.624
 1.470	12.671
 1.471	12.717
 1.472	12.767
 1.473	12.822
 1.474	12.872
 1.475	12.924
 1.476	12.981
 1.477	13.040
 1.478	13.099
 1.479	13.165
 1.480	13.229
 1.481	13.286
 1.482	13.351
 1.483	13.415
 1.484	13.478
 1.485	13.551
 1.486	13.624
 1.487	13.698
 1.488	13.776
 1.489	13.853
 1.490	13.931
 1.491	14.010
 1.492	14.087
 1.493	14.164
 1.494	14.241
 1.495	14.315
 1.496	14.395
 1.497	14.480
 1.498	14.562
 1.499	14.644
 1.500	14.726
 1.501	14.804
 1.502	14.884
 1.503	14.965
 1.504	15.048
 1.505	15.133
 1.506	15.220
 1.507	15.309
 1.508	15.397
 1.509	15.486
 1.510	15.574
 1.511	15.661
 1.512	15.750
 1.513	15.841
 1.514	15.931
 1.515	16.019
 1.516	16.107
 1.517	16.188
 1.518	16.270
 1.519	16.358
 1.520	16.447
 1.521	16.544
 1.522	16.632
 1.523	16.713
 1.524	16.797
 1.525	16.876
 1.526	16.960
 1.527	17.047
 1.528	17.130
 1.529	17.216
 1.530	17.301
 1.531	17.389
 1.532	17.478
 1.533	17.561
 1.534	17.646
 1.535	17.733
 1.536	17.819
 1.537	17.906
 1.538	17.987
 1.539	18.065
 1.540	18.143
 1.541	18.225
 1.542	18.312
 1.543	18.399
 1.544	18.487
 1.545	18.572
 1.546	18.655
 1.547	18.738
 1.548	18.819
 1.549	18.902
 1.550	18.980
 1.551	19.059
 1.552	19.138
 1.553	19.209
 1.554	19.285
 1.555	19.362
 1.556	19.436
 1.557	19.518
 1.558	19.601
 1.559	19.681
 1.560	19.760
 1.561	19.832
 1.562	19.901
 1.563	19.968
 1.564	20.037
 1.565	20.116
 1.566	20.195
 1.567	20.276
 1.568	20.360
 1.569	20.432
 1.570	20.502
 1.571	20.567
 1.572	20.626
 1.573	20.691
 1.574	20.758
 1.575	20.827
 1.576	20.897
 1.577	20.963
 1.578	21.025
 1.579	21.091
 1.580	21.156
 1.581	21.216
 1.582	21.280
 1.583	21.337
 1.584	21.390
 1.585	21.454
 1.586	21.514
 1.587	21.574
 1.588	21.641
 1.589	21.703
 1.590	21.763
 1.591	21.828
 1.592	21.894
 1.593	21.962
 1.594	22.035
 1.595	22.107
 1.596	22.170
 1.597	22.231
 1.598	22.296
 1.599	22.356
 1.600	22.413
 1.601	22.473
 1.602	22.535
 1.603	22.595
 1.604	22.652
 1.605	22.709
 1.606	22.754
 1.607	22.802
 1.608	22.863
 1.609	22.926
 1.610	22.986
 1.611	23.039
 1.612	23.092
 1.613	23.138
 1.614	23.190
 1.615	23.244
 1.616	23.287
 1.617	23.337
 1.618	23.390
 1.619	23.442
 1.620	23.502
 1.621	23.552
 1.622	23.594
 1.623	23.642
 1.624	23.691
 1.625	23.741
 1.626	23.793
 1.627	23.839
 1.628	23.871
 1.629	23.908
 1.630	23.944
 1.631	23.983
 1.632	24.030
 1.633	24.076
 1.634	24.124
 1.635	24.163
 1.636	24.197
 1.637	24.228
 1.638	24.247
 1.639	24.277
 1.640	24.315
 1.641	24.347
 1.642	24.383
 1.643	24.415
 1.644	24.443
 1.645	24.470
 1.646	24.491
 1.647	24.511
 1.648	24.524
 1.649	24.539
 1.650	24.562
 1.651	24.579
 1.652	24.600
 1.653	24.621
 1.654	24.630
 1.655	24.639
 1.656	24.642
 1.657	24.641
 1.658	24.644
 1.659	24.648
 1.660	24.657
 1.661	24.661
 1.662	24.661
 1.663	24.664
 1.664	24.665
 1.665	24.672
 1.666	24.686
 1.667	24.690
 1.668	24.685
 1.669	24.676
 1.670	24.661
 1.671	24.649
 1.672	24.642
 1.673	24.635
 1.674	24.629
 1.675	24.618
 1.676	24.607
 1.677	24.590
 1.678	24.568
 1.679	24.552
 1.680	24.528
 1.681	24.506
 1.682	24.484
 1.683	24.449
 1.684	24.421
 1.685	24.389
 1.686	24.354
 1.687	24.330
 1.688	24.298
 1.689	24.260
 1.690	24.225
 1.691	24.186
 1.692	24.147
 1.693	24.113
 1.694	24.077
 1.695	24.037
 1.696	23.996
 1.697	23.953
 1.698	23.903
 1.699	23.845
 1.700	23.789
 1.701	23.729
 1.702	23.679
 1.703	23.636
 1.704	23.579
 1.705	23.522
 1.706	23.452
 1.707	23.362
 1.708	23.290
 1.709	23.218
 1.710	23.161
 1.711	23.119
 1.712	23.071
 1.713	23.022
 1.714	22.956
 1.715	22.892
 1.716	22.836
 1.717	22.778
 1.718	22.718
 1.719	22.663
 1.720	22.612
 1.721	22.556
 1.722	22.505
 1.723	22.457
 1.724	22.402
 1.725	22.347
 1.726	22.302
 1.727	22.267
 1.728	22.239
 1.729	22.212
 1.730	22.178
 1.731	22.154
 1.732	22.129
 1.733	22.110
 1.734	22.105
 1.735	22.093
 1.736	22.080
 1.737	22.067
 1.738	22.055
 1.739	22.037
 1.740	22.018
 1.741	21.992
 1.742	21.965
 1.743	21.925
 1.744	21.875
 1.745	21.829
 1.746	21.774
 1.747	21.722
 1.748	21.673
 1.749	21.616
 1.750	21.552
 1.751	21.493
 1.752	21.434
 1.753	21.375
 1.754	21.317
 1.755	21.258
 1.756	21.193
 1.757	21.134
 1.758	21.068
 1.759	21.007
 1.760	20.959
 1.761	20.902
 1.762	20.850
 1.763	20.795
 1.764	20.748
 1.765	20.709
 1.766	20.675
 1.767	20.647
 1.768	20.619
 1.769	20.595
 1.770	20.570
 1.771	20.540
 1.772	20.519
 1.773	20.508
 1.774	20.488
 1.775	20.469
 1.776	20.449
 1.777	20.423
 1.778	20.398
 1.779	20.373
 1.780	20.353
 1.781	20.330
 1.782	20.319
 1.783	20.322
 1.784	20.312
 1.785	20.302
 1.786	20.286
 1.787	20.255
 1.788	20.249
 1.789	20.252
 1.790	20.273
 1.791	20.284
 1.792	20.288
 1.793	20.294
 1.794	20.302
 1.795	20.304
 1.796	20.306
 1.797	20.304
 1.798	20.286
 1.799	20.283
 1.800	20.286
 1.801	20.290
 1.802	20.306
 1.803	20.313
 1.804	20.310
 1.805	20.320
 1.806	20.340
 1.807	20.344
 1.808	20.344
 1.809	20.353
 1.810	20.352
 1.811	20.371
 1.812	20.402
 1.813	20.428
 1.814	20.421
 1.815	20.406
 1.816	20.393
 1.817	20.389
 1.818	20.407
 1.819	20.415
 1.820	20.426
 1.821	20.427
 1.822	20.424
 1.823	20.438
 1.824	20.432
 1.825	20.399
 1.826	20.378
 1.827	20.355
 1.828	20.342
 1.829	20.331
 1.830	20.326
 1.831	20.428
 1.832	20.386
 1.833	20.322
 1.834	20.268
 1.835	20.231
 1.836	20.208
 1.837	20.190
 1.838	20.160
 1.839	20.126
 1.840	20.086
 1.841	20.033
 1.842	19.976
 1.843	19.910
 1.844	19.837
 1.845	19.741
 1.846	19.652
 1.847	19.563
 1.848	19.456
 1.849	19.357
 1.850	19.242
 1.851	19.114
 1.852	18.983
 1.853	18.858
 1.854	18.704
 1.855	18.551
 1.856	18.417
 1.857	18.243
 1.858	18.049
 1.859	17.861
 1.860	17.671
 1.861	17.447
 1.862	17.227
 1.863	17.022
 1.864	16.786
 1.865	16.531
 1.866	16.278
 1.867	16.016
 1.868	15.754
 1.869	15.482
 1.870	15.197
 1.871	14.907
 1.872	14.600
 1.873	14.296
 1.874	13.998
 1.875	13.681
 1.876	13.375
 1.877	13.067
 1.878	12.757
 1.879	12.464
 1.880	12.171
 1.881	11.888
 1.882	11.592
 1.883	11.292
 1.884	11.007
 1.885	10.729
 1.886	10.454
 1.887	10.191
 1.888	 9.946
 1.889	 9.708
 1.890	 9.491
 1.891	 9.281
 1.892	 9.091
 1.893	 8.897
 1.894	 8.701
 1.895	 8.514
 1.896	 8.341
 1.897	 8.186
 1.898	 8.052
 1.899	 7.932
 1.900	 7.822
 1.901	 7.719
 1.902	 7.637
 1.903	 7.576
 1.904	 7.520
 1.905	 7.480
 1.906	 7.437
 1.907	 7.369
 1.908	 7.311
 1.909	 7.247
 1.910	 7.189
 1.911	 7.146
 1.912	 7.127
 1.913	 7.094
 1.914	 7.065
 1.915	 7.035
 1.916	 6.993
 1.917	 6.954
 1.918	 6.919
 1.919	 6.893
 1.920	 6.876
 1.921	 6.855
 1.922	 6.851
 1.923	 6.867
 1.924	 6.867
 1.925	 6.865
 1.926	 6.878
 1.927	 6.875
 1.928	 6.871
 1.929	 6.870
 1.930	 6.871
 1.931	 6.871
 1.932	 6.870
 1.933	 6.871
 1.934	 6.872
 1.935	 6.878
 1.936	 6.881
 1.937	 6.888
 1.938	 6.902
 1.939	 6.916
 1.940	 6.915
 1.941	 6.947
 1.942	 6.977
 1.943	 6.983
 1.944	 6.992
 1.945	 6.992
 1.946	 6.995
 1.947	 6.990
 1.948	 7.001
 1.949	 7.023
 1.950	 7.042
 1.951	 7.065
 1.952	 7.093
 1.953	 7.120
 1.954	 7.149
 1.955	 7.172
 1.956	 7.200
 1.957	 7.216
 1.958	 7.215
 1.959	 7.229
 1.960	 7.230
 1.961	 7.251
 1.962	 7.293
 1.963	 7.334
 1.964	 7.369
 1.965	 7.408
 1.966	 7.411
 1.967	 7.414
 1.968	 7.430
 1.969	 7.440
 1.970	 7.464
 1.971	 7.510
 1.972	 7.542
 1.973	 7.575
 1.974	 7.603
 1.975	 7.628
 1.976	 7.669
 1.977	 7.709
 1.978	 7.749
 1.979	 7.785
 1.980	 7.814
 1.981	 7.849
 1.982	 7.881
 1.983	 7.920
 1.984	 7.968
 1.985	 8.009
 1.986	 8.049
 1.987	 8.091
 1.988	 8.118
 1.989	 8.148
 1.990	 8.171
 1.991	 8.179
 1.992	 8.206
 1.993	 8.240
 1.994	 8.274
 1.995	 8.321
 1.996	 8.361
 1.997	 8.396
 1.998	 8.434
 1.999	 8.475
 2.000	 8.512
 2.001	 8.560
 2.002	 8.592
 2.003	 8.623
 2.004	 8.669
 2.005	 8.704
 2.006	 8.734
 2.007	 8.768
 2.008	 8.802
 2.009	 8.832
 2.010	 8.853
 2.011	 8.891
 2.012	 8.929
 2.013	 8.986
 2.014	 9.053
 2.015	 9.110
 2.016	 9.147
 2.017	 9.173
 2.018	 9.205
 2.019	 9.226
 2.020	 9.261
 2.021	 9.301
 2.022	 9.342
 2.023	 9.387
 2.024	 9.431
 2.025	 9.481
 2.026	 9.527
 2.027	 9.573
 2.028	 9.614
 2.029	 9.644
 2.030	 9.677
 2.031	 9.713
 2.032	 9.746
 2.033	 9.780
 2.034	 9.826
 2.035	 9.855
 2.036	 9.871
 2.037	 9.893
 2.038	 9.906
 2.039	 9.928
 2.040	 9.962
 2.041	 9.986
 2.042	10.014
 2.043	10.025
 2.044	10.043
 2.045	10.056
 2.046	10.077
 2.047	10.101
 2.048	10.130
 2.049	10.164
 2.050	10.198
 2.051	10.237
 2.052	10.277
 2.053	10.319
 2.054	10.362
 2.055	10.411
 2.056	10.461
 2.057	10.490
 2.058	10.523
 2.059	10.554
 2.060	10.574
 2.061	10.602
 2.062	10.642
 2.063	10.665
 2.064	10.673
 2.065	10.699
 2.066	10.726
 2.067	10.755
 2.068	10.800
 2.069	10.836
 2.070	10.870
 2.071	10.896
 2.072	10.925
 2.073	10.938
 2.074	10.952
 2.075	10.955
 2.076	10.972
 2.077	10.983
 2.078	11.016
 2.079	11.063
 2.080	11.106
 2.081	11.172
 2.082	11.215
 2.083	11.243
 2.084	11.276
 2.085	11.294
 2.086	11.322
 2.087	11.361
 2.088	11.384
 2.089	11.422
 2.090	11.467
 2.091	11.504
 2.092	11.552
 2.093	11.576
 2.094	11.576
 2.095	11.597
 2.096	11.609
 2.097	11.636
 2.098	11.691
 2.099	11.723
 2.100	11.730
 2.101	11.768
 2.102	11.824
 2.103	11.863
 2.104	11.921
 2.105	11.963
 2.106	11.996
 2.107	12.006
 2.108	12.026
 2.109	12.044
 2.110	12.071
 2.111	12.088
 2.112	12.123
 2.113	12.187
 2.114	12.227
 2.115	12.267
 2.116	12.298
 2.117	12.297
 2.118	12.327
 2.119	12.376
 2.120	12.414
 2.121	12.465
 2.122	12.512
 2.123	12.546
 2.124	12.562
 2.125	12.586
 2.126	12.607
 2.127	12.628
 2.128	12.640
 2.129	12.665
 2.130	12.691
 2.131	12.726
 2.132	12.779
 2.133	12.818
 2.134	12.867
 2.135	12.897
 2.136	12.900
 2.137	12.920
 2.138	12.930
 2.139	12.954
 2.140	13.012
 2.141	13.043
 2.142	13.070
 2.143	13.097
 2.144	13.115
 2.145	13.109
 2.146	13.134
 2.147	13.171
 2.148	13.202
 2.149	13.249
 2.150	13.275
 2.151	13.286
 2.152	13.304
 2.153	13.311
 2.154	13.334
 2.155	13.367
 2.156	13.401
 2.157	13.456
 2.158	13.492
 2.159	13.521
 2.160	13.543
 2.161	13.543
 2.162	13.550
 2.163	13.571
 2.164	13.606
 2.165	13.624
 2.166	13.648
 2.167	13.667
 2.168	13.673
 2.169	13.681
 2.170	13.694
 2.171	13.705
 2.172	13.701
 2.173	13.712
 2.174	13.741
 2.175	13.760
 2.176	13.786
 2.177	13.803
 2.178	13.812
 2.179	13.819
 2.180	13.806
 2.181	13.811
 2.182	13.818
 2.183	13.835
 2.184	13.859
 2.185	13.904
 2.186	13.926
 2.187	13.943
 2.188	13.961
 2.189	13.969
 2.190	13.978
 2.191	13.995
 2.192	14.000
 2.193	13.988
 2.194	13.996
 2.195	14.006
 2.196	14.020
 2.197	14.059
 2.198	14.070
 2.199	14.066
 2.200	14.063
 2.201	14.043
 2.202	14.028
 2.203	14.003
 2.204	14.002
 2.205	14.009
 2.206	14.034
 2.207	14.050
 2.208	14.089
 2.209	14.100
 2.210	14.094
 2.211	14.089
 2.212	14.070
 2.213	14.073
 2.214	14.079
 2.215	14.087
 2.216	14.127
 2.217	14.125
 2.218	14.102
 2.219	14.083
 2.220	14.019
 2.221	14.014
 2.222	14.047
 2.223	14.065
 2.224	14.138
 2.225	14.152
 2.226	14.120
 2.227	14.095
 2.228	14.037
 2.229	13.996
 2.230	13.965
 2.231	13.934
 2.232	13.922
 2.233	13.913
 2.234	13.891
 2.235	13.885
 2.236	13.838
 2.237	13.758
 2.238	13.699
 2.239	13.621
 2.240	13.568
 2.241	13.535
 2.242	13.495
 2.243	13.457
 2.244	13.420
 2.245	13.391
 2.246	13.340
 2.247	13.275
 2.248	13.219
 2.249	13.143
 2.250	13.093
 2.251	13.056
 2.252	13.027
 2.253	13.030
 2.254	12.998
 2.255	12.958
 2.256	12.916
 2.257	12.840
 2.258	12.787
 2.259	12.747
 2.260	12.714
 2.261	12.707
 2.262	12.675
 2.263	12.628
 2.264	12.594
 2.265	12.544
 2.266	12.489
 2.267	12.448
 2.268	12.425
 2.269	12.384
 2.270	12.337
 2.271	12.297
 2.272	12.251
 2.273	12.216
 2.274	12.188
 2.275	12.165
 2.276	12.155
 2.277	12.134
 2.278	12.110
 2.279	12.096
 2.280	12.096
 2.281	12.065
 2.282	12.041
 2.283	11.988
 2.284	11.880
 2.285	11.810
 2.286	11.727
 2.287	11.683
 2.288	11.686
 2.289	11.664
 2.290	11.660
 2.291	11.645
 2.292	11.610
 2.293	11.579
 2.294	11.555
 2.295	11.509
 2.296	11.444
 2.297	11.384
 2.298	11.303
 2.299	11.250
 2.300	11.218
 2.301	11.146
 2.302	11.089
 2.303	11.062
 2.304	11.018
 2.305	10.969
 2.306	10.906
 2.307	10.855
 2.308	10.833
 2.309	10.826
 2.310	10.855
 2.311	10.869
 2.312	10.875
 2.313	10.877
 2.314	10.879
 2.315	10.865
 2.316	10.865
 2.317	10.872
 2.318	10.857
 2.319	10.836
 2.320	10.831
 2.321	10.823
 2.322	10.811
 2.323	10.806
 2.324	10.806
 2.325	10.787
 2.326	10.790
 2.327	10.836
 2.328	10.839
 2.329	10.811
 2.330	10.806
 2.331	10.808
 2.332	10.774
 2.333	10.745
 2.334	10.701
 2.335	10.597
 2.336	10.541
 2.337	10.507
 2.338	10.481
 2.339	10.468
 2.340	10.473
 2.341	10.531
 2.342	10.512
 2.343	10.466
 2.344	10.420
 2.345	10.303
 2.346	10.236
 2.347	10.195
 2.348	10.166
 2.349	10.168
 2.350	10.150
 2.351	10.132
 2.352	10.115
 2.353	10.054
 2.354	10.065
 2.355	10.125
 2.356	10.191
 2.357	10.238
 2.358	10.224
 2.359	10.169
 2.360	10.100
 2.361	10.054
 2.362	10.044
 2.363	10.027
 2.364	10.014
 2.365	10.036
 2.366	10.039
 2.367	10.015
 2.368	 9.993
 2.369	 9.965
 2.370	 9.947
 2.371	 9.951
 2.372	 9.964
 2.373	 9.962
 2.374	 9.936
 2.375	 9.867
 2.376	 9.828
 2.377	 9.826
 2.378	 9.817
 2.379	 9.844
 2.380	 9.857
 2.381	 9.806
 2.382	 9.743
 2.383	 9.694
 2.384	 9.593
 2.385	 9.499
 2.386	 9.485
 2.387	 9.441
 2.388	 9.429
 2.389	 9.503
 2.390	 9.496
 2.391	 9.467
 2.392	 9.489
 2.393	 9.417
 2.394	 9.343
 2.395	 9.302
 2.396	 9.252
 2.397	 9.284
 2.398	 9.327
 2.399	 9.340
 2.400	 9.386
 2.401	 9.390
 2.402	 9.293
 2.403	 9.266
 2.404	 9.269
 2.405	 9.245
 2.406	 9.271
 2.407	 9.274
 2.408	 9.240
 2.409	 9.213
 2.410	 9.195
 2.411	 9.133
 2.412	 9.099
 2.413	 8.989
 2.414	 8.860
 2.415	 8.902
 2.416	 8.942
 2.417	 9.110
 2.418	 9.337
 2.419	 9.333
 2.420	 9.217
 2.421	 9.077
 2.422	 8.916
 2.423	 8.880
 2.424	 8.953
 2.425	 8.935
 2.426	 8.897
 2.427	 8.871
 2.428	 8.765
 2.429	 8.656
 2.430	 8.614
 2.431	 8.620
 2.432	 8.674
 2.433	 8.734
 2.434	 8.732
 2.435	 8.682
 2.436	 8.626
 2.437	 8.550
 2.438	 8.468
 2.439	 8.428
 2.440	 8.367
 2.441	 8.301
 2.442	 8.304
 2.443	 8.323
 2.444	 8.268
 2.445	 8.244
 2.446	 8.297
 2.447	 8.288
 2.448	 8.302
 2.449	 8.413
 2.450	 8.541
 2.451	 8.648
 2.452	 8.671
 2.453	 8.666
 2.454	 8.653
 2.455	 8.613
 2.456	 8.674
 2.457	 8.650
 2.458	 8.564
 2.459	 8.539
 2.460	 8.420
 2.461	 8.320
 2.462	 8.182
 2.463	 8.009
 2.464	 7.965
 2.465	 7.940
 2.466	 7.890
 2.467	 7.879
 2.468	 7.803
 2.469	 7.946
 2.470	 8.045
 2.471	 8.188
 2.472	 8.213
 2.473	 8.120
 2.474	 8.043
 2.475	 7.788
 2.476	 7.781
 2.477	 8.046
 2.478	 8.053
 2.479	 8.057
 2.480	 8.092
 2.481	 7.941
 2.482	 7.891
 2.483	 8.008
 2.484	 7.970
 2.485	 7.926
 2.486	 8.064
 2.487	 7.963
 2.488	 7.992
 2.489	 8.026
 2.490	 7.859
 2.491	 7.880
 2.492	 7.779
 2.493	 7.678
 2.494	 7.932
 2.495	 8.342
 2.496	 8.281
 2.497	 8.055
 2.498	 8.030
 2.499	 7.599
 2.500	 7.434
 2.500	 5.368
 2.501	 5.398
 2.503	 5.398
 2.504	 5.412
 2.505	 5.383
 2.506	 5.346
 2.507	 5.318
 2.509	 5.414
 2.510	 5.392
 2.511	 5.312
 2.512	 5.286
 2.514	 5.344
 2.515	 5.363
 2.516	 5.328
 2.517	 5.330
 2.518	 5.342
 2.520	 5.308
 2.521	 5.337
 2.522	 5.354
 2.523	 5.270
 2.525	 5.280
 2.526	 5.364
 2.527	 5.360
 2.528	 5.400
 2.530	 5.385
 2.531	 5.289
 2.532	 5.188
 2.533	 5.301
 2.534	 5.359
 2.536	 5.369
 2.537	 5.339
 2.538	 5.403
 2.539	 5.413
 2.541	 5.444
 2.542	 5.408
 2.543	 5.371
 2.544	 5.339
 2.546	 5.341
 2.547	 5.341
 2.548	 5.359
 2.549	 5.369
 2.551	 5.358
 2.552	 5.280
 2.553	 5.302
 2.554	 5.325
 2.556	 5.404
 2.557	 5.388
 2.558	 5.424
 2.559	 5.401
 2.561	 5.313
 2.562	 5.273
 2.563	 5.354
 2.565	 5.366
 2.566	 5.422
 2.567	 5.397
 2.568	 5.371
 2.570	 5.314
 2.571	 5.377
 2.572	 5.488
 2.573	 5.447
 2.575	 5.383
 2.576	 5.444
 2.577	 5.443
 2.579	 5.469
 2.580	 5.460
 2.581	 5.402
 2.582	 5.307
 2.584	 5.330
 2.585	 5.354
 2.586	 5.339
 2.588	 5.286
 2.589	 5.307
 2.590	 5.298
 2.591	 5.436
 2.593	 5.431
 2.594	 5.273
 2.595	 5.099
 2.597	 5.232
 2.598	 5.369
 2.599	 5.431
 2.601	 5.380
 2.602	 5.412
 2.603	 5.398
 2.604	 5.299
 2.606	 5.139
 2.607	 5.181
 2.608	 5.227
 2.610	 5.246
 2.611	 5.275
 2.612	 5.248
 2.614	 5.159
 2.615	 5.166
 2.616	 5.048
 2.618	 5.013
 2.619	 5.108
 2.620	 5.064
 2.622	 5.055
 2.623	 5.119
 2.624	 5.115
 2.626	 5.103
 2.627	 4.960
 2.628	 4.984
 2.630	 4.959
 2.631	 4.939
 2.632	 5.015
 2.634	 5.010
 2.635	 4.978
 2.636	 5.052
 2.638	 5.004
 2.639	 4.955
 2.640	 4.939
 2.642	 4.949
 2.643	 4.936
 2.644	 4.931
 2.646	 4.878
 2.647	 4.897
 2.648	 4.894
 2.650	 4.909
 2.651	 4.775
 2.652	 4.686
 2.654	 4.724
 2.655	 4.764
 2.657	 4.775
 2.658	 4.789
 2.659	 4.622
 2.661	 4.603
 2.662	 4.622
 2.663	 4.580
 2.665	 4.438
 2.666	 4.348
 2.667	 4.277
 2.669	 4.338
 2.670	 4.304
 2.672	 4.353
 2.673	 4.419
 2.674	 4.381
 2.676	 4.308
 2.677	 4.311
 2.678	 4.301
 2.680	 4.293
 2.681	 4.323
 2.683	 4.329
 2.684	 4.285
 2.685	 4.309
 2.687	 4.249
 2.688	 4.220
 2.690	 4.216
 2.691	 4.227
 2.692	 4.174
 2.694	 4.069
 2.695	 4.014
 2.697	 4.028
 2.698	 4.023
 2.699	 4.039
 2.701	 3.939
 2.702	 3.957
 2.704	 3.956
 2.705	 3.974
 2.706	 3.927
 2.708	 3.845
 2.709	 3.716
 2.711	 3.653
 2.712	 3.640
 2.713	 3.769
 2.715	 3.811
 2.716	 3.761
 2.718	 3.695
 2.719	 3.679
 2.721	 3.540
 2.722	 3.591
 2.723	 3.598
 2.725	 3.553
 2.726	 3.564
 2.728	 3.665
 2.729	 3.677
 2.731	 3.697
 2.732	 3.684
 2.734	 3.613
 2.735	 3.546
 2.736	 3.629
 2.738	 3.591
 2.739	 3.471
 2.741	 3.432
 2.742	 3.534
 2.744	 3.552
 2.745	 3.613
 2.747	 3.634
 2.748	 3.639
 2.749	 3.595
 2.751	 3.540
 2.752	 3.454
 2.754	 3.457
 2.755	 3.404
 2.757	 3.437
 2.758	 3.498
 2.760	 3.546
 2.761	 3.549
 2.763	 3.502
 2.764	 3.401
 2.766	 3.510
 2.767	 3.531
 2.769	 3.468
 2.770	 3.462
 2.772	 3.497
 2.773	 3.453
 2.774	 3.493
 2.776	 3.449
 2.777	 3.469
 2.779	 3.520
 2.780	 3.622
 2.782	 3.557
 2.783	 3.478
 2.785	 3.443
 2.786	 3.428
 2.788	 3.449
 2.789	 3.542
 2.791	 3.489
 2.792	 3.494
 2.794	 3.465
 2.795	 3.470
 2.797	 3.443
 2.798	 3.456
 2.800	 3.377
 2.801	 3.403
 2.803	 3.497
 2.804	 3.556
 2.806	 3.505
 2.808	 3.466
 2.809	 3.406
 2.811	 3.463
 2.812	 3.454
 2.814	 3.456
 2.815	 3.440
 2.817	 3.521
 2.818	 3.494
 2.820	 3.502
 2.821	 3.413
 2.823	 3.428
 2.824	 3.460
 2.826	 3.491
 2.827	 3.519
 2.829	 3.543
 2.831	 3.487
 2.832	 3.545
 2.834	 3.498
 2.835	 3.463
 2.837	 3.484
 2.838	 3.500
 2.840	 3.449
 2.841	 3.463
 2.843	 3.453
 2.844	 3.489
 2.846	 3.514
 2.848	 3.518
 2.849	 3.483
 2.851	 3.495
 2.852	 3.439
 2.854	 3.440
 2.855	 3.413
 2.857	 3.449
 2.859	 3.437
 2.860	 3.446
 2.862	 3.493
 2.863	 3.551
 2.865	 3.480
 2.866	 3.467
 2.868	 3.435
 2.870	 3.454
 2.871	 3.423
 2.873	 3.460
 2.874	 3.426
 2.876	 3.411
 2.878	 3.452
 2.879	 3.484
 2.881	 3.422
 2.882	 3.366
 2.884	 3.387
 2.886	 3.473
 2.887	 3.496
 2.889	 3.530
 2.890	 3.490
 2.892	 3.503
 2.894	 3.466
 2.895	 3.529
 2.897	 3.514
 2.899	 3.486
 2.900	 3.394
 2.902	 3.395
 2.903	 3.447
 2.905	 3.477
 2.907	 3.433
 2.908	 3.511
 2.910	 3.538
 2.912	 3.514
 2.913	 3.491
 2.915	 3.563
 2.916	 3.495
 2.918	 3.444
 2.920	 3.421
 2.921	 3.416
 2.923	 3.409
 2.925	 3.446
 2.926	 3.446
 2.928	 3.497
 2.930	 3.460
 2.931	 3.487
 2.933	 3.427
 2.935	 3.460
 2.936	 3.537
 2.938	 3.544
 2.940	 3.513
 2.941	 3.552
 2.943	 3.455
 2.945	 3.489
 2.946	 3.472
 2.948	 3.465
 2.950	 3.473
 2.951	 3.539
 2.953	 3.492
 2.955	 3.504
 2.956	 3.525
 2.958	 3.524
 2.960	 3.466
 2.961	 3.471
 2.963	 3.446
 2.965	 3.508
 2.967	 3.509
 2.968	 3.469
 2.970	 3.452
 2.972	 3.514
 2.973	 3.513
 2.975	 3.518
 2.977	 3.587
 2.978	 3.595
 2.980	 3.516
 2.982	 3.597
 2.984	 3.578
 2.985	 3.539
 2.987	 3.463
 2.989	 3.472
 2.990	 3.542
 2.992	 3.576
 2.994	 3.556
 2.996	 3.519
 2.997	 3.481
 2.999	 3.521
 3.001	 3.500
 3.003	 3.511
 3.004	 3.516
 3.006	 3.507
 3.008	 3.495
 3.010	 3.488
 3.011	 3.441
 3.013	 3.439
 3.015	 3.502
 3.017	 3.559
 3.018	 3.539
 3.020	 3.534
 3.022	 3.534
 3.024	 3.555
 3.025	 3.527
 3.027	 3.609
 3.029	 3.631
 3.031	 3.653
 3.032	 3.572
 3.034	 3.562
 3.036	 3.553
 3.038	 3.555
 3.040	 3.518
 3.041	 3.545
 3.043	 3.555
 3.045	 3.623
 3.047	 3.609
 3.048	 3.561
 3.050	 3.513
 3.052	 3.557
 3.054	 3.587
 3.056	 3.579
 3.057	 3.559
 3.059	 3.591
 3.061	 3.552
 3.063	 3.534
 3.065	 3.518
 3.067	 3.550
 3.068	 3.518
 3.070	 3.482
 3.072	 3.422
 3.074	 3.481
 3.076	 3.532
 3.077	 3.555
 3.079	 3.534
 3.081	 3.531
 3.083	 3.494
 3.085	 3.564
 3.087	 3.535
 3.088	 3.494
 3.090	 3.514
 3.092	 3.570
 3.094	 3.558
 3.096	 3.534
 3.098	 3.464
 3.100	 3.502
 3.101	 3.521
 3.103	 3.514
 3.105	 3.530
 3.107	 3.582
 3.109	 3.588
 3.111	 3.535
 3.113	 3.447
 3.114	 3.478
 3.116	 3.472
 3.118	 3.498
 3.120	 3.508
 3.122	 3.537
 3.124	 3.548
 3.126	 3.513
 3.128	 3.448
 3.129	 3.500
 3.131	 3.550
 3.133	 3.587
 3.135	 3.535
 3.137	 3.511
 3.139	 3.509
 3.141	 3.532
 3.143	 3.495
 3.145	 3.487
 3.147	 3.471
 3.148	 3.505
 3.150	 3.481
 3.152	 3.473
 3.154	 3.492
 3.156	 3.514
 3.158	 3.448
 3.160	 3.455
 3.162	 3.456
 3.164	 3.482
 3.166	 3.465
 3.168	 3.444
 3.170	 3.429
 3.172	 3.480
 3.173	 3.470
 3.175	 3.507
 3.177	 3.483
 3.179	 3.473
 3.181	 3.433
 3.183	 3.470
 3.185	 3.482
 3.187	 3.475
 3.189	 3.458
 3.191	 3.513
 3.193	 3.488
 3.195	 3.476
 3.197	 3.488
 3.199	 3.487
 3.201	 3.417
 3.203	 3.414
 3.205	 3.444
 3.207	 3.480
 3.209	 3.432
 3.211	 3.439
 3.213	 3.466
 3.215	 3.463
 3.217	 3.415
 3.219	 3.419
 3.221	 3.420
 3.223	 3.454
 3.225	 3.421
 3.227	 3.418
 3.229	 3.385
 3.231	 3.382
 3.233	 3.413
 3.235	 3.460
 3.237	 3.426
 3.239	 3.424
 3.241	 3.413
 3.243	 3.428
 3.245	 3.388
 3.247	 3.407
 3.249	 3.425
 3.251	 3.432
 3.253	 3.405
 3.255	 3.443
 3.257	 3.488
 3.259	 3.513
 3.261	 3.392
 3.263	 3.380
 3.265	 3.391
 3.267	 3.414
 3.270	 3.398
 3.272	 3.372
 3.274	 3.345
 3.276	 3.378
 3.278	 3.377
 3.280	 3.365
 3.282	 3.365
 3.284	 3.388
 3.286	 3.355
 3.288	 3.341
 3.290	 3.357
 3.292	 3.408
 3.294	 3.366
 3.297	 3.326
 3.299	 3.314
 3.301	 3.326
 3.303	 3.289
 3.305	 3.322
 3.307	 3.295
 3.309	 3.273
 3.311	 3.266
 3.313	 3.276
 3.316	 3.214
 3.318	 3.179
 3.320	 3.208
 3.322	 3.262
 3.324	 3.250
 3.326	 3.267
 3.328	 3.249
 3.330	 3.238
 3.333	 3.238
 3.335	 3.263
 3.337	 3.242
 3.339	 3.199
 3.341	 3.132
 3.343	 3.153
 3.345	 3.162
 3.348	 3.170
 3.350	 3.150
 3.352	 3.128
 3.354	 3.100
 3.356	 3.109
 3.358	 3.083
 3.361	 3.101
 3.363	 3.037
 3.365	 3.041
 3.367	 3.048
 3.369	 3.021
 3.372	 3.022
 3.374	 2.995
 3.376	 2.932
 3.378	 2.969
 3.380	 3.008
 3.383	 3.028
 3.385	 2.961
 3.387	 2.957
 3.389	 2.929
 3.391	 2.872
 3.394	 2.767
 3.396	 2.726
 3.398	 2.694
 3.400	 2.697
 3.403	 2.653
 3.405	 2.625
 3.407	 2.574
 3.409	 2.618
 3.411	 2.609
 3.414	 2.652
 3.416	 2.750
 3.418	 2.922
 3.420	 3.182
 3.423	 3.652
 3.425	 4.379
 3.427	 5.267
 3.430	 5.910
 3.432	 5.996
 3.434	 5.696
 3.436	 5.325
 3.439	 5.017
 3.441	 4.810
 3.443	 4.630
 3.445	 4.514
 3.448	 4.469
 3.450	 4.460
 3.452	 4.404
 3.455	 4.374
 3.457	 4.285
 3.459	 4.217
 3.462	 4.206
 3.464	 4.203
 3.466	 4.166
 3.469	 4.104
 3.471	 4.041
 3.473	 4.008
 3.476	 3.921
 3.478	 3.835
 3.480	 3.778
 3.483	 3.749
 3.485	 3.712
 3.487	 3.688
 3.490	 3.610
 3.492	 3.536
 3.494	 3.418
 3.497	 3.378
 3.499	 3.328
 3.501	 3.275
 3.504	 3.261
 3.506	 3.561
 3.508	 4.433
 3.511	 5.496
 3.513	 5.841
 3.516	 5.602
 3.518	 5.253
 3.520	 5.000
 3.523	 4.782
 3.525	 4.647
 3.528	 4.562
 3.530	 4.497
 3.532	 4.438
 3.535	 4.425
 3.537	 4.356
 3.540	 4.278
 3.542	 4.270
 3.544	 4.268
 3.547	 4.233
 3.549	 4.222
 3.552	 4.183
 3.554	 4.197
 3.557	 4.164
 3.559	 4.109
 3.561	 4.095
 3.564	 4.107
 3.566	 4.132
 3.569	 4.197
 3.571	 4.152
 3.574	 4.087
 3.576	 4.039
 3.579	 4.065
 3.581	 4.107
 3.584	 4.107
 3.586	 4.072
 3.589	 4.081
 3.591	 4.109
 3.594	 4.152
 3.596	 4.103
 3.599	 4.072
 3.601	 4.073
 3.604	 4.088
 3.606	 4.069
 3.609	 4.067
 3.611	 4.076
 3.614	 4.107
 3.616	 4.093
 3.619	 4.069
 3.621	 4.014
 3.624	 4.005
 3.626	 4.049
 3.629	 4.050
 3.631	 4.049
 3.634	 4.033
 3.636	 3.988
 3.639	 4.027
 3.641	 4.028
 3.644	 4.037
 3.647	 4.054
 3.649	 4.065
 3.652	 4.046
 3.654	 4.021
 3.657	 4.003
 3.659	 4.011
 3.662	 4.022
 3.665	 4.026
 3.667	 3.993
 3.670	 4.020
 3.672	 4.023
 3.675	 4.047
 3.678	 4.039
 3.680	 4.045
 3.683	 4.058
 3.685	 4.060
 3.688	 4.025
 3.691	 4.063
 3.693	 4.061
 3.696	 4.052
 3.699	 4.018
 3.701	 3.992
 3.704	 3.988
 3.707	 4.021
 3.709	 4.006
 3.712	 4.015
 3.715	 4.030
 3.717	 4.026
 3.720	 4.008
 3.723	 4.039
 3.725	 4.052
 3.728	 4.072
 3.731	 4.052
 3.733	 4.052
 3.736	 4.068
 3.739	 4.087
 3.741	 4.071
 3.744	 4.084
 3.747	 4.103
 3.749	 4.092
 3.752	 4.060
 3.755	 4.079
 3.758	 4.074
 3.760	 4.052
 3.763	 4.059
 3.766	 4.113
 3.769	 4.118
 3.771	 4.134
 3.774	 4.139
 3.777	 4.087
 3.779	 4.063
 3.782	 4.110
 3.785	 4.118
 3.788	 4.114
 3.791	 4.097
 3.793	 4.133
 3.796	 4.137
 3.799	 4.147
 3.802	 4.169
 3.804	 4.162
 3.807	 4.119
 3.810	 4.133
 3.813	 4.146
 3.816	 4.193
 3.818	 4.211
 3.821	 4.172
 3.824	 4.106
 3.827	 4.108
 3.830	 4.178
 3.833	 4.201
 3.835	 4.171
 3.838	 4.174
 3.841	 4.207
 3.844	 4.250
 3.847	 4.202
 3.850	 4.170
 3.852	 4.193
 3.855	 4.217
 3.858	 4.221
 3.861	 4.239
 3.864	 4.201
 3.867	 4.178
 3.870	 4.195
 3.873	 4.232
 3.876	 4.255
 3.878	 4.271
 3.881	 4.253
 3.884	 4.230
 3.887	 4.193
 3.890	 4.220
 3.893	 4.241
 3.896	 4.266
 3.899	 4.244
 3.902	 4.201
 3.905	 4.199
 3.908	 4.258
 3.911	 4.259
 3.914	 4.240
 3.917	 4.226
 3.919	 4.243
 3.922	 4.227
 3.925	 4.229
 3.928	 4.239
 3.931	 4.227
 3.934	 4.265
 3.937	 4.298
 3.940	 4.261
 3.943	 4.230
 3.946	 4.217
 3.949	 4.229
 3.952	 4.229
 3.955	 4.230
 3.958	 4.219
 3.961	 4.255
 3.964	 4.284
 3.967	 4.264
 3.970	 4.253
 3.974	 4.237
 3.977	 4.227
 3.980	 4.262
 3.983	 4.257
 3.986	 4.230
 3.989	 4.238
 3.992	 4.257
 3.995	 4.227
 3.998	 4.243
 4.001	 4.233
 4.004	 4.220
 4.007	 4.208
 4.010	 4.220
 4.014	 4.210
 4.017	 4.224
 4.020	 4.245
 4.023	 4.220
 4.026	 4.200
 4.029	 4.241
 4.032	 4.240
 4.035	 4.262
 4.039	 4.236
 4.042	 4.218
 4.045	 4.216
 4.048	 4.221
 4.051	 4.227
 4.054	 4.257
 4.057	 4.261
 4.061	 4.271
 4.064	 4.247
 4.067	 4.238
 4.070	 4.231
 4.073	 4.214
 4.077	 4.215
 4.080	 4.239
 4.083	 4.257
 4.086	 4.267
 4.089	 4.241
 4.093	 4.227
 4.096	 4.249
 4.099	 4.245
 4.102	 4.221
 4.106	 4.246
 4.109	 4.245
 4.112	 4.212
 4.115	 4.216
 4.119	 4.226
 4.122	 4.215
 4.125	 4.176
 4.129	 4.168
 4.132	 4.215
 4.135	 4.211
 4.138	 4.182
 4.142	 4.191
 4.145	 4.190
 4.148	 4.164
 4.152	 4.198
 4.155	 4.212
 4.158	 4.178
 4.162	 4.166
 4.165	 4.140
 4.168	 4.163
 4.172	 4.195
 4.175	 4.168
 4.178	 4.158
 4.182	 4.165
 4.185	 4.168
 4.189	 4.191
 4.192	 4.202
 4.195	 4.176
 4.199	 4.179
 4.202	 4.202
 4.206	 4.198
 4.209	 4.202
 4.212	 4.265
 4.216	 4.326
 4.219	 4.349
 4.223	 4.289
 4.226	 4.269
 4.230	 4.328
 4.233	 4.377
 4.236	 4.335
 4.240	 4.266
 4.243	 4.224
 4.247	 4.200
 4.250	 4.254
 4.254	 4.290
 4.257	 4.237
 4.261	 4.190
 4.264	 4.242
 4.268	 4.317
 4.271	 4.352
 4.275	 4.295
 4.278	 4.222
 4.282	 4.242
 4.285	 4.231
 4.289	 4.203
 4.293	 4.213
 4.296	 4.210
 4.300	 4.235
 4.303	 4.289
 4.307	 4.187
 4.310	 4.112
 4.314	 4.118
 4.318	 4.061
 4.321	 4.079
 4.325	 4.111
 4.328	 4.124
 4.332	 4.153
 4.336	 4.124
 4.339	 4.061
 4.343	 4.053
 4.347	 4.041
 4.350	 4.001
 4.354	 4.007
 4.358	 4.051
 4.361	 4.044
 4.365	 4.025
 4.369	 4.027
 4.372	 4.024
 4.376	 4.026
 4.380	 4.034
 4.383	 4.033
 4.387	 4.008
 4.391	 4.009
 4.394	 4.033
 4.398	 4.002
 4.402	 4.019
 4.406	 4.050
 4.409	 4.013
 4.413	 3.979
 4.417	 3.980
 4.421	 3.961
 4.424	 3.986
 4.428	 4.035
 4.432	 4.039
 4.436	 3.993
 4.440	 3.986
 4.443	 4.008
 4.447	 4.006
 4.451	 3.956
 4.455	 3.947
 4.459	 3.982
 4.463	 3.966
 4.466	 3.951
 4.470	 3.946
 4.474	 3.961
 4.478	 3.966
 4.482	 3.949
 4.486	 3.931
 4.490	 3.945
 4.493	 3.965
 4.497	 3.973
 4.501	 3.954
 4.505	 3.923
 4.509	 3.912
 4.513	 3.883
 4.517	 3.889
 4.521	 3.907
 4.525	 3.910
 4.529	 3.907
 4.533	 3.905
 4.537	 3.927
 4.541	 3.958
 4.545	 3.960
 4.549	 3.911
 4.553	 3.903
 4.557	 3.942
 4.561	 3.931
 4.565	 3.926
 4.569	 3.924
 4.573	 3.952
 4.577	 3.951
 4.581	 3.924
 4.585	 3.889
 4.589	 3.863
 4.593	 3.857
 4.597	 3.873
 4.601	 3.905
 4.605	 3.924
 4.609	 3.889
 4.613	 3.878
 4.617	 3.871
 4.622	 3.869
 4.626	 3.857
 4.630	 3.903
 4.634	 3.892
 4.638	 3.857
 4.642	 3.867
 4.646	 3.867
 4.651	 3.827
 4.655	 3.821
 4.659	 3.867
 4.663	 3.925
 4.667	 3.903
 4.672	 3.866
 4.676	 3.848
 4.680	 3.880
 4.684	 3.884
 4.688	 3.882
 4.693	 3.824
 4.697	 3.825
 4.701	 3.839
 4.705	 3.856
 4.710	 3.867
 4.714	 3.884
 4.718	 3.861
 4.723	 3.849
 4.727	 3.847
 4.731	 3.834
 4.736	 3.837
 4.740	 3.870
 4.744	 3.835
 4.749	 3.830
 4.753	 3.851
 4.757	 3.878
 4.762	 3.849
 4.766	 3.848
 4.770	 3.865
 4.775	 3.870
 4.779	 3.883
 4.784	 3.922
 4.788	 3.922
 4.792	 3.885
 4.797	 3.861
 4.801	 3.877
 4.806	 3.841
 4.810	 3.857
 4.815	 3.856
 4.819	 3.848
 4.824	 3.846
 4.828	 3.868
 4.833	 3.830
 4.837	 3.815
 4.842	 3.837
 4.846	 3.821
 4.851	 3.811
 4.855	 3.839
 4.860	 3.855
 4.864	 3.894
 4.869	 3.882
 4.874	 3.865
 4.878	 3.863
 4.883	 3.888
 4.887	 3.908
 4.892	 3.925
 4.897	 3.902
 4.901	 3.849
 4.906	 3.849
 4.910	 3.904
 4.915	 3.899
 4.920	 3.908
 4.924	 3.911
 4.929	 3.904
 4.934	 3.879
 4.939	 3.863
 4.943	 3.891
 4.948	 3.945
 4.953	 3.925
 4.957	 3.930
 4.962	 3.962
 4.967	 3.952
 4.972	 3.919
 4.976	 3.924
 4.981	 3.923
 4.986	 3.941
 4.991	 3.944
 4.996	 3.952
 5.000	 3.931
 5.005	 3.909
 5.010	 3.912
 5.015	 3.935
 5.020	 3.929
 5.025	 3.945
 5.030	 3.922
 5.034	 3.948
 5.039	 3.975
 5.044	 3.951
 5.049	 3.937
 5.054	 4.013
 5.059	 4.024
 5.064	 4.022
 5.069	 4.002
 5.074	 3.978
 5.079	 3.949
 5.084	 3.939
 5.089	 3.952
 5.094	 3.980
 5.099	 3.953
 5.104	 3.977
 5.109	 3.986
 5.114	 3.994
 5.119	 4.006
 5.124	 4.013
 5.129	 4.009
 5.134	 3.998
 5.139	 3.983
 5.144	 3.960
 5.149	 3.934
 5.155	 3.991
 5.160	 3.996
 5.165	 4.003
 5.170	 4.027
 5.175	 4.038
 5.180	 4.000
 5.185	 3.983
 5.191	 3.991
 5.196	 4.016
 5.201	 3.997
 5.206	 4.017
 5.211	 3.956
 5.217	 3.945
 5.222	 3.995
 5.227	 4.049
 5.233	 4.030
 5.238	 3.997
 5.243	 3.990
 5.248	 4.004
 5.254	 4.020
 5.259	 4.036
 5.264	 4.024
 5.270	 4.053
 5.275	 4.035
 5.280	 4.027
 5.286	 4.008
 5.291	 3.992
 5.297	 3.999
 5.302	 4.050
 5.308	 4.030
 5.313	 4.027
 5.318	 3.994
 5.324	 3.998
 5.329	 4.033
 5.335	 4.043
 5.340	 4.006
 5.346	 3.968
 5.351	 3.910
 5.357	 3.960
 5.362	 4.002
 5.368	 4.016
 5.374	 3.967
 5.379	 3.961
 5.385	 3.944
 5.390	 3.941
 5.396	 3.901
 5.401	 3.911
 5.407	 3.913
 5.413	 3.905
 5.418	 3.854
 5.424	 3.845
 5.430	 3.900
 5.435	 3.951
 5.441	 3.946
 5.447	 3.952
 5.453	 3.931
 5.458	 3.860
 5.464	 3.788
 5.470	 3.825
 5.476	 3.832
 5.481	 3.837
 5.487	 3.830
 5.493	 3.837
 5.499	 3.807
 5.505	 3.811
 5.511	 3.792
 5.516	 3.744
 5.522	 3.707
 5.528	 3.760
 5.534	 3.764
 5.540	 3.757
 5.546	 3.705
 5.552	 3.695
 5.558	 3.705
 5.564	 3.729
 5.570	 3.681
 5.576	 3.618
 5.582	 3.547
 5.588	 3.596
 5.594	 3.616
 5.600	 3.637
 5.606	 3.598
 5.612	 3.565
 5.618	 3.509
 5.624	 3.500
 5.630	 3.441
 5.636	 3.414
 5.642	 3.354
 5.649	 3.400
 5.655	 3.402
 5.661	 3.414
 5.667	 3.395
 5.673	 3.325
 5.680	 3.267
 5.686	 3.314
 5.692	 3.261
 5.698	 3.263
 5.705	 3.234
 5.711	 3.166
 5.717	 3.140
 5.723	 3.199
 5.730	 3.216
 5.736	 3.242
 5.742	 3.254
 5.749	 3.284
 5.755	 3.312
 5.762	 3.279
 5.768	 3.230
 5.774	 3.367
 5.781	 3.440
 5.787	 3.497
 5.794	 3.477
 5.800	 3.533
 5.807	 3.558
 5.813	 3.583
 5.820	 3.486
 5.826	 3.495
 5.833	 3.552
 5.839	 3.649
 5.846	 3.729
 5.853	 3.811
 5.859	 3.791
 5.866	 3.785
 5.873	 3.824
 5.879	 3.769
 5.886	 3.775
 5.893	 3.820
 5.899	 3.778
 5.906	 3.923
 5.913	 3.976
 5.919	 3.975
 5.926	 3.894
 5.933	 3.773
 5.940	 3.718
 5.947	 3.896
 5.953	 3.953
 5.960	 3.969
 5.967	 3.823
 5.974	 3.779
 5.981	 3.809
 5.988	 3.828
 5.995	 3.784
 6.002	 3.792
 6.009	 3.752
 6.016	 3.762
 6.023	 3.804
 6.030	 3.856
 6.037	 3.803
 6.044	 3.654
 6.051	 3.461
 6.058	 3.620
 6.065	 3.670
 6.072	 3.599
 6.079	 3.580
 6.086	 3.724
 6.093	 3.727
 6.101	 3.745
 6.108	 3.673
 6.115	 3.653
 6.122	 3.717
 6.129	 3.851
 6.137	 3.857
 6.144	 3.867
 6.151	 3.862
 6.158	 3.846
 6.166	 3.857
 6.173	 3.929
 6.180	 3.844
 6.188	 3.897
 6.195	 4.001
 6.203	 4.021
 6.210	 3.983
 6.218	 4.047
 6.225	 4.043
 6.232	 4.044
 6.240	 4.024
 6.248	 4.095
 6.255	 4.042
 6.263	 4.040
 6.270	 4.025
 6.278	 4.025
 6.285	 3.998
 6.293	 4.057
 6.301	 4.031
 6.308	 4.031
 6.316	 4.025
 6.324	 4.044
 6.331	 4.025
 6.339	 3.953
 6.347	 3.811
 6.355	 3.959
 6.362	 3.961
 6.370	 3.912
 6.378	 3.912
 6.386	 3.980
 6.394	 3.962
 6.402	 3.949
 6.410	 3.724
 6.418	 3.677
 6.426	 3.782
 6.434	 3.842
 6.442	 3.862
 6.450	 3.898
 6.458	 3.857
 6.466	 3.876
 6.474	 3.777
 6.482	 3.704
 6.490	 3.607
 6.498	 3.657
 6.506	 3.721
 6.514	 3.765
 6.523	 3.755
 6.531	 3.844
 6.539	 3.802
 6.547	 3.763
 6.556	 3.673
 6.564	 3.660
 6.572	 3.550
 6.580	 3.627
 6.589	 3.646
 6.597	 3.686
 6.606	 3.679
 6.614	 3.691
 6.623	 3.609
 6.631	 3.514
 6.639	 3.435
 6.648	 3.614
 6.657	 3.708
 6.665	 3.661
 6.674	 3.532
 6.682	 3.558
 6.691	 3.615
 6.700	 3.644
 6.708	 3.503
 6.717	 3.473
 6.726	 3.497
 6.734	 3.563
 6.743	 3.478
 6.752	 3.451
 6.761	 3.336
 6.769	 3.233
 6.778	 3.171
 6.787	 3.400
 6.796	 3.672
 6.805	 3.750
 6.814	 3.641
 6.823	 3.614
 6.832	 3.797
 6.841	 4.168
 6.850	 4.099
 6.859	 3.878
 6.868	 3.744
 6.877	 3.916
 6.886	 3.957
 6.896	 3.991
 6.905	 3.919
 6.914	 3.935
 6.923	 3.890
 6.932	 3.897
 6.942	 3.853
 6.951	 3.827
 6.960	 3.751
 6.970	 3.865
 6.979	 3.834
 6.988	 3.835
 6.998	 3.768
 7.007	 3.810
 7.017	 3.808
 7.026	 3.854
 7.036	 3.834
 7.045	 3.851
 7.055	 3.813
 7.065	 3.887
 7.074	 3.923
 7.084	 3.992
 7.094	 3.952
 7.103	 3.950
 7.113	 3.871
 7.123	 3.863
 7.133	 3.870
 7.142	 3.902
 7.152	 3.815
 7.162	 3.820
 7.172	 3.816
 7.182	 3.902
 7.192	 3.870
 7.202	 3.835
 7.212	 3.777
 7.222	 3.867
 7.232	 3.810
 7.242	 3.882
 7.252	 3.897
 7.262	 3.925
 7.273	 3.853
 7.283	 3.866
 7.293	 3.849
 7.303	 3.816
 7.314	 3.762
 7.324	 3.840
 7.334	 3.812
 7.345	 3.858
 7.355	 3.829
 7.366	 3.844
 7.376	 3.770
 7.387	 3.797
 7.397	 3.735
 7.408	 3.786
 7.418	 3.813
 7.429	 3.856
 7.440	 3.784
 7.450	 3.813
 7.461	 3.749
 7.472	 3.793
 7.483	 3.783
 7.493	 3.839
 7.504	 3.779
 7.515	 3.775
 7.526	 3.754
 7.537	 3.833
 7.548	 3.782
 7.559	 3.811
 7.570	 3.813
 7.581	 3.865
 7.592	 3.827
 7.603	 3.814
 7.614	 3.762
 7.626	 3.829
 7.637	 3.741
 7.648	 3.661
 7.659	 3.688
 7.671	 3.795
 7.682	 3.756
 7.694	 3.796
 7.705	 3.741
 7.716	 3.754
 7.728	 3.692
 7.739	 3.755
 7.751	 3.734
 7.763	 3.815
 7.774	 3.781
 7.786	 3.832
 7.798	 3.824
 7.809	 3.879
 7.821	 3.847
 7.833	 3.892
 7.845	 3.841
 7.857	 3.842
 7.869	 3.775
 7.881	 3.830
 7.893	 3.772
 7.905	 3.807
 7.917	 3.787
 7.929	 3.880
 7.941	 3.890
 7.953	 3.951
 7.965	 3.898
 7.978	 3.958
 7.990	 3.887
 8.002	 3.943
 8.015	 3.918
 8.027	 3.958
 8.039	 3.936
 8.052	 3.978
 8.064	 3.911
 8.077	 3.976
 8.090	 3.966
 8.102	 4.044
 8.115	 3.994
 8.128	 4.050
 8.140	 3.968
 8.153	 4.021
 8.166	 4.003
 8.179	 4.086
 8.192	 4.015
 8.205	 4.075
 8.218	 4.074
 8.231	 4.158
 8.244	 4.049
 8.257	 4.081
 8.270	 4.004
 8.283	 4.063
 8.297	 3.971
 8.310	 4.025
 8.323	 4.012
 8.337	 4.120
 8.350	 4.032
 8.364	 4.089
 8.377	 4.042
 8.391	 4.078
 8.404	 4.018
 8.418	 4.088
 8.432	 4.020
 8.445	 4.102
 8.459	 4.075
 8.473	 4.154
 8.487	 4.100
 8.501	 4.201
 8.515	 4.141
 8.529	 4.200
 8.543	 4.168
 8.557	 4.212
 8.571	 4.104
 8.585	 4.226
 8.599	 4.287
 8.614	 4.452
 8.628	 4.360
 8.642	 4.386
 8.657	 4.343
 8.671	 4.461
 8.686	 4.437
 8.700	 4.563
 8.715	 4.521
 8.730	 4.598
 8.744	 4.512
 8.759	 4.603
 8.774	 4.533
 8.789	 4.592
 8.804	 4.559
 8.819	 4.694
 8.834	 4.588
 8.849	 4.568
 8.864	 4.534
 8.879	 4.677
 8.894	 4.601
 8.910	 4.753
 8.925	 4.668
 8.940	 4.718
 8.956	 4.660
 8.971	 4.704
 8.987	 4.650
 9.002	 4.779
 9.018	 4.766
 9.034	 4.916
 9.050	 4.847
 9.065	 4.908
 9.081	 4.857
 9.097	 4.917
 9.113	 4.801
 9.129	 4.866
 9.145	 4.868
 9.162	 5.007
 9.178	 4.891
 9.194	 4.924
 9.210	 4.902
 9.227	 4.987
 9.243	 4.876
 9.260	 4.969
 9.276	 4.912
 9.293	 5.007
 9.310	 4.895
 9.326	 4.934
 9.343	 4.831
 9.360	 4.920
 9.377	 4.889
 9.394	 5.066
 9.411	 4.990
 9.428	 5.050
 9.445	 5.076
 9.462	 5.227
 9.480	 5.084
 9.497	 5.122
 9.515	 5.003
 9.532	 5.106
 9.550	 5.094
 9.567	 5.150
 9.585	 4.987
 9.603	 5.062
 9.620	 4.968
 9.638	 5.069
 9.656	 5.035
 9.674	 5.132
 9.692	 4.955
 9.711	 5.078
 9.729	 5.017
 9.747	 5.025
 9.765	 4.872
 9.784	 4.939
 9.802	 4.845
 9.821	 4.856
 9.839	 4.737
 9.858	 4.753
 9.877	 4.584
 9.896	 4.716
 9.915	 4.685
 9.934	 4.712
 9.953	 4.634
 9.972	 4.664
 9.991	 4.528
10.010	 4.604
10.030	 4.565
10.049	 4.627
10.069	 4.516
10.088	 4.615
10.108	 4.522
10.128	 4.607
10.148	 4.520
10.167	 4.528
10.187	 4.441
10.207	 4.531
10.228	 4.509
10.248	 4.611
10.268	 4.550
10.289	 4.613
10.309	 4.437
10.330	 4.480
10.350	 4.435
10.371	 4.498
10.392	 4.379
10.412	 4.503
10.433	 4.443
10.454	 4.553
10.476	 4.500
10.497	 4.577
10.518	 4.488
10.539	 4.608
10.561	 4.571
10.582	 4.697
10.604	 4.627
10.626	 4.706
10.648	 4.578
10.670	 4.634
10.692	 4.605
10.714	 4.701
10.736	 4.639
10.758	 4.720
10.780	 4.555
10.803	 4.598
10.825	 4.529
10.848	 4.623
10.871	 4.473
10.894	 4.566
10.917	 4.468
10.940	 4.557
10.963	 4.429
10.986	 4.461
11.009	 4.392
11.033	 4.566
11.056	 4.437
11.080	 4.430
11.104	 4.321
11.127	 4.380
11.151	 4.276
11.175	 4.399
11.200	 4.321
11.224	 4.420
11.248	 4.327
11.273	 4.383
11.297	 4.267
11.322	 4.330
11.347	 4.266
11.372	 4.379
11.397	 4.331
11.422	 4.423
11.447	 4.252
11.472	 4.314
11.498	 4.244
11.523	 4.344
11.549	 4.200
11.575	 4.262
11.600	 4.113
11.626	 4.181
11.653	 4.076
11.679	 4.251
11.705	 4.156
11.732	 4.202
11.758	 3.996
11.785	 4.093
11.812	 4.014
11.839	 4.072
11.866	 3.855
11.893	 4.025
11.920	 3.986
11.948	 4.026
11.976	 3.907
12.003	 4.097
12.031	 3.966
12.059	 4.078
12.087	 3.927
12.115	 3.967
12.144	 3.853
12.172	 4.042
12.201	 3.914
12.230	 4.068
12.259	 3.988
12.288	 4.120
12.317	 4.025
12.346	 4.263
12.376	 4.035
12.405	 4.025
12.435	 3.939
12.465	 4.138
12.495	 4.023
12.525	 4.096
12.555	 3.819
12.586	 3.999
12.617	 3.946
12.647	 4.107
12.678	 4.013
12.709	 4.121
12.741	 3.934
12.772	 4.111
12.803	 4.080
12.835	 4.251
12.867	 4.055
12.899	 4.220
12.931	 4.079
12.964	 4.146
12.996	 3.984
13.029	 4.285
13.061	 4.172
13.094	 4.291
13.128	 4.089
13.161	 4.223
13.194	 4.130
13.228	 4.268
13.262	 4.009
13.296	 4.184
13.330	 4.112
13.364	 4.278
13.399	 4.142
13.434	 4.252
13.469	 4.037
13.504	 4.223
13.539	 4.180
13.574	 4.291
13.610	 3.977
13.646	 4.022
13.682	 4.085
13.718	 4.580
13.754	 4.472
13.791	 4.520
13.828	 4.161
13.865	 4.521
13.902	 4.768
13.939	 5.253
13.977	 5.026
14.015	 5.061
14.053	 4.753
14.091	 4.943
14.129	 4.715
14.168	 4.791
14.207	 4.550
14.246	 4.946
14.285	 4.911
14.324	 5.074
14.364	 4.678
14.404	 4.939
14.444	 4.714
14.484	 4.956
14.525	 4.782
14.566	 5.093
14.607	 4.867
14.648	 5.123
14.690	 4.722
14.731	 5.047
14.773	 4.867
14.815	 5.088
14.858	 4.849
14.901	 5.188
14.944	 4.875
14.987	 5.210
15.030	 4.740
15.074	 5.050
15.118	 4.621
15.162	 5.039
15.206	 4.805
15.251	 5.202
15.296	 4.843
15.341	 5.247
15.387	 0.000
