Name: Alunite (potassium alunite) KAl3(SO4)2(OH)6
Type: Mineral
Class: Sulfate
Subclass: None
Particle Size: Coarse
Sample No.: alunite_3
Owner: JHU
Wavelength Range: TIR
Origin: Synthetic; Synthesized by Roger Stoffregen, supplied by PhilBethke (USGS).  
Collection Date: N/A
Description:  The sample was a light gray, microcrystalline powder composed of equant or lath-shaped crystallites from 1 to 15 micrometers in largest dimension.Particle size was 0-15 micrometers, but packed powder simulates coarse. Original ASTER Spectral Library name was jhu.nicolet.mineral.sulfate.none.packed.alunit3.spectrum.txt
Measurement: Bidirectional Reflectance
First Column: X
Second Column: Y
X Units: Wavelength (micrometers)
Y Units:Reflectance (percent)
First X Value: 25.0442
Last X Value:  2.0795
Number of X Values: 2287
Additional Information: None

25.0442	 7.0371
24.9238	 6.9219
24.8045	 7.0332
24.6864	 7.0976
24.5694	 7.1294
24.4536	 7.3418
24.3388	 7.3752
24.2250	 7.2876
24.1124	 7.2807
24.0007	 7.4155
23.8901	 7.8772
23.7805	 7.8366
23.6719	 7.8557
23.5643	 8.0879
23.4577	 8.3017
23.3520	 8.4526
23.2473	 8.5083
23.1435	 8.5617
23.0407	 8.5566
22.9387	 8.3623
22.8377	 8.0122
22.7375	 7.6553
22.6382	 6.9897
22.5398	 6.2392
22.4422	 5.7959
22.3455	 5.6372
22.2496	 5.6738
22.1545	 5.7236
22.0602	 5.6826
21.9668	 5.7283
21.8741	 5.8301
21.7822	 5.9043
21.6910	 5.9604
21.6007	 6.0808
21.5110	 6.2107
21.4221	 6.2871
21.3340	 6.3310
21.2465	 6.4167
21.1598	 6.4609
21.0738	 6.5461
20.9885	 6.7002
20.9038	 6.7424
20.8199	 6.7688
20.7366	 6.7373
20.6540	 6.7390
20.5720	 6.8052
20.4907	 6.6789
20.4100	 6.4866
20.3300	 6.4743
20.2506	 6.5227
20.1718	 6.5701
20.0936	 6.6167
20.0160	 6.6584
19.9391	 6.6540
19.8627	 6.6260
19.7869	 6.6147
19.7116	 6.6570
19.6370	 6.6797
19.5628	 6.7077
19.4893	 6.7663
19.4163	 6.8374
19.3439	 6.9487
19.2719	 7.0754
19.2006	 7.1050
19.1297	 7.1704
19.0594	 7.2331
18.9896	 7.2173
18.9203	 7.1274
18.8515	 6.9875
18.7832	 6.7490
18.7153	 6.5054
18.6480	 6.3130
18.5812	 6.1926
18.5148	 6.1531
18.4489	 6.2253
18.3835	 6.3327
18.3185	 6.3711
18.2541	 6.4162
18.1900	 6.5251
18.1264	 6.5676
18.0633	 6.5962
18.0005	 6.6936
17.9382	 6.7822
17.8764	 6.8205
17.8150	 6.8730
17.7539	 6.9231
17.6934	 6.9897
17.6332	 7.0549
17.5734	 7.1294
17.5140	 7.1733
17.4551	 7.1911
17.3965	 7.2536
17.3383	 7.3862
17.2805	 7.5129
17.2231	 7.5847
17.1661	 7.6875
17.1094	 7.8435
17.0531	 8.0266
16.9972	 8.3003
16.9417	 8.6357
16.8865	 9.0603
16.8317	 9.4585
16.7772	 9.8159
16.7231	10.0510
16.6693	10.1477
16.6159	10.1850
16.5628	10.1526
16.5100	 9.9741
16.4576	 9.5959
16.4055	 8.9004
16.3538	 7.9887
16.3024	 7.2854
16.2513	 7.1145
16.2005	 7.4343
16.1500	 7.9653
16.0998	 8.4526
16.0500	 8.8911
16.0005	 9.2517
15.9513	 9.4721
15.9023	 9.6096
15.8537	 9.7446
15.8054	 9.8945
15.7573	10.0774
15.7096	10.2436
15.6621	10.4594
15.6149	10.6428
15.5680	10.6828
15.5214	10.3413
15.4751	 9.3799
15.4290	 7.9004
15.3832	 6.5718
15.3377	 5.8115
15.2925	 5.5288
15.2475	 5.5627
15.2028	 5.7839
15.1583	 6.0649
15.1141	 6.3176
15.0702	 6.6145
15.0265	 6.9534
14.9831	 7.2656
14.9399	 7.5854
14.8970	 7.9121
14.8543	 8.2380
14.8119	 8.5466
14.7697	 8.8310
14.7277	 9.0881
14.6860	 9.3445
14.6445	 9.6069
14.6033	 9.8864
14.5622	10.1982
14.5214	10.5058
14.4809	10.7849
14.4405	11.0312
14.4004	11.2732
14.3605	11.4983
14.3209	11.6819
14.2814	11.8911
14.2422	12.0913
14.2032	12.2431
14.1643	12.4358
14.1258	12.7273
14.0874	13.0427
14.0492	13.3911
14.0112	13.7722
13.9734	14.1953
13.9359	14.5534
13.8985	14.7700
13.8614	14.8386
13.8244	14.6858
13.7876	14.3432
13.7511	13.9018
13.7147	13.3767
13.6785	12.7302
13.6425	11.9946
13.6067	11.2011
13.5711	10.3479
13.5356	 9.4509
13.5004	 8.4997
13.4653	 7.5141
13.4304	 6.5317
13.3957	 5.6279
13.3612	 4.7939
13.3269	 4.0537
13.2927	 3.4233
13.2587	 2.8843
13.2249	 2.4849
13.1912	 2.2556
13.1577	 2.1216
13.1244	 2.0281
13.0913	 1.9680
13.0583	 1.9670
13.0255	 2.0073
12.9929	 2.0325
12.9604	 2.0696
12.9281	 2.1296
12.8959	 2.1929
12.8639	 2.2646
12.8321	 2.3215
12.8004	 2.3567
12.7688	 2.3938
12.7375	 2.4604
12.7063	 2.5288
12.6752	 2.5881
12.6443	 2.6377
12.6135	 2.6929
12.5829	 2.7361
12.5524	 2.7617
12.5221	 2.7910
12.4919	 2.8162
12.4619	 2.8594
12.4320	 2.9094
12.4023	 2.9211
12.3727	 2.9397
12.3432	 2.9773
12.3139	 3.0007
12.2847	 3.0315
12.2557	 3.0710
12.2268	 3.1235
12.1980	 3.1855
12.1694	 3.2361
12.1409	 3.2576
12.1125	 3.2842
12.0843	 3.3335
12.0562	 3.3694
12.0282	 3.3918
12.0004	 3.4448
11.9726	 3.4592
11.9450	 3.4663
11.9176	 3.5029
11.8903	 3.5549
11.8631	 3.6040
11.8360	 3.6338
11.8090	 3.6775
11.7822	 3.7017
11.7555	 3.7170
11.7289	 3.7475
11.7024	 3.7593
11.6760	 3.7798
11.6498	 3.8113
11.6237	 3.8227
11.5977	 3.8310
11.5718	 3.8501
11.5460	 3.8704
11.5203	 3.8923
11.4948	 3.9036
11.4694	 3.9128
11.4440	 3.9414
11.4188	 3.9639
11.3937	 3.9741
11.3688	 3.9858
11.3439	 3.9946
11.3191	 3.9924
11.2944	 4.0044
11.2699	 4.0342
11.2455	 4.0525
11.2211	 4.0547
11.1969	 4.0618
11.1727	 4.0810
11.1487	 4.1121
11.1248	 4.1213
11.1010	 4.1306
11.0773	 4.1570
11.0536	 4.1782
11.0301	 4.2012
11.0067	 4.2278
10.9834	 4.2537
10.9602	 4.2956
10.9370	 4.3389
10.9140	 4.3708
10.8911	 4.3967
10.8682	 4.4275
10.8455	 4.4717
10.8229	 4.5085
10.8003	 4.5347
10.7779	 4.5644
10.7555	 4.5974
10.7332	 4.6262
10.7111	 4.6511
10.6890	 4.6899
10.6670	 4.7231
10.6451	 4.7392
10.6233	 4.7627
10.6015	 4.7934
10.5799	 4.8122
10.5584	 4.8266
10.5369	 4.8479
10.5155	 4.8730
10.4942	 4.9026
10.4730	 4.9304
10.4519	 4.9668
10.4309	 5.0005
10.4099	 5.0185
10.3891	 5.0251
10.3683	 5.0388
10.3476	 5.0640
10.3270	 5.0818
10.3065	 5.0793
10.2860	 5.0735
10.2656	 5.0942
10.2454	 5.1052
10.2251	 5.0913
10.2050	 5.0874
10.1850	 5.0945
10.1650	 5.0911
10.1451	 5.1013
10.1253	 5.1194
10.1056	 5.1304
10.0859	 5.1494
10.0663	 5.1680
10.0468	 5.1733
10.0274	 5.1767
10.0080	 5.1826
 9.9887	 5.1772
 9.9695	 5.1489
 9.9504	 5.1072
 9.9313	 5.1077
 9.9123	 5.1340
 9.8934	 5.1438
 9.8746	 5.1387
 9.8558	 5.1123
 9.8371	 5.0681
 9.8185	 5.0325
 9.7999	 4.9807
 9.7814	 4.9280
 9.7630	 5.0161
 9.7447	 5.2497
 9.7264	 5.3601
 9.7082	 5.1785
 9.6900	 4.9509
 9.6719	 4.8799
 9.6539	 4.9065
 9.6360	 4.9678
 9.6181	 5.0508
 9.6003	 5.1006
 9.5825	 5.1245
 9.5649	 5.1555
 9.5472	 5.2021
 9.5297	 5.2510
 9.5122	 5.2790
 9.4948	 5.2920
 9.4774	 5.3074
 9.4601	 5.3296
 9.4429	 5.3664
 9.4257	 5.4148
 9.4086	 5.4783
 9.3916	 5.5747
 9.3746	 5.7092
 9.3577	 5.8884
 9.3408	 6.1308
 9.3240	 6.3921
 9.3073	 6.6084
 9.2906	 6.7536
 9.2740	 6.8410
 9.2574	 6.9035
 9.2409	 6.9934
 9.2245	 7.1045
 9.2081	 7.1811
 9.1918	 7.2541
 9.1755	 7.3406
 9.1593	 7.4265
 9.1431	 7.5188
 9.1270	 7.6240
 9.1110	 7.7051
 9.0950	 7.7783
 9.0791	 7.8865
 9.0632	 7.9844
 9.0474	 8.0693
 9.0316	 8.1767
 9.0159	 8.2932
 9.0003	 8.4004
 8.9847	 8.5168
 8.9691	 8.6621
 8.9536	 8.7766
 8.9382	 8.8911
 8.9228	 9.0185
 8.9075	 9.1174
 8.8922	 9.1733
 8.8770	 9.2322
 8.8618	 9.2832
 8.8467	 9.2766
 8.8316	 9.2636
 8.8166	 9.2673
 8.8016	 9.2402
 8.7867	 9.1806
 8.7718	 9.1198
 8.7570	 9.0508
 8.7422	 8.9399
 8.7275	 8.8061
 8.7129	 8.6386
 8.6982	 8.3865
 8.6837	 8.0425
 8.6692	 7.5925
 8.6547	 7.0066
 8.6403	 6.5290
 8.6259	 6.6489
 8.6116	 7.4162
 8.5973	 8.2138
 8.5830	 8.6135
 8.5688	 8.6850
 8.5547	 8.5469
 8.5406	 8.2759
 8.5266	 7.9402
 8.5126	 7.5625
 8.4986	 7.1694
 8.4847	 6.8222
 8.4708	 6.5036
 8.4570	 6.2175
 8.4432	 5.9905
 8.4295	 5.7949
 8.4158	 5.6013
 8.4022	 5.4270
 8.3886	 5.2703
 8.3750	 5.1084
 8.3615	 4.9765
 8.3481	 4.8747
 8.3347	 4.7678
 8.3213	 4.6621
 8.3079	 4.5879
 8.2946	 4.5381
 8.2814	 4.5000
 8.2682	 4.4702
 8.2550	 4.4619
 8.2419	 4.4580
 8.2288	 4.4512
 8.2158	 4.4675
 8.2028	 4.4953
 8.1898	 4.5220
 8.1769	 4.5542
 8.1640	 4.6142
 8.1512	 4.6733
 8.1384	 4.7253
 8.1256	 4.7737
 8.1129	 4.8108
 8.1002	 4.8525
 8.0876	 4.9082
 8.0750	 4.9785
 8.0624	 5.0561
 8.0499	 5.1543
 8.0374	 5.2866
 8.0250	 5.4272
 8.0126	 5.5771
 8.0002	 5.7556
 7.9879	 5.9375
 7.9756	 6.1067
 7.9634	 6.2861
 7.9512	 6.4519
 7.9390	 6.5845
 7.9268	 6.6926
 7.9147	 6.7661
 7.9027	 6.7959
 7.8906	 6.7917
 7.8786	 6.7566
 7.8667	 6.6533
 7.8548	 6.5017
 7.8429	 6.2983
 7.8310	 6.0237
 7.8192	 5.6848
 7.8075	 5.3186
 7.7957	 4.9370
 7.7840	 4.5464
 7.7723	 4.1645
 7.7607	 3.8044
 7.7491	 3.4663
 7.7375	 3.1626
 7.7260	 2.9055
 7.7145	 2.6824
 7.7031	 2.4966
 7.6916	 2.3391
 7.6802	 2.2146
 7.6689	 2.1086
 7.6575	 2.0278
 7.6462	 1.9719
 7.6350	 1.9236
 7.6238	 1.8896
 7.6126	 1.8650
 7.6014	 1.8557
 7.5903	 1.8613
 7.5792	 1.8669
 7.5681	 1.8772
 7.5571	 1.8816
 7.5461	 1.8870
 7.5351	 1.9011
 7.5242	 1.9109
 7.5133	 1.9158
 7.5024	 1.9294
 7.4916	 1.9456
 7.4807	 1.9692
 7.4700	 1.9968
 7.4592	 2.0176
 7.4485	 2.0420
 7.4378	 2.0779
 7.4272	 2.1162
 7.4165	 2.1543
 7.4059	 2.1902
 7.3954	 2.2241
 7.3848	 2.2644
 7.3743	 2.3030
 7.3639	 2.3330
 7.3534	 2.3591
 7.3430	 2.3809
 7.3326	 2.4036
 7.3223	 2.4304
 7.3119	 2.4519
 7.3016	 2.4729
 7.2914	 2.4968
 7.2811	 2.5193
 7.2709	 2.5447
 7.2607	 2.5754
 7.2506	 2.6023
 7.2404	 2.6296
 7.2303	 2.6528
 7.2203	 2.6797
 7.2102	 2.7041
 7.2002	 2.7214
 7.1902	 2.7368
 7.1803	 2.7588
 7.1703	 2.7815
 7.1604	 2.8047
 7.1506	 2.8162
 7.1407	 2.8254
 7.1309	 2.8379
 7.1211	 2.8435
 7.1113	 2.8450
 7.1016	 2.8408
 7.0919	 2.8393
 7.0822	 2.8364
 7.0725	 2.8240
 7.0629	 2.8230
 7.0533	 2.8245
 7.0437	 2.8232
 7.0341	 2.8286
 7.0246	 2.8279
 7.0151	 2.8232
 7.0056	 2.8240
 6.9962	 2.8423
 6.9867	 2.8508
 6.9773	 2.8643
 6.9679	 2.8889
 6.9586	 2.9123
 6.9493	 2.9399
 6.9400	 2.9619
 6.9307	 2.9773
 6.9214	 2.9924
 6.9122	 3.0181
 6.9030	 3.0503
 6.8938	 3.0715
 6.8847	 3.0813
 6.8755	 3.0972
 6.8664	 3.1116
 6.8573	 3.1182
 6.8483	 3.1255
 6.8393	 3.1316
 6.8302	 3.1362
 6.8213	 3.1360
 6.8123	 3.1323
 6.8034	 3.1299
 6.7944	 3.1230
 6.7855	 3.1189
 6.7767	 3.1211
 6.7678	 3.1157
 6.7590	 3.1160
 6.7502	 3.1326
 6.7414	 3.1499
 6.7327	 3.1616
 6.7239	 3.1851
 6.7152	 3.2119
 6.7065	 3.2344
 6.6979	 3.2656
 6.6892	 3.2981
 6.6806	 3.3262
 6.6720	 3.3589
 6.6634	 3.3916
 6.6549	 3.4187
 6.6464	 3.4517
 6.6378	 3.4875
 6.6294	 3.5127
 6.6209	 3.5391
 6.6124	 3.5664
 6.6040	 3.5957
 6.5956	 3.6294
 6.5872	 3.6628
 6.5789	 3.7019
 6.5705	 3.7395
 6.5622	 3.7756
 6.5539	 3.8208
 6.5456	 3.8652
 6.5374	 3.9011
 6.5292	 3.9426
 6.5209	 3.9802
 6.5128	 4.0071
 6.5046	 4.0361
 6.4964	 4.0647
 6.4883	 4.0947
 6.4802	 4.1228
 6.4721	 4.1413
 6.4640	 4.1599
 6.4560	 4.1829
 6.4480	 4.2078
 6.4399	 4.2244
 6.4320	 4.2283
 6.4240	 4.2331
 6.4160	 4.2375
 6.4081	 4.2402
 6.4002	 4.2331
 6.3923	 4.2202
 6.3844	 4.2114
 6.3766	 4.2026
 6.3687	 4.1921
 6.3609	 4.1848
 6.3531	 4.1833
 6.3454	 4.1902
 6.3376	 4.1907
 6.3299	 4.1802
 6.3221	 4.1731
 6.3144	 4.1684
 6.3068	 4.1667
 6.2991	 4.1628
 6.2914	 4.1611
 6.2838	 4.1662
 6.2762	 4.1706
 6.2686	 4.1672
 6.2611	 4.1611
 6.2535	 4.1516
 6.2460	 4.1440
 6.2385	 4.1382
 6.2310	 4.1211
 6.2235	 4.0964
 6.2160	 4.0774
 6.2086	 4.0508
 6.2011	 4.0251
 6.1937	 3.9995
 6.1863	 3.9724
 6.1790	 3.9433
 6.1716	 3.9165
 6.1643	 3.8953
 6.1570	 3.8657
 6.1496	 3.8315
 6.1424	 3.8103
 6.1351	 3.7949
 6.1278	 3.7776
 6.1206	 3.7607
 6.1134	 3.7475
 6.1062	 3.7329
 6.0990	 3.7280
 6.0918	 3.7302
 6.0847	 3.7226
 6.0776	 3.7180
 6.0704	 3.7204
 6.0633	 3.7141
 6.0563	 3.7173
 6.0492	 3.7366
 6.0421	 3.7522
 6.0351	 3.7573
 6.0281	 3.7671
 6.0211	 3.7742
 6.0141	 3.7861
 6.0071	 3.8037
 6.0002	 3.8149
 5.9932	 3.8162
 5.9863	 3.8164
 5.9794	 3.8335
 5.9725	 3.8516
 5.9657	 3.8674
 5.9588	 3.8818
 5.9520	 3.8913
 5.9451	 3.8906
 5.9383	 3.8945
 5.9315	 3.9206
 5.9247	 3.9433
 5.9180	 3.9685
 5.9112	 3.9914
 5.9045	 4.0198
 5.8978	 4.0691
 5.8911	 4.1365
 5.8844	 4.2036
 5.8777	 4.2668
 5.8711	 4.3191
 5.8644	 4.3667
 5.8578	 4.4126
 5.8512	 4.4575
 5.8446	 4.5022
 5.8380	 4.5517
 5.8314	 4.5881
 5.8249	 4.6267
 5.8184	 4.6733
 5.8118	 4.7043
 5.8053	 4.7378
 5.7988	 4.7746
 5.7924	 4.8064
 5.7859	 4.8393
 5.7794	 4.8801
 5.7730	 4.9197
 5.7666	 4.9558
 5.7602	 4.9927
 5.7538	 5.0273
 5.7474	 5.0564
 5.7410	 5.0847
 5.7347	 5.1184
 5.7283	 5.1455
 5.7220	 5.1682
 5.7157	 5.1958
 5.7094	 5.2261
 5.7031	 5.2463
 5.6969	 5.2627
 5.6906	 5.2908
 5.6844	 5.3127
 5.6782	 5.3279
 5.6719	 5.3476
 5.6657	 5.3769
 5.6596	 5.3970
 5.6534	 5.4155
 5.6472	 5.4477
 5.6411	 5.4773
 5.6349	 5.4951
 5.6288	 5.5146
 5.6227	 5.5325
 5.6166	 5.5510
 5.6106	 5.5640
 5.6045	 5.5779
 5.5984	 5.5918
 5.5924	 5.6108
 5.5864	 5.6274
 5.5804	 5.6399
 5.5744	 5.6584
 5.5684	 5.6799
 5.5624	 5.6863
 5.5564	 5.6987
 5.5505	 5.7190
 5.5445	 5.7346
 5.5386	 5.7522
 5.5327	 5.7781
 5.5268	 5.8074
 5.5209	 5.8220
 5.5151	 5.8430
 5.5092	 5.8711
 5.5033	 5.8928
 5.4975	 5.9221
 5.4917	 5.9621
 5.4859	 5.9988
 5.4801	 6.0317
 5.4743	 6.0715
 5.4685	 6.1118
 5.4628	 6.1526
 5.4570	 6.1948
 5.4513	 6.2348
 5.4455	 6.2663
 5.4398	 6.2954
 5.4341	 6.3296
 5.4284	 6.3601
 5.4228	 6.3830
 5.4171	 6.4162
 5.4114	 6.4433
 5.4058	 6.4607
 5.4002	 6.4824
 5.3945	 6.5139
 5.3889	 6.5283
 5.3833	 6.5408
 5.3778	 6.5630
 5.3722	 6.5801
 5.3666	 6.5954
 5.3611	 6.6155
 5.3555	 6.6243
 5.3500	 6.6313
 5.3445	 6.6526
 5.3390	 6.6743
 5.3335	 6.6860
 5.3280	 6.6972
 5.3225	 6.7139
 5.3171	 6.7268
 5.3116	 6.7461
 5.3062	 6.7632
 5.3008	 6.7746
 5.2954	 6.7849
 5.2900	 6.8030
 5.2846	 6.8252
 5.2792	 6.8408
 5.2738	 6.8584
 5.2684	 6.8760
 5.2631	 6.8909
 5.2578	 6.9094
 5.2524	 6.9289
 5.2471	 6.9499
 5.2418	 6.9660
 5.2365	 6.9790
 5.2312	 6.9963
 5.2260	 7.0163
 5.2207	 7.0305
 5.2154	 7.0412
 5.2102	 7.0559
 5.2050	 7.0620
 5.1998	 7.0744
 5.1945	 7.0903
 5.1893	 7.1025
 5.1842	 7.1155
 5.1790	 7.1308
 5.1738	 7.1338
 5.1686	 7.1467
 5.1635	 7.1682
 5.1584	 7.1806
 5.1532	 7.1902
 5.1481	 7.2065
 5.1430	 7.2195
 5.1379	 7.2229
 5.1328	 7.2363
 5.1277	 7.2588
 5.1227	 7.2702
 5.1176	 7.2702
 5.1126	 7.2827
 5.1075	 7.2956
 5.1025	 7.3037
 5.0975	 7.3181
 5.0925	 7.3327
 5.0875	 7.3376
 5.0825	 7.3486
 5.0775	 7.3672
 5.0726	 7.3818
 5.0676	 7.3828
 5.0627	 7.3926
 5.0577	 7.4050
 5.0528	 7.4136
 5.0479	 7.4255
 5.0430	 7.4350
 5.0380	 7.4404
 5.0332	 7.4502
 5.0283	 7.4558
 5.0234	 7.4577
 5.0185	 7.4629
 5.0137	 7.4756
 5.0088	 7.4853
 5.0040	 7.4863
 4.9992	 7.4936
 4.9944	 7.4988
 4.9896	 7.4949
 4.9848	 7.4924
 4.9800	 7.4995
 4.9752	 7.5027
 4.9704	 7.5014
 4.9657	 7.5058
 4.9609	 7.5061
 4.9562	 7.5078
 4.9514	 7.5107
 4.9467	 7.5107
 4.9420	 7.5066
 4.9373	 7.4997
 4.9326	 7.4997
 4.9279	 7.4922
 4.9232	 7.4748
 4.9186	 7.4665
 4.9139	 7.4597
 4.9092	 7.4419
 4.9046	 7.4192
 4.9000	 7.3865
 4.8953	 7.3425
 4.8907	 7.2888
 4.8861	 7.2295
 4.8815	 7.2009
 4.8769	 7.2024
 4.8723	 7.1931
 4.8678	 7.1399
 4.8632	 7.0415
 4.8586	 6.9219
 4.8541	 6.8064
 4.8495	 6.7378
 4.8450	 6.7536
 4.8405	 6.8362
 4.8360	 6.9287
 4.8315	 7.0036
 4.8270	 7.0591
 4.8225	 7.0881
 4.8180	 7.0891
 4.8135	 7.0742
 4.8090	 7.0442
 4.8046	 7.0061
 4.8001	 6.9543
 4.7957	 6.8899
 4.7913	 6.8000
 4.7868	 6.6858
 4.7824	 6.5356
 4.7780	 6.3484
 4.7736	 6.1203
 4.7692	 5.8774
 4.7648	 5.6474
 4.7605	 5.4397
 4.7561	 5.2566
 4.7517	 5.0818
 4.7474	 4.8950
 4.7431	 4.6921
 4.7387	 4.4949
 4.7344	 4.3437
 4.7301	 4.2517
 4.7258	 4.2385
 4.7215	 4.2842
 4.7172	 4.3550
 4.7129	 4.4358
 4.7086	 4.5015
 4.7043	 4.5430
 4.7000	 4.5801
 4.6958	 4.6152
 4.6915	 4.6321
 4.6873	 4.6291
 4.6831	 4.6255
 4.6788	 4.6155
 4.6746	 4.6211
 4.6704	 4.6753
 4.6662	 4.7695
 4.6620	 4.8613
 4.6578	 4.9018
 4.6536	 4.8843
 4.6495	 4.8154
 4.6453	 4.7170
 4.6411	 4.6150
 4.6370	 4.5149
 4.6328	 4.4307
 4.6287	 4.3606
 4.6246	 4.3147
 4.6205	 4.2683
 4.6163	 4.2038
 4.6122	 4.1333
 4.6081	 4.0615
 4.6040	 3.9858
 4.6000	 3.9224
 4.5959	 3.8791
 4.5918	 3.8601
 4.5877	 3.8804
 4.5837	 3.9311
 4.5796	 4.0166
 4.5756	 4.1140
 4.5716	 4.1894
 4.5675	 4.2395
 4.5635	 4.2688
 4.5595	 4.2795
 4.5555	 4.2746
 4.5515	 4.2534
 4.5475	 4.2441
 4.5435	 4.2649
 4.5395	 4.2947
 4.5356	 4.3347
 4.5316	 4.3745
 4.5276	 4.4006
 4.5237	 4.4089
 4.5197	 4.4109
 4.5158	 4.4111
 4.5119	 4.3911
 4.5080	 4.3645
 4.5040	 4.3535
 4.5001	 4.3398
 4.4962	 4.3328
 4.4923	 4.3442
 4.4884	 4.3911
 4.4846	 4.4504
 4.4807	 4.5134
 4.4768	 4.5825
 4.4730	 4.6296
 4.4691	 4.6614
 4.4652	 4.6811
 4.4614	 4.6824
 4.4576	 4.6924
 4.4537	 4.7121
 4.4499	 4.7329
 4.4461	 4.7522
 4.4423	 4.7656
 4.4385	 4.7737
 4.4347	 4.7871
 4.4309	 4.8108
 4.4271	 4.8418
 4.4233	 4.8806
 4.4196	 4.9177
 4.4158	 4.9436
 4.4120	 4.9634
 4.4083	 4.9756
 4.4045	 4.9724
 4.4008	 4.9668
 4.3971	 4.9590
 4.3934	 4.9375
 4.3896	 4.9077
 4.3859	 4.8743
 4.3822	 4.8391
 4.3785	 4.8076
 4.3748	 4.7881
 4.3711	 4.7856
 4.3674	 4.7944
 4.3638	 4.8152
 4.3601	 4.8411
 4.3564	 4.8630
 4.3528	 4.8909
 4.3491	 4.9280
 4.3455	 4.9590
 4.3418	 4.9968
 4.3382	 5.0454
 4.3346	 5.1125
 4.3310	 5.1868
 4.3273	 5.2707
 4.3237	 5.3772
 4.3201	 5.4834
 4.3165	 5.5759
 4.3129	 5.6523
 4.3094	 5.7165
 4.3058	 5.7727
 4.3022	 5.8210
 4.2986	 5.8535
 4.2951	 5.8691
 4.2915	 5.8882
 4.2880	 5.9119
 4.2844	 5.9321
 4.2809	 5.9438
 4.2774	 5.9614
 4.2738	 5.9873
 4.2703	 6.0102
 4.2668	 6.0332
 4.2633	 6.0583
 4.2598	 6.0845
 4.2563	 6.1035
 4.2528	 6.1208
 4.2493	 6.1496
 4.2458	 6.1885
 4.2424	 6.2285
 4.2389	 6.2593
 4.2354	 6.2905
 4.2320	 6.3315
 4.2285	 6.3716
 4.2251	 6.4023
 4.2216	 6.4265
 4.2182	 6.4487
 4.2148	 6.4714
 4.2113	 6.4873
 4.2079	 6.4902
 4.2045	 6.4961
 4.2011	 6.5014
 4.1977	 6.5012
 4.1943	 6.5019
 4.1909	 6.5024
 4.1875	 6.5012
 4.1841	 6.4953
 4.1808	 6.4868
 4.1774	 6.4822
 4.1740	 6.4770
 4.1707	 6.4621
 4.1673	 6.4497
 4.1640	 6.4482
 4.1606	 6.4394
 4.1573	 6.4289
 4.1540	 6.4223
 4.1506	 6.4136
 4.1473	 6.4048
 4.1440	 6.3989
 4.1407	 6.3945
 4.1374	 6.3877
 4.1341	 6.3828
 4.1308	 6.3808
 4.1275	 6.3747
 4.1242	 6.3804
 4.1209	 6.3855
 4.1177	 6.3843
 4.1144	 6.3860
 4.1111	 6.3943
 4.1079	 6.3945
 4.1046	 6.3906
 4.1014	 6.3992
 4.0981	 6.4048
 4.0949	 6.4089
 4.0917	 6.4162
 4.0884	 6.4177
 4.0852	 6.4143
 4.0820	 6.4138
 4.0788	 6.4228
 4.0756	 6.4250
 4.0724	 6.4311
 4.0692	 6.4382
 4.0660	 6.4419
 4.0628	 6.4497
 4.0596	 6.4497
 4.0565	 6.4519
 4.0533	 6.4546
 4.0501	 6.4565
 4.0470	 6.4521
 4.0438	 6.4543
 4.0406	 6.4665
 4.0375	 6.4763
 4.0344	 6.4807
 4.0312	 6.4846
 4.0281	 6.4912
 4.0250	 6.4971
 4.0218	 6.4914
 4.0187	 6.4846
 4.0156	 6.4966
 4.0125	 6.5139
 4.0094	 6.5193
 4.0063	 6.5212
 4.0032	 6.5239
 4.0001	 6.5268
 3.9970	 6.5271
 3.9940	 6.5349
 3.9909	 6.5373
 3.9878	 6.5386
 3.9847	 6.5400
 3.9817	 6.5466
 3.9786	 6.5517
 3.9756	 6.5539
 3.9725	 6.5552
 3.9695	 6.5661
 3.9665	 6.5803
 3.9634	 6.5830
 3.9604	 6.5857
 3.9574	 6.5937
 3.9544	 6.6023
 3.9513	 6.6125
 3.9483	 6.6211
 3.9453	 6.6323
 3.9423	 6.6426
 3.9393	 6.6477
 3.9363	 6.6567
 3.9333	 6.6648
 3.9304	 6.6665
 3.9274	 6.6738
 3.9244	 6.6836
 3.9214	 6.6894
 3.9185	 6.6953
 3.9155	 6.7038
 3.9126	 6.7090
 3.9096	 6.7153
 3.9067	 6.7195
 3.9037	 6.7217
 3.9008	 6.7256
 3.8979	 6.7392
 3.8949	 6.7461
 3.8920	 6.7534
 3.8891	 6.7580
 3.8862	 6.7561
 3.8833	 6.7639
 3.8804	 6.7539
 3.8775	 6.7136
 3.8746	 6.6164
 3.8717	 6.5312
 3.8688	 6.6120
 3.8659	 6.7358
 3.8630	 6.7886
 3.8601	 6.8049
 3.8573	 6.8088
 3.8544	 6.8125
 3.8515	 6.8201
 3.8487	 6.8305
 3.8458	 6.8403
 3.8430	 6.8335
 3.8401	 6.8288
 3.8373	 6.8305
 3.8344	 6.8364
 3.8316	 6.8398
 3.8288	 6.8467
 3.8259	 6.8515
 3.8231	 6.8518
 3.8203	 6.8572
 3.8175	 6.8613
 3.8147	 6.8628
 3.8119	 6.8669
 3.8091	 6.8664
 3.8063	 6.8652
 3.8035	 6.8701
 3.8007	 6.8740
 3.7979	 6.8684
 3.7951	 6.8620
 3.7924	 6.8601
 3.7896	 6.8623
 3.7868	 6.8630
 3.7841	 6.8562
 3.7813	 6.8569
 3.7785	 6.8542
 3.7758	 6.8518
 3.7730	 6.8564
 3.7703	 6.8555
 3.7676	 6.8515
 3.7648	 6.8474
 3.7621	 6.8435
 3.7594	 6.8359
 3.7566	 6.8220
 3.7539	 6.8179
 3.7512	 6.8215
 3.7485	 6.8166
 3.7458	 6.8125
 3.7431	 6.8147
 3.7404	 6.8056
 3.7377	 6.7930
 3.7350	 6.7861
 3.7323	 6.7790
 3.7296	 6.7724
 3.7269	 6.7739
 3.7242	 6.7702
 3.7216	 6.7539
 3.7189	 6.7414
 3.7162	 6.7319
 3.7136	 6.7219
 3.7109	 6.7114
 3.7083	 6.6977
 3.7056	 6.6892
 3.7030	 6.6745
 3.7003	 6.6631
 3.6977	 6.6472
 3.6950	 6.6274
 3.6924	 6.6206
 3.6898	 6.6108
 3.6872	 6.5913
 3.6845	 6.5759
 3.6819	 6.5679
 3.6793	 6.5586
 3.6767	 6.5454
 3.6741	 6.5307
 3.6715	 6.5207
 3.6689	 6.5078
 3.6663	 6.4878
 3.6637	 6.4726
 3.6611	 6.4585
 3.6585	 6.4372
 3.6560	 6.4267
 3.6534	 6.4165
 3.6508	 6.4023
 3.6482	 6.3862
 3.6457	 6.3628
 3.6431	 6.3408
 3.6406	 6.3227
 3.6380	 6.3049
 3.6355	 6.2912
 3.6329	 6.2839
 3.6304	 6.2654
 3.6278	 6.2405
 3.6253	 6.2239
 3.6227	 6.2056
 3.6202	 6.1929
 3.6177	 6.1831
 3.6152	 6.1677
 3.6127	 6.1535
 3.6101	 6.1330
 3.6076	 6.1079
 3.6051	 6.0898
 3.6026	 6.0732
 3.6001	 6.0530
 3.5976	 6.0412
 3.5951	 6.0256
 3.5926	 5.9997
 3.5901	 5.9748
 3.5876	 5.9570
 3.5852	 5.9372
 3.5827	 5.9233
 3.5802	 5.9145
 3.5777	 5.8918
 3.5753	 5.8718
 3.5728	 5.8562
 3.5704	 5.8376
 3.5679	 5.8244
 3.5654	 5.8047
 3.5630	 5.7859
 3.5605	 5.7683
 3.5581	 5.7424
 3.5557	 5.7261
 3.5532	 5.7129
 3.5508	 5.6948
 3.5484	 5.6733
 3.5459	 5.6575
 3.5435	 5.6387
 3.5411	 5.6203
 3.5387	 5.6047
 3.5363	 5.5942
 3.5338	 5.5820
 3.5314	 5.5549
 3.5290	 5.5373
 3.5266	 5.5315
 3.5242	 5.5080
 3.5218	 5.4861
 3.5195	 5.4707
 3.5171	 5.4534
 3.5147	 5.4458
 3.5123	 5.4241
 3.5099	 5.3977
 3.5075	 5.3833
 3.5052	 5.3640
 3.5028	 5.3379
 3.5004	 5.3237
 3.4981	 5.3249
 3.4957	 5.3244
 3.4934	 5.3196
 3.4910	 5.2932
 3.4887	 5.2737
 3.4863	 5.2563
 3.4840	 5.2453
 3.4816	 5.2378
 3.4793	 5.2168
 3.4770	 5.2034
 3.4746	 5.1821
 3.4723	 5.1660
 3.4700	 5.1626
 3.4677	 5.1506
 3.4653	 5.1282
 3.4630	 5.1086
 3.4607	 5.0942
 3.4584	 5.0737
 3.4561	 5.0561
 3.4538	 5.0471
 3.4515	 5.0476
 3.4492	 5.0320
 3.4469	 5.0029
 3.4446	 4.9836
 3.4423	 4.9744
 3.4400	 4.9602
 3.4378	 4.9360
 3.4355	 4.9106
 3.4332	 4.8950
 3.4309	 4.8838
 3.4287	 4.8613
 3.4264	 4.8303
 3.4241	 4.8110
 3.4219	 4.8030
 3.4196	 4.7869
 3.4174	 4.7607
 3.4151	 4.7473
 3.4129	 4.7483
 3.4106	 4.7439
 3.4084	 4.7444
 3.4061	 4.7439
 3.4039	 4.7300
 3.4017	 4.7207
 3.3994	 4.7124
 3.3972	 4.6977
 3.3950	 4.6953
 3.3928	 4.6765
 3.3906	 4.6553
 3.3883	 4.6443
 3.3861	 4.6338
 3.3839	 4.6189
 3.3817	 4.6091
 3.3795	 4.6033
 3.3773	 4.5928
 3.3751	 4.5847
 3.3729	 4.5820
 3.3707	 4.5662
 3.3685	 4.5583
 3.3663	 4.5469
 3.3641	 4.5329
 3.3620	 4.5163
 3.3598	 4.5022
 3.3576	 4.4861
 3.3554	 4.4665
 3.3533	 4.4394
 3.3511	 4.4211
 3.3489	 4.4155
 3.3468	 4.3938
 3.3446	 4.3804
 3.3425	 4.3794
 3.3403	 4.3725
 3.3382	 4.3664
 3.3360	 4.3542
 3.3339	 4.3367
 3.3317	 4.3367
 3.3296	 4.3379
 3.3274	 4.3191
 3.3253	 4.3052
 3.3232	 4.2925
 3.3210	 4.2910
 3.3189	 4.2856
 3.3168	 4.2668
 3.3147	 4.2627
 3.3126	 4.2527
 3.3104	 4.2339
 3.3083	 4.2197
 3.3062	 4.2092
 3.3041	 4.1941
 3.3020	 4.1821
 3.2999	 4.1821
 3.2978	 4.1804
 3.2957	 4.1719
 3.2936	 4.1704
 3.2915	 4.1670
 3.2894	 4.1682
 3.2874	 4.1789
 3.2853	 4.1721
 3.2832	 4.1511
 3.2811	 4.1418
 3.2790	 4.1335
 3.2770	 4.1267
 3.2749	 4.1147
 3.2728	 4.1011
 3.2708	 4.0933
 3.2687	 4.0869
 3.2666	 4.0774
 3.2646	 4.0708
 3.2625	 4.0730
 3.2605	 4.0725
 3.2584	 4.0691
 3.2564	 4.0652
 3.2543	 4.0625
 3.2523	 4.0571
 3.2503	 4.0503
 3.2482	 4.0522
 3.2462	 4.0434
 3.2442	 4.0266
 3.2421	 4.0212
 3.2401	 4.0229
 3.2381	 4.0210
 3.2361	 4.0127
 3.2340	 4.0027
 3.2320	 3.9895
 3.2300	 3.9907
 3.2280	 3.9902
 3.2260	 3.9795
 3.2240	 3.9807
 3.2220	 3.9807
 3.2200	 3.9748
 3.2180	 3.9731
 3.2160	 3.9653
 3.2140	 3.9580
 3.2120	 3.9543
 3.2100	 3.9600
 3.2080	 3.9604
 3.2060	 3.9517
 3.2040	 3.9412
 3.2021	 3.9390
 3.2001	 3.9370
 3.1981	 3.9272
 3.1961	 3.9202
 3.1942	 3.9160
 3.1922	 3.9153
 3.1902	 3.9114
 3.1883	 3.8987
 3.1863	 3.8996
 3.1844	 3.8965
 3.1824	 3.8796
 3.1805	 3.8870
 3.1785	 3.8967
 3.1766	 3.8821
 3.1746	 3.8608
 3.1727	 3.8642
 3.1707	 3.8647
 3.1688	 3.8393
 3.1669	 3.8264
 3.1649	 3.8267
 3.1630	 3.8223
 3.1611	 3.8267
 3.1591	 3.8254
 3.1572	 3.8276
 3.1553	 3.8252
 3.1534	 3.8105
 3.1515	 3.7930
 3.1495	 3.7808
 3.1476	 3.7749
 3.1457	 3.7805
 3.1438	 3.7866
 3.1419	 3.7812
 3.1400	 3.7617
 3.1381	 3.7383
 3.1362	 3.7214
 3.1343	 3.6995
 3.1324	 3.6719
 3.1305	 3.6538
 3.1286	 3.6438
 3.1268	 3.6348
 3.1249	 3.6196
 3.1230	 3.6274
 3.1211	 3.6589
 3.1192	 3.6738
 3.1174	 3.6919
 3.1155	 3.7053
 3.1136	 3.7158
 3.1117	 3.7263
 3.1099	 3.7117
 3.1080	 3.6960
 3.1061	 3.6763
 3.1043	 3.6382
 3.1024	 3.6057
 3.1006	 3.5691
 3.0987	 3.5364
 3.0969	 3.5095
 3.0950	 3.4890
 3.0932	 3.4668
 3.0913	 3.4275
 3.0895	 3.4021
 3.0876	 3.3813
 3.0858	 3.3684
 3.0840	 3.3682
 3.0821	 3.3743
 3.0803	 3.3735
 3.0785	 3.3794
 3.0766	 3.3816
 3.0748	 3.3662
 3.0730	 3.3574
 3.0712	 3.3789
 3.0694	 3.3977
 3.0675	 3.4006
 3.0657	 3.4126
 3.0639	 3.4228
 3.0621	 3.4241
 3.0603	 3.4241
 3.0585	 3.4258
 3.0567	 3.4333
 3.0549	 3.4524
 3.0531	 3.4724
 3.0513	 3.4958
 3.0495	 3.5024
 3.0477	 3.5085
 3.0459	 3.5217
 3.0441	 3.5124
 3.0423	 3.5049
 3.0406	 3.5066
 3.0388	 3.5078
 3.0370	 3.5034
 3.0352	 3.5007
 3.0334	 3.4914
 3.0317	 3.4778
 3.0299	 3.4663
 3.0281	 3.4497
 3.0264	 3.4202
 3.0246	 3.3830
 3.0228	 3.3562
 3.0211	 3.3306
 3.0193	 3.3044
 3.0176	 3.2803
 3.0158	 3.2627
 3.0140	 3.2244
 3.0123	 3.2014
 3.0105	 3.2124
 3.0088	 3.2380
 3.0070	 3.2690
 3.0053	 3.3105
 3.0036	 3.3433
 3.0018	 3.3621
 3.0001	 3.3625
 2.9984	 3.3528
 2.9966	 3.3159
 2.9949	 3.2554
 2.9932	 3.1997
 2.9914	 3.1643
 2.9897	 3.1360
 2.9880	 3.1128
 2.9863	 3.0818
 2.9845	 3.0356
 2.9828	 2.9761
 2.9811	 2.9028
 2.9794	 2.8403
 2.9777	 2.8101
 2.9760	 2.8015
 2.9743	 2.7939
 2.9726	 2.7942
 2.9709	 2.7886
 2.9692	 2.7776
 2.9675	 2.7568
 2.9658	 2.7310
 2.9641	 2.6929
 2.9624	 2.6492
 2.9607	 2.6174
 2.9590	 2.5984
 2.9573	 2.5686
 2.9556	 2.5354
 2.9539	 2.5054
 2.9523	 2.4785
 2.9506	 2.4573
 2.9489	 2.4341
 2.9472	 2.4040
 2.9455	 2.3789
 2.9439	 2.3518
 2.9422	 2.3281
 2.9405	 2.3345
 2.9389	 2.3533
 2.9372	 2.3743
 2.9355	 2.4040
 2.9339	 2.4231
 2.9322	 2.4331
 2.9306	 2.4375
 2.9289	 2.4573
 2.9272	 2.4736
 2.9256	 2.4841
 2.9239	 2.4919
 2.9223	 2.4980
 2.9207	 2.5005
 2.9190	 2.4968
 2.9174	 2.4893
 2.9157	 2.4844
 2.9141	 2.4651
 2.9124	 2.4485
 2.9108	 2.4338
 2.9092	 2.4424
 2.9075	 2.4597
 2.9059	 2.4651
 2.9043	 2.4746
 2.9027	 2.4834
 2.9010	 2.4612
 2.8994	 2.4224
 2.8978	 2.4123
 2.8962	 2.3960
 2.8946	 2.3652
 2.8929	 2.3330
 2.8913	 2.2966
 2.8897	 2.2649
 2.8881	 2.2344
 2.8865	 2.1875
 2.8849	 2.1362
 2.8833	 2.0730
 2.8817	 2.0068
 2.8801	 1.9700
 2.8785	 1.9351
 2.8769	 1.9390
 2.8753	 2.0256
 2.8737	 2.1999
 2.8721	 2.4990
 2.8705	 2.9336
 2.8689	 3.3601
 2.8673	 3.6540
 2.8658	 3.8227
 2.8642	 3.8511
 2.8626	 3.6968
 2.8610	 3.3516
 2.8594	 2.8196
 2.8579	 2.2581
 2.8563	 1.8335
 2.8547	 1.5652
 2.8531	 1.4355
 2.8516	 1.4524
 2.8500	 1.5950
 2.8484	 1.8372
 2.8469	 2.0850
 2.8453	 2.2678
 2.8437	 2.3914
 2.8422	 2.4297
 2.8406	 2.3630
 2.8391	 2.1853
 2.8375	 1.9043
 2.8360	 1.6384
 2.8344	 1.4414
 2.8329	 1.3127
 2.8313	 1.2461
 2.8298	 1.2268
 2.8282	 1.2529
 2.8267	 1.3137
 2.8252	 1.3745
 2.8236	 1.4277
 2.8221	 1.5190
 2.8205	 1.5969
 2.8190	 1.6455
 2.8175	 1.7017
 2.8159	 1.7620
 2.8144	 1.8232
 2.8129	 1.8647
 2.8114	 1.8906
 2.8098	 1.9209
 2.8083	 1.9531
 2.8068	 1.9807
 2.8053	 2.0225
 2.8038	 2.0786
 2.8022	 2.1421
 2.8007	 2.2122
 2.7992	 2.2988
 2.7977	 2.3689
 2.7962	 2.4136
 2.7947	 2.4717
 2.7932	 2.5413
 2.7917	 2.5847
 2.7902	 2.6013
 2.7887	 2.6499
 2.7872	 2.7349
 2.7857	 2.8267
 2.7842	 2.8874
 2.7827	 2.9197
 2.7812	 2.9536
 2.7797	 2.9932
 2.7782	 3.0705
 2.7767	 3.1335
 2.7752	 3.1826
 2.7738	 3.2436
 2.7723	 3.3528
 2.7708	 3.4748
 2.7693	 3.6235
 2.7678	 3.8113
 2.7664	 4.0166
 2.7649	 4.2187
 2.7634	 4.3923
 2.7619	 4.5381
 2.7605	 4.6924
 2.7590	 4.8725
 2.7575	 5.0461
 2.7561	 5.1987
 2.7546	 5.3332
 2.7531	 5.4328
 2.7517	 5.5046
 2.7502	 5.5679
 2.7488	 5.6372
 2.7473	 5.7139
 2.7458	 5.7842
 2.7444	 5.8867
 2.7429	 6.0549
 2.7415	 6.2529
 2.7400	 6.4477
 2.7386	 6.6535
 2.7371	 6.8320
 2.7357	 7.0224
 2.7343	 7.2483
 2.7328	 7.4541
 2.7314	 7.6328
 2.7299	 7.7956
 2.7285	 7.9651
 2.7271	 8.1282
 2.7256	 8.2729
 2.7242	 8.4209
 2.7228	 8.5791
 2.7213	 8.7285
 2.7199	 8.8764
 2.7185	 9.0576
 2.7171	 9.2602
 2.7156	 9.4692
 2.7142	 9.6970
 2.7128	 9.9172
 2.7114	10.1269
 2.7100	10.3142
 2.7085	10.4475
 2.7071	10.5554
 2.7057	10.7007
 2.7043	10.8596
 2.7029	10.9795
 2.7015	11.0969
 2.7001	11.2204
 2.6987	11.3266
 2.6973	11.4497
 2.6959	11.5569
 2.6945	11.6557
 2.6931	11.7143
 2.6917	11.6992
 2.6903	11.6296
 2.6889	11.5591
 2.6875	11.5132
 2.6861	11.4861
 2.6847	11.4570
 2.6833	11.4311
 2.6819	11.4341
 2.6805	11.4477
 2.6791	11.4690
 2.6778	11.5105
 2.6764	11.5429
 2.6750	11.6296
 2.6736	11.7607
 2.6722	11.8735
 2.6709	11.9636
 2.6695	12.0529
 2.6681	12.0844
 2.6667	12.1135
 2.6654	12.1801
 2.6640	12.2290
 2.6626	12.2400
 2.6613	12.2456
 2.6599	12.2766
 2.6585	12.3325
 2.6572	12.3930
 2.6558	12.4721
 2.6545	12.6035
 2.6531	12.7793
 2.6517	12.9658
 2.6504	13.1220
 2.6490	13.2522
 2.6477	13.3774
 2.6463	13.4936
 2.6450	13.5488
 2.6436	13.5908
 2.6423	13.6071
 2.6409	13.5576
 2.6396	13.4922
 2.6382	13.4516
 2.6369	13.4470
 2.6356	13.4416
 2.6342	13.4301
 2.6329	13.3989
 2.6315	13.3296
 2.6302	13.2502
 2.6289	13.1923
 2.6275	13.1618
 2.6262	13.1574
 2.6249	13.1372
 2.6236	13.1294
 2.6222	13.1399
 2.6209	13.1538
 2.6196	13.1655
 2.6183	13.1714
 2.6169	13.1699
 2.6156	13.1587
 2.6143	13.0923
 2.6130	13.0095
 2.6117	12.9153
 2.6103	12.8056
 2.6090	12.7209
 2.6077	12.7260
 2.6064	12.7783
 2.6051	12.8332
 2.6038	12.8806
 2.6025	12.9167
 2.6012	12.9355
 2.5999	12.9214
 2.5986	12.8930
 2.5973	12.8471
 2.5960	12.7678
 2.5947	12.6828
 2.5934	12.5615
 2.5921	12.4416
 2.5908	12.3076
 2.5895	12.1723
 2.5882	12.0632
 2.5869	12.0036
 2.5856	11.9809
 2.5843	11.9536
 2.5830	11.9546
 2.5817	11.9958
 2.5805	12.0256
 2.5792	12.0288
 2.5779	12.0639
 2.5766	12.1159
 2.5753	12.1447
 2.5741	12.1819
 2.5728	12.2087
 2.5715	12.2024
 2.5702	12.1904
 2.5690	12.1718
 2.5677	12.1357
 2.5664	12.0913
 2.5651	12.0786
 2.5639	12.0776
 2.5626	12.0556
 2.5613	12.0591
 2.5601	12.0730
 2.5588	12.1211
 2.5575	12.2087
 2.5563	12.3044
 2.5550	12.3657
 2.5538	12.4233
 2.5525	12.4756
 2.5513	12.5219
 2.5500	12.5547
 2.5487	12.5337
 2.5475	12.4792
 2.5462	12.4306
 2.5450	12.3977
 2.5437	12.3537
 2.5425	12.2971
 2.5413	12.2307
 2.5400	12.1408
 2.5388	12.0337
 2.5375	11.9575
 2.5363	11.9362
 2.5350	11.9409
 2.5338	11.9426
 2.5326	11.9389
 2.5313	11.9243
 2.5301	11.8908
 2.5289	11.8198
 2.5276	11.7021
 2.5264	11.5476
 2.5252	11.3476
 2.5239	11.0854
 2.5227	10.7981
 2.5215	10.5659
 2.5202	10.3706
 2.5190	10.1677
 2.5178	 9.9782
 2.5166	 9.8281
 2.5154	 9.7378
 2.5141	 9.6836
 2.5129	 9.6338
 2.5117	 9.6413
 2.5105	 9.7002
 2.5093	 9.7920
 2.5081	 9.9421
 2.5068	10.1694
 2.5056	10.4438
 2.5044	10.7221
 2.5032	10.9775
 2.5020	11.2007
 2.5008	11.3916
 2.4996	11.5229
 2.4984	11.6191
 2.4972	11.6914
 2.4960	11.7744
 2.4948	11.8855
 2.4936	12.0019
 2.4924	12.1098
 2.4912	12.2260
 2.4900	12.3896
 2.4888	12.5713
 2.4876	12.7431
 2.4864	12.8745
 2.4852	12.9428
 2.4840	12.9301
 2.4828	12.9106
 2.4816	12.8647
 2.4805	12.8066
 2.4793	12.7280
 2.4781	12.6372
 2.4769	12.5122
 2.4757	12.3647
 2.4745	12.2295
 2.4734	12.1045
 2.4722	11.9724
 2.4710	11.8676
 2.4698	11.7783
 2.4686	11.7138
 2.4675	11.7409
 2.4663	11.7734
 2.4651	11.8120
 2.4640	11.9072
 2.4628	12.0337
 2.4616	12.1845
 2.4604	12.3452
 2.4593	12.4843
 2.4581	12.6069
 2.4569	12.7295
 2.4558	12.8173
 2.4546	12.8720
 2.4535	12.9321
 2.4523	12.9521
 2.4511	12.9370
 2.4500	12.9585
 2.4488	12.9756
 2.4477	12.9692
 2.4465	12.9565
 2.4454	12.9248
 2.4442	12.8899
 2.4431	12.8222
 2.4419	12.7163
 2.4408	12.6181
 2.4396	12.5234
 2.4385	12.3940
 2.4373	12.2422
 2.4362	12.1250
 2.4350	12.0092
 2.4339	11.8847
 2.4327	11.8115
 2.4316	11.7632
 2.4305	11.7641
 2.4293	11.8545
 2.4282	11.9731
 2.4270	12.0966
 2.4259	12.2129
 2.4248	12.3056
 2.4236	12.4072
 2.4225	12.5000
 2.4214	12.5757
 2.4202	12.6523
 2.4191	12.7031
 2.4180	12.7798
 2.4169	12.8857
 2.4157	12.9931
 2.4146	13.0883
 2.4135	13.1816
 2.4124	13.2529
 2.4112	13.2866
 2.4101	13.3398
 2.4090	13.4008
 2.4079	13.4548
 2.4068	13.4987
 2.4056	13.4892
 2.4045	13.4799
 2.4034	13.4668
 2.4023	13.4272
 2.4012	13.3881
 2.4001	13.3418
 2.3990	13.3193
 2.3979	13.3125
 2.3967	13.3418
 2.3956	13.3735
 2.3945	13.3925
 2.3934	13.4218
 2.3923	13.4707
 2.3912	13.5703
 2.3901	13.6548
 2.3890	13.7182
 2.3879	13.8344
 2.3868	13.9697
 2.3857	14.1001
 2.3846	14.2290
 2.3835	14.3764
 2.3824	14.5317
 2.3813	14.7031
 2.3802	14.8300
 2.3791	14.9482
 2.3781	15.0962
 2.3770	15.1831
 2.3759	15.2563
 2.3748	15.3593
 2.3737	15.4521
 2.3726	15.5288
 2.3715	15.6001
 2.3704	15.6704
 2.3694	15.7094
 2.3683	15.7617
 2.3672	15.8293
 2.3661	15.8928
 2.3650	15.9104
 2.3640	15.9140
 2.3629	15.9296
 2.3618	15.9384
 2.3607	15.9809
 2.3597	16.0195
 2.3586	16.0112
 2.3575	16.0197
 2.3564	16.0498
 2.3554	16.0451
 2.3543	16.0297
 2.3532	16.0549
 2.3522	16.0798
 2.3511	16.0332
 2.3500	16.0136
 2.3490	16.0180
 2.3479	16.0251
 2.3468	15.9985
 2.3458	15.9721
 2.3447	15.9524
 2.3436	15.9340
 2.3426	15.8820
 2.3415	15.8073
 2.3405	15.7551
 2.3394	15.6960
 2.3384	15.6665
 2.3373	15.6062
 2.3363	15.5017
 2.3352	15.4331
 2.3342	15.3645
 2.3331	15.2541
 2.3321	15.1499
 2.3310	15.0756
 2.3300	15.0000
 2.3289	14.9216
 2.3279	14.8230
 2.3268	14.7067
 2.3258	14.6027
 2.3247	14.4997
 2.3237	14.3921
 2.3226	14.3462
 2.3216	14.3022
 2.3206	14.2519
 2.3195	14.2331
 2.3185	14.2854
 2.3175	14.3315
 2.3164	14.4082
 2.3154	14.4951
 2.3144	14.6154
 2.3133	14.7509
 2.3123	14.8745
 2.3113	15.0073
 2.3102	15.1692
 2.3092	15.3193
 2.3082	15.4494
 2.3071	15.5778
 2.3061	15.7063
 2.3051	15.8264
 2.3041	15.9299
 2.3030	15.9736
 2.3020	16.0256
 2.3010	16.0715
 2.3000	16.1399
 2.2990	16.1530
 2.2979	16.1574
 2.2969	16.1943
 2.2959	16.2404
 2.2949	16.2519
 2.2939	16.2607
 2.2929	16.2973
 2.2918	16.3000
 2.2908	16.3012
 2.2898	16.3291
 2.2888	16.3559
 2.2878	16.3527
 2.2868	16.3518
 2.2858	16.3842
 2.2848	16.3745
 2.2838	16.3630
 2.2828	16.3779
 2.2818	16.4018
 2.2808	16.3855
 2.2798	16.3979
 2.2787	16.3925
 2.2777	16.3725
 2.2767	16.4228
 2.2757	16.4480
 2.2747	16.4465
 2.2738	16.4514
 2.2728	16.4804
 2.2718	16.4631
 2.2708	16.4304
 2.2698	16.4397
 2.2688	16.4614
 2.2678	16.4682
 2.2668	16.4875
 2.2658	16.4912
 2.2648	16.4663
 2.2638	16.4472
 2.2628	16.4401
 2.2618	16.4765
 2.2609	16.4738
 2.2599	16.4316
 2.2589	16.4272
 2.2579	16.4287
 2.2569	16.4270
 2.2559	16.4443
 2.2550	16.4565
 2.2540	16.4348
 2.2530	16.4311
 2.2520	16.4555
 2.2510	16.4375
 2.2501	16.4419
 2.2491	16.4409
 2.2481	16.4179
 2.2471	16.4521
 2.2462	16.4729
 2.2452	16.4748
 2.2442	16.4370
 2.2433	16.4101
 2.2423	16.4047
 2.2413	16.4101
 2.2403	16.4086
 2.2394	16.3974
 2.2384	16.4218
 2.2374	16.4336
 2.2365	16.4170
 2.2355	16.3945
 2.2345	16.3579
 2.2336	16.3486
 2.2326	16.3383
 2.2317	16.3488
 2.2307	16.2978
 2.2297	16.2114
 2.2288	16.2014
 2.2278	16.2199
 2.2269	16.1557
 2.2259	16.0981
 2.2250	16.0581
 2.2240	15.9765
 2.2231	15.8772
 2.2221	15.7915
 2.2211	15.6311
 2.2202	15.4145
 2.2192	15.1845
 2.2183	14.9621
 2.2173	14.7959
 2.2164	14.5849
 2.2155	14.3579
 2.2145	14.1045
 2.2136	13.7968
 2.2126	13.4809
 2.2117	13.2910
 2.2107	13.1682
 2.2098	13.1606
 2.2088	13.2890
 2.2079	13.4409
 2.2070	13.5434
 2.2060	13.5402
 2.2051	13.6020
 2.2041	13.8339
 2.2032	14.1057
 2.2023	14.3750
 2.2013	14.6425
 2.2004	14.7590
 2.1995	14.7876
 2.1985	14.7778
 2.1976	14.6975
 2.1967	14.5478
 2.1957	14.3476
 2.1948	14.0898
 2.1939	13.8088
 2.1930	13.5654
 2.1920	13.3886
 2.1911	13.3498
 2.1902	13.3567
 2.1893	13.3684
 2.1883	13.4253
 2.1874	13.4143
 2.1865	13.3213
 2.1856	13.1489
 2.1846	12.9455
 2.1837	12.7561
 2.1828	12.5940
 2.1819	12.4565
 2.1810	12.3857
 2.1800	12.4072
 2.1791	12.5139
 2.1782	12.6528
 2.1773	12.7885
 2.1764	12.8889
 2.1755	12.9770
 2.1746	12.9902
 2.1736	12.9712
 2.1727	12.9319
 2.1718	12.8166
 2.1709	12.7046
 2.1700	12.6665
 2.1691	12.6194
 2.1682	12.5581
 2.1673	12.5332
 2.1664	12.5654
 2.1655	12.6572
 2.1646	12.7258
 2.1637	12.7592
 2.1628	12.8193
 2.1619	12.7893
 2.1610	12.7148
 2.1601	12.6506
 2.1592	12.5947
 2.1583	12.5695
 2.1574	12.5239
 2.1565	12.4756
 2.1556	12.5317
 2.1547	12.6089
 2.1538	12.6748
 2.1529	12.7607
 2.1520	12.8130
 2.1511	12.8908
 2.1502	13.0112
 2.1493	13.0752
 2.1484	13.1255
 2.1475	13.1640
 2.1466	13.2238
 2.1458	13.2297
 2.1449	13.2492
 2.1440	13.2710
 2.1431	13.2451
 2.1422	13.2558
 2.1413	13.3127
 2.1404	13.3506
 2.1396	13.4033
 2.1387	13.4292
 2.1378	13.4338
 2.1369	13.4799
 2.1360	13.5171
 2.1352	13.5451
 2.1343	13.5698
 2.1334	13.5971
 2.1325	13.6323
 2.1316	13.6601
 2.1308	13.6916
 2.1299	13.7131
 2.1290	13.7246
 2.1281	13.7578
 2.1273	13.7990
 2.1264	13.8488
 2.1255	13.9174
 2.1247	13.9836
 2.1238	14.0498
 2.1229	14.1767
 2.1220	14.2915
 2.1212	14.3383
 2.1203	14.3989
 2.1194	14.4882
 2.1186	14.5774
 2.1177	14.6552
 2.1168	14.7348
 2.1160	14.7924
 2.1151	14.8674
 2.1143	14.9443
 2.1134	14.9721
 2.1125	15.0061
 2.1117	15.0393
 2.1108	15.0930
 2.1100	15.1630
 2.1091	15.2006
 2.1082	15.2434
 2.1074	15.3059
 2.1065	15.3398
 2.1057	15.3418
 2.1048	15.3593
 2.1040	15.3947
 2.1031	15.4345
 2.1023	15.4882
 2.1014	15.5171
 2.1005	15.5266
 2.0997	15.5422
 2.0988	15.5754
 2.0980	15.5698
 2.0971	15.5820
 2.0963	15.6464
 2.0955	15.6828
 2.0946	15.6767
 2.0938	15.7070
 2.0929	15.7297
 2.0921	15.7307
 2.0912	15.7378
 2.0904	15.7609
 2.0895	15.7981
 2.0887	15.8186
 2.0879	15.8313
 2.0870	15.8271
 2.0862	15.8234
 2.0853	15.8274
 2.0845	15.8430
 2.0837	15.8264
 2.0828	15.7749
 2.0820	15.7854
 2.0812	15.8420
 2.0803	15.8525
 2.0795	15.8339
