Name: Phosphorite
Type: Rock
Class: Sedimentary
Subclass: Shale
Particle Size: Solid
Sample No.: Phop005
Owner: USGS
Wavelength Range: All
Origin: Southeastern Idaho
Collection Date: N/A
Description: Phosphate ore from upper part of Meade PeakMember, Phosphoria Formation, unaltered (no chemicalweathering), contains quartz, hydroxylapatite, muscovite,and microcline. Sample was Whole rock chips. Original ASTER Spectral Library name was usgs.perknic.rock.sedimentary.shale.solid.phop005.spectrum.txt
Measurement: Directional Hemispherical Reflectance
First Column: X
Second Column: Y
X Units: Wavelength (micrometers)
Y Units:Reflectance (percent)
First X Value: 14.0510
Last X Value:  0.4000
Number of X Values: 2231
Additional Information: none

14.0510	 2.5441
14.0130	 2.5132
13.9750	 2.5338
13.9380	 2.4102
13.9000	 2.6471
13.8630	 2.6780
13.8260	 2.6471
13.7900	 2.7295
13.7530	 2.9355
13.7170	 2.8634
13.6800	 2.8737
13.6440	 2.8634
13.6090	 3.0385
13.5730	 3.0179
13.5380	 2.9149
13.5020	 2.8840
13.4670	 2.9973
13.4320	 2.9149
13.3980	 2.9664
13.3630	 3.0179
13.3290	 3.0797
13.2950	 2.9973
13.2610	 2.9561
13.2270	 2.9561
13.1930	 3.2445
13.1600	 3.3269
13.1260	 3.2651
13.0930	 3.2857
13.0600	 3.4196
13.0270	 3.3475
12.9950	 3.3784
12.9620	 3.4299
12.9300	 3.6771
12.8980	 3.8007
12.8660	 3.9140
12.8340	 3.9037
12.8020	 3.9655
12.7710	 3.9243
12.7390	 3.7389
12.7080	 3.5638
12.6770	 3.5329
12.6460	 3.4299
12.6160	 3.4402
12.5850	 3.4917
12.5540	 3.6359
12.5240	 3.6050
12.4940	 3.5741
12.4640	 3.4711
12.4340	 3.3887
12.4040	 3.1827
12.3750	 2.9664
12.3450	 2.7501
12.3160	 2.6574
12.2870	 2.6677
12.2580	 2.8222
12.2290	 2.7810
12.2000	 2.8222
12.1710	 2.8840
12.1430	 2.9149
12.1150	 2.8119
12.0860	 2.8943
12.0580	 2.9870
12.0300	 3.1415
12.0020	 3.1003
11.9750	 3.2548
11.9470	 3.3063
11.9200	 3.3887
11.8920	 3.4917
11.8650	 3.6050
11.8380	 3.6050
11.8110	 3.6668
11.7840	 3.7286
11.7570	 3.8110
11.7310	 3.8110
11.7040	 3.8522
11.6780	 3.9140
11.6520	 4.0067
11.6260	 4.0582
11.6000	 4.1509
11.5740	 4.0788
11.5480	 4.0788
11.5220	 4.0788
11.4970	 4.2230
11.4710	 4.3260
11.4460	 4.4805
11.4210	 4.4702
11.3960	 4.3981
11.3710	 4.4290
11.3460	 4.6659
11.3210	 4.6865
11.2970	 4.7071
11.2720	 4.8101
11.2480	 4.9234
11.2230	 4.9337
11.1990	 4.9852
11.1750	 4.9749
11.1510	 5.0882
11.1270	 5.1809
11.1030	 5.2221
11.0790	 5.2221
11.0560	 5.3560
11.0320	 5.4178
11.0090	 5.4487
10.9850	 5.4178
10.9620	 5.4693
10.9390	 5.4384
10.9160	 5.4075
10.8930	 5.3354
10.8700	 5.2221
10.8480	 4.9852
10.8250	 4.8616
10.8020	 4.8307
10.7800	 4.9028
10.7580	 4.8616
10.7350	 4.8925
10.7130	 4.8719
10.6910	 4.9028
10.6690	 4.9543
10.6470	 5.0573
10.6250	 4.9440
10.6040	 5.0058
10.5820	 5.0985
10.5600	 5.1603
10.5390	 5.1603
10.5180	 5.2324
10.4960	 5.3869
10.4750	 5.6135
10.4540	 5.7165
10.4330	 5.8504
10.4120	 5.9946
10.3910	 6.1079
10.3700	 6.0873
10.3500	 6.1594
10.3290	 6.2933
10.3090	 6.4375
10.2880	 6.6641
10.2680	 6.9422
10.2470	 7.0452
10.2270	 7.1894
10.2070	 7.3027
10.1870	 7.5499
10.1670	 7.6941
10.1470	 7.8692
10.1270	 7.9619
10.1080	 8.1988
10.0880	 8.4048
10.0680	 8.6314
10.0490	 8.7859
10.0290	 9.0949
10.0100	 9.4966
 9.9910	 9.7541
 9.9720	 9.8777
 9.9520	10.2382
 9.9330	10.5163
 9.9140	10.7223
 9.8950	10.8768
 9.8770	10.9489
 9.8580	10.9592
 9.8390	11.0313
 9.8210	11.0725
 9.8020	11.2167
 9.7830	11.3815
 9.7650	11.5875
 9.7470	11.7729
 9.7280	12.0922
 9.7100	12.5145
 9.6920	13.0604
 9.6740	13.4621
 9.6560	13.8226
 9.6380	14.2758
 9.6200	14.7496
 9.6020	15.0586
 9.5850	15.2646
 9.5670	15.3058
 9.5490	15.4088
 9.5320	15.5633
 9.5140	15.6560
 9.4970	15.5324
 9.4790	15.4603
 9.4620	15.3985
 9.4450	15.3058
 9.4280	15.2543
 9.4110	15.4191
 9.3940	15.4294
 9.3770	15.5427
 9.3600	15.6663
 9.3430	15.7281
 9.3260	15.6972
 9.3090	15.6869
 9.2930	15.5633
 9.2760	15.3676
 9.2590	15.0689
 9.2430	14.6878
 9.2260	14.3685
 9.2100	14.0904
 9.1940	13.5651
 9.1780	13.2767
 9.1610	13.2149
 9.1450	13.2767
 9.1290	13.3179
 9.1130	13.3694
 9.0970	13.2046
 9.0810	12.9162
 9.0650	12.5866
 9.0490	12.3909
 9.0340	12.0922
 9.0180	11.8862
 9.0020	11.5875
 8.9870	11.4021
 8.9710	11.2888
 8.9560	11.1961
 8.9400	11.2270
 8.9250	11.4536
 8.9090	11.6905
 8.8940	11.6802
 8.8790	11.5566
 8.8640	11.5257
 8.8490	11.4021
 8.8340	11.3300
 8.8190	11.1446
 8.8040	10.9798
 8.7890	10.7738
 8.7740	10.6193
 8.7590	10.3618
 8.7440	10.1558
 8.7300	 9.8777
 8.7150	 9.5790
 8.7000	 9.4039
 8.6860	 9.1567
 8.6710	 8.7344
 8.6570	 8.3945
 8.6420	 7.8898
 8.6280	 7.4366
 8.6140	 7.3336
 8.5990	 7.5190
 8.5850	 7.7250
 8.5710	 8.0031
 8.5570	 8.2297
 8.5430	 8.3224
 8.5290	 8.3224
 8.5150	 8.3842
 8.5010	 8.3327
 8.4870	 8.2400
 8.4730	 8.1473
 8.4590	 8.1061
 8.4450	 8.1061
 8.4310	 8.2194
 8.4180	 8.1679
 8.4040	 8.2297
 8.3910	 8.2091
 8.3770	 8.1370
 8.3630	 8.1679
 8.3500	 8.2297
 8.3370	 8.2606
 8.3230	 8.3636
 8.3100	 8.4563
 8.2970	 8.5696
 8.2830	 8.5799
 8.2700	 8.6108
 8.2570	 8.7653
 8.2440	 8.8992
 8.2310	 8.9610
 8.2180	 9.1258
 8.2050	 9.3009
 8.1920	 9.4039
 8.1790	 9.4863
 8.1660	 9.5790
 8.1530	 9.3524
 8.1400	 9.1464
 8.1280	 8.8580
 8.1150	 8.5902
 8.1020	 8.2091
 8.0900	 7.8177
 8.0770	 7.4675
 8.0640	 7.1688
 8.0520	 6.8701
 8.0390	 6.5714
 8.0270	 6.2624
 8.0150	 6.0770
 8.0020	 5.8401
 7.9900	 5.5929
 7.9780	 5.3766
 7.9650	 5.2015
 7.9530	 4.9543
 7.9410	 4.7380
 7.9290	 4.4908
 7.9170	 4.3260
 7.9050	 4.1303
 7.8930	 3.9758
 7.8810	 3.7492
 7.8690	 3.6668
 7.8570	 3.5123
 7.8450	 3.3578
 7.8330	 3.3166
 7.8210	 3.2342
 7.8090	 3.0900
 7.7980	 2.9973
 7.7860	 3.0282
 7.7740	 3.1415
 7.7630	 3.0797
 7.7510	 2.9973
 7.7390	 2.9767
 7.7280	 3.0076
 7.7160	 2.9973
 7.7050	 2.9252
 7.6940	 2.8016
 7.6820	 2.7913
 7.6710	 2.7501
 7.6590	 2.7604
 7.6480	 2.6986
 7.6370	 2.6265
 7.6260	 2.5853
 7.6140	 2.5956
 7.6030	 2.5647
 7.5920	 2.5029
 7.5810	 2.4514
 7.5700	 2.4514
 7.5590	 2.4205
 7.5480	 2.3999
 7.5370	 2.3999
 7.5260	 2.4205
 7.5150	 2.4205
 7.5040	 2.3690
 7.4930	 2.2866
 7.4830	 2.2557
 7.4720	 2.2454
 7.4610	 2.2763
 7.4500	 2.2248
 7.4400	 2.2351
 7.4290	 2.1939
 7.4180	 2.1630
 7.4080	 2.1115
 7.3970	 2.1115
 7.3870	 2.0188
 7.3760	 1.9982
 7.3660	 2.0085
 7.3550	 2.0600
 7.3450	 2.0806
 7.3340	 2.0600
 7.3240	 1.9982
 7.3140	 1.9982
 7.3030	 1.9776
 7.2930	 1.9673
 7.2830	 2.0085
 7.2730	 2.0188
 7.2630	 1.9982
 7.2520	 2.0188
 7.2420	 2.0085
 7.2320	 2.0085
 7.2220	 1.9467
 7.2120	 1.8952
 7.2020	 1.8643
 7.1920	 1.8849
 7.1820	 1.8437
 7.1720	 1.7716
 7.1620	 1.7716
 7.1520	 1.8231
 7.1430	 1.7922
 7.1330	 1.7716
 7.1230	 1.7201
 7.1130	 1.6892
 7.1030	 1.5347
 7.0940	 1.5038
 7.0840	 1.5141
 7.0740	 1.5656
 7.0650	 1.5553
 7.0550	 1.5759
 7.0460	 1.5759
 7.0360	 1.5450
 7.0260	 1.4729
 7.0170	 1.5038
 7.0070	 1.4935
 6.9980	 1.4832
 6.9890	 1.4523
 6.9790	 1.4935
 6.9700	 1.5244
 6.9600	 1.4729
 6.9510	 1.3287
 6.9420	 1.3596
 6.9320	 1.4214
 6.9230	 1.4111
 6.9140	 1.4111
 6.9050	 1.4935
 6.8960	 1.4626
 6.8860	 1.5141
 6.8770	 1.5759
 6.8680	 1.5862
 6.8590	 1.5347
 6.8500	 1.4935
 6.8410	 1.5038
 6.8320	 1.5347
 6.8230	 1.5862
 6.8140	 1.6480
 6.8050	 1.6171
 6.7960	 1.6789
 6.7870	 1.6892
 6.7780	 1.7613
 6.7700	 1.7613
 6.7610	 1.7304
 6.7520	 1.7716
 6.7430	 1.8643
 6.7340	 1.9570
 6.7260	 1.9570
 6.7170	 1.9055
 6.7080	 1.9467
 6.7000	 1.9879
 6.6910	 2.0497
 6.6820	 2.1012
 6.6740	 2.0703
 6.6650	 2.1218
 6.6570	 2.1836
 6.6480	 2.1733
 6.6400	 2.2248
 6.6310	 2.3175
 6.6230	 2.3896
 6.6140	 2.3587
 6.6060	 2.3278
 6.5970	 2.2660
 6.5890	 2.3072
 6.5810	 2.3484
 6.5720	 2.3999
 6.5640	 2.4308
 6.5560	 2.3896
 6.5470	 2.3690
 6.5390	 2.4102
 6.5310	 2.3896
 6.5230	 2.3484
 6.5140	 2.3690
 6.5060	 2.5132
 6.4980	 2.6265
 6.4900	 2.6471
 6.4820	 2.5338
 6.4740	 2.5441
 6.4660	 2.5441
 6.4580	 2.5647
 6.4500	 2.5956
 6.4420	 2.6368
 6.4340	 2.6265
 6.4260	 2.6471
 6.4180	 2.6471
 6.4100	 2.5956
 6.4020	 2.5029
 6.3940	 2.4926
 6.3860	 2.5029
 6.3780	 2.5029
 6.3700	 2.4514
 6.3630	 2.4617
 6.3550	 2.4514
 6.3470	 2.4308
 6.3390	 2.3793
 6.3320	 2.3896
 6.3240	 2.3484
 6.3160	 2.3175
 6.3080	 2.3072
 6.3010	 2.3072
 6.2930	 2.2763
 6.2860	 2.2248
 6.2780	 2.2145
 6.2700	 2.2763
 6.2630	 2.2866
 6.2550	 2.2454
 6.2480	 2.2042
 6.2400	 2.1630
 6.2330	 2.1527
 6.2250	 2.1939
 6.2180	 2.2042
 6.2100	 2.2557
 6.2030	 2.2660
 6.1950	 2.2454
 6.1880	 2.1836
 6.1810	 2.1939
 6.1730	 2.2660
 6.1660	 2.2763
 6.1590	 2.3175
 6.1510	 2.3175
 6.1440	 2.2866
 6.1370	 2.3072
 6.1300	 2.2866
 6.1220	 2.3072
 6.1150	 2.2557
 6.1080	 2.2969
 6.1010	 2.3381
 6.0940	 2.3278
 6.0860	 2.2969
 6.0790	 2.3484
 6.0720	 2.3484
 6.0650	 2.3484
 6.0580	 2.3999
 6.0510	 2.4720
 6.0440	 2.4411
 6.0370	 2.4102
 6.0300	 2.4411
 6.0230	 2.5235
 6.0160	 2.5853
 6.0090	 2.5853
 6.0020	 2.5750
 5.9950	 2.5750
 5.9880	 2.6368
 5.9810	 2.6471
 5.9740	 2.6162
 5.9670	 2.6677
 5.9600	 2.6780
 5.9540	 2.6677
 5.9470	 2.6574
 5.9400	 2.7192
 5.9330	 2.7398
 5.9260	 2.7604
 5.9200	 2.8222
 5.9130	 2.8840
 5.9060	 2.9664
 5.8990	 3.1106
 5.8930	 3.2033
 5.8860	 3.2754
 5.8790	 3.2651
 5.8730	 3.3372
 5.8660	 3.4196
 5.8590	 3.5020
 5.8530	 3.5329
 5.8460	 3.6359
 5.8400	 3.7183
 5.8330	 3.7801
 5.8270	 3.8522
 5.8200	 4.0067
 5.8130	 4.1097
 5.8070	 4.1509
 5.8000	 4.2333
 5.7940	 4.3260
 5.7880	 4.3569
 5.7810	 4.3981
 5.7750	 4.4908
 5.7680	 4.6659
 5.7620	 4.8307
 5.7550	 4.9131
 5.7490	 4.9749
 5.7430	 5.0264
 5.7360	 5.0573
 5.7300	 5.1294
 5.7240	 5.1912
 5.7170	 5.2530
 5.7110	 5.3148
 5.7050	 5.3663
 5.6980	 5.3457
 5.6920	 5.3148
 5.6860	 5.2736
 5.6800	 5.2530
 5.6740	 5.2427
 5.6670	 5.2118
 5.6610	 5.1809
 5.6550	 5.2118
 5.6490	 5.1397
 5.6430	 5.0676
 5.6370	 5.0470
 5.6300	 4.9749
 5.6240	 4.8616
 5.6180	 4.7895
 5.6120	 4.7483
 5.6060	 4.6350
 5.6000	 4.5526
 5.5940	 4.5732
 5.5880	 4.5629
 5.5820	 4.5938
 5.5760	 4.6453
 5.5700	 4.7483
 5.5640	 4.7689
 5.5580	 4.7895
 5.5520	 4.8204
 5.5460	 4.8822
 5.5400	 4.9646
 5.5340	 5.0161
 5.5280	 5.0882
 5.5230	 5.1706
 5.5170	 5.2633
 5.5110	 5.3457
 5.5050	 5.4281
 5.4990	 5.5208
 5.4930	 5.5723
 5.4870	 5.6444
 5.4820	 5.6856
 5.4760	 5.7680
 5.4700	 5.8195
 5.4640	 5.8916
 5.4590	 5.9946
 5.4530	 6.0873
 5.4470	 6.0873
 5.4410	 6.0667
 5.4360	 6.0564
 5.4300	 6.0049
 5.4240	 5.9740
 5.4190	 5.9431
 5.4130	 5.8298
 5.4070	 5.6650
 5.4020	 5.4178
 5.3960	 5.2221
 5.3900	 5.0573
 5.3850	 4.8719
 5.3790	 4.6968
 5.3740	 4.5629
 5.3680	 4.4908
 5.3630	 4.4702
 5.3570	 4.4187
 5.3520	 4.3672
 5.3460	 4.3569
 5.3410	 4.3363
 5.3350	 4.3157
 5.3300	 4.3878
 5.3240	 4.4290
 5.3190	 4.4393
 5.3130	 4.5011
 5.3080	 4.5423
 5.3020	 4.4908
 5.2970	 4.5320
 5.2910	 4.6350
 5.2860	 4.7586
 5.2810	 4.8410
 5.2750	 4.9543
 5.2700	 5.0779
 5.2650	 5.2015
 5.2590	 5.3148
 5.2540	 5.5105
 5.2490	 5.6959
 5.2430	 5.8710
 5.2380	 5.9637
 5.2330	 6.1182
 5.2270	 6.3242
 5.2220	 6.5508
 5.2170	 6.7671
 5.2120	 6.9937
 5.2060	 7.1276
 5.2010	 7.2100
 5.1960	 7.2203
 5.1910	 7.1997
 5.1860	 7.2100
 5.1800	 7.2718
 5.1750	 7.2615
 5.1700	 7.2203
 5.1650	 7.2512
 5.1600	 7.2615
 5.1550	 7.3130
 5.1500	 7.3954
 5.1450	 7.4160
 5.1390	 7.3954
 5.1340	 7.4160
 5.1290	 7.3439
 5.1240	 7.3027
 5.1190	 7.3851
 5.1140	 7.3954
 5.1090	 7.3233
 5.1040	 7.3439
 5.0990	 7.3542
 5.0940	 7.3027
 5.0890	 7.2718
 5.0840	 7.1688
 5.0790	 7.0349
 5.0740	 6.9422
 5.0690	 6.9216
 5.0640	 6.8804
 5.0590	 6.8083
 5.0540	 6.7774
 5.0490	 6.7156
 5.0440	 6.6332
 5.0400	 6.5096
 5.0350	 6.2727
 5.0300	 6.0976
 5.0250	 5.9225
 5.0200	 5.7165
 5.0150	 5.5826
 5.0100	 5.4693
 5.0050	 5.3560
 5.0010	 5.4075
 4.9960	 5.5517
 4.9910	 5.6238
 4.9860	 5.6753
 4.9810	 5.6959
 4.9770	 5.7062
 4.9720	 5.8092
 4.9670	 5.9946
 4.9620	 6.1800
 4.9580	 6.3860
 4.9530	 6.6332
 4.9480	 6.8701
 4.9430	 7.0555
 4.9390	 7.1482
 4.9340	 7.2718
 4.9290	 7.3954
 4.9250	 7.4984
 4.9200	 7.6735
 4.9150	 7.8795
 4.9110	 8.0958
 4.9060	 8.2915
 4.9010	 8.5284
 4.8970	 8.8065
 4.8920	 9.0537
 4.8880	 9.2391
 4.8830	 9.3936
 4.8780	 9.4966
 4.8740	 9.5481
 4.8690	 9.6305
 4.8650	 9.7232
 4.8600	 9.8468
 4.8560	10.0219
 4.8510	10.2279
 4.8460	10.3618
 4.8420	10.3618
 4.8370	10.2897
 4.8330	10.1970
 4.8280	10.1558
 4.8240	10.0837
 4.8190	10.0322
 4.8150	 9.9601
 4.8100	 9.7438
 4.8060	 9.5790
 4.8020	 9.6511
 4.7970	 9.7438
 4.7930	 9.7747
 4.7880	 9.8983
 4.7840	10.1558
 4.7790	10.3206
 4.7750	10.4133
 4.7710	10.5781
 4.7660	10.7223
 4.7620	10.9386
 4.7580	11.1549
 4.7530	11.3506
 4.7490	11.5463
 4.7440	11.7111
 4.7400	11.8862
 4.7360	12.0098
 4.7310	12.0716
 4.7270	12.1746
 4.7230	12.2055
 4.7190	12.1952
 4.7140	12.2467
 4.7100	12.2261
 4.7060	12.1437
 4.7010	12.1025
 4.6970	12.0819
 4.6930	12.1334
 4.6890	12.1437
 4.6840	12.1334
 4.6800	12.1334
 4.6760	12.1643
 4.6720	12.2364
 4.6680	12.2570
 4.6630	12.2261
 4.6590	12.1952
 4.6550	12.2673
 4.6510	12.3497
 4.6470	12.3703
 4.6430	12.4733
 4.6380	12.6896
 4.6340	12.8441
 4.6300	12.9471
 4.6260	12.9162
 4.6220	13.0398
 4.6180	13.3076
 4.6140	13.4518
 4.6100	13.5754
 4.6050	13.6990
 4.6010	13.9565
 4.5970	14.3170
 4.5930	14.6466
 4.5890	14.9144
 4.5850	15.0998
 4.5810	15.2234
 4.5770	15.3367
 4.5730	15.3676
 4.5690	15.4191
 4.5650	15.5015
 4.5610	15.5530
 4.5570	15.6457
 4.5530	15.7075
 4.5490	15.8414
 4.5450	16.0268
 4.5410	16.1813
 4.5370	16.2534
 4.5330	16.3358
 4.5290	16.4285
 4.5250	16.4800
 4.5210	16.5418
 4.5170	16.6757
 4.5130	16.7478
 4.5090	16.7787
 4.5050	16.8405
 4.5020	16.8096
 4.4980	16.7890
 4.4940	16.8714
 4.4900	16.8611
 4.4860	16.8096
 4.4820	16.8714
 4.4780	16.9126
 4.4740	16.8817
 4.4700	16.9744
 4.4670	17.0877
 4.4630	17.1495
 4.4590	17.1907
 4.4550	17.2731
 4.4510	17.3967
 4.4470	17.4379
 4.4440	17.5100
 4.4400	17.6233
 4.4360	17.7778
 4.4320	17.9529
 4.4280	18.0456
 4.4250	18.0765
 4.4210	18.2104
 4.4170	18.3546
 4.4130	18.3855
 4.4100	18.4061
 4.4060	18.5606
 4.4020	18.6018
 4.3980	18.6327
 4.3950	18.7666
 4.3910	18.7975
 4.3870	18.9005
 4.3840	19.0550
 4.3800	19.1992
 4.3760	19.2507
 4.3720	19.3949
 4.3690	19.5597
 4.3650	19.6730
 4.3610	19.7966
 4.3580	19.9717
 4.3540	19.9511
 4.3500	19.8996
 4.3470	19.9923
 4.3430	20.1262
 4.3400	20.1674
 4.3360	20.2086
 4.3320	20.3013
 4.3290	20.3425
 4.3250	20.3322
 4.3210	20.3425
 4.3180	20.3013
 4.3140	20.3425
 4.3110	20.3322
 4.3070	20.3013
 4.3040	20.3219
 4.3000	20.3013
 4.2960	20.1777
 4.2930	20.0541
 4.2890	19.9099
 4.2860	19.7554
 4.2820	19.5185
 4.2790	19.2919
 4.2750	19.0859
 4.2720	18.9932
 4.2680	18.8181
 4.2650	18.7563
 4.2610	18.9005
 4.2580	19.1580
 4.2540	19.5288
 4.2510	19.9305
 4.2470	20.2292
 4.2440	20.4867
 4.2400	20.6206
 4.2370	20.8781
 4.2330	21.1047
 4.2300	21.2798
 4.2260	21.4858
 4.2230	21.5682
 4.2190	21.5373
 4.2160	21.5785
 4.2130	21.5579
 4.2090	21.5682
 4.2060	21.6197
 4.2020	21.6300
 4.1990	21.7021
 4.1960	21.7330
 4.1920	21.6403
 4.1890	21.6403
 4.1850	21.6712
 4.1820	21.7639
 4.1790	21.8566
 4.1750	21.8669
 4.1720	21.8154
 4.1690	21.8566
 4.1650	21.9802
 4.1620	22.0626
 4.1590	22.0626
 4.1550	22.0111
 4.1520	22.0832
 4.1490	22.1553
 4.1450	22.2068
 4.1420	22.1759
 4.1390	22.1450
 4.1350	22.2480
 4.1320	22.2480
 4.1290	22.2068
 4.1260	22.3098
 4.1220	22.4231
 4.1190	22.4025
 4.1160	22.3922
 4.1120	22.3819
 4.1090	22.4128
 4.1060	22.5261
 4.1030	22.5879
 4.0990	22.5570
 4.0960	22.5879
 4.0930	22.5570
 4.0900	22.4334
 4.0860	22.4128
 4.0830	22.3922
 4.0800	22.4746
 4.0770	22.5158
 4.0740	22.4849
 4.0700	22.3922
 4.0670	22.2583
 4.0640	22.2274
 4.0610	22.2377
 4.0580	22.2377
 4.0550	22.1759
 4.0510	22.1553
 4.0480	22.1244
 4.0450	22.1038
 4.0420	21.8875
 4.0390	21.7021
 4.0360	21.5682
 4.0320	21.4034
 4.0290	21.1562
 4.0260	20.8884
 4.0230	20.6000
 4.0200	20.3734
 4.0170	20.1983
 4.0140	20.0541
 4.0110	20.1056
 4.0080	20.2910
 4.0040	20.3837
 4.0010	20.5176
 3.9980	20.6515
 3.9950	20.7648
 3.9920	20.7751
 3.9890	20.7545
 3.9860	20.8163
 3.9830	20.6721
 3.9800	20.3219
 3.9770	20.0438
 3.9740	19.8687
 3.9710	19.9099
 3.9680	20.0232
 3.9650	20.2086
 3.9620	20.4867
 3.9590	20.8060
 3.9560	21.0120
 3.9530	21.1562
 3.9500	21.3107
 3.9470	21.4137
 3.9440	21.5167
 3.9410	21.5785
 3.9380	21.5064
 3.9350	21.5888
 3.9320	21.6197
 3.9290	21.5888
 3.9260	21.5476
 3.9230	21.7433
 3.9200	21.8772
 3.9170	21.7948
 3.9140	21.7948
 3.9110	21.8257
 3.9080	21.6506
 3.9050	21.6300
 3.9020	21.7639
 3.8990	21.8154
 3.8960	21.7536
 3.8930	21.6712
 3.8900	21.5167
 3.8870	21.4343
 3.8840	21.5476
 3.8820	21.6918
 3.8790	21.6506
 3.8760	21.5785
 3.8730	21.4549
 3.8700	21.3622
 3.8670	21.2798
 3.8640	21.1871
 3.8610	21.2283
 3.8580	21.2798
 3.8560	21.2077
 3.8530	21.2077
 3.8500	21.2386
 3.8470	21.1150
 3.8440	20.9399
 3.8410	20.9193
 3.8380	20.9296
 3.8360	20.9193
 3.8330	20.9090
 3.8300	20.8266
 3.8270	20.7339
 3.8240	20.7236
 3.8220	20.6515
 3.8190	20.5279
 3.8160	20.4970
 3.8130	20.5588
 3.8100	20.5073
 3.8070	20.4249
 3.8050	20.2704
 3.8020	20.1777
 3.7990	20.2086
 3.7960	20.3219
 3.7940	20.2910
 3.7910	20.1880
 3.7880	20.0438
 3.7850	19.9099
 3.7820	19.7657
 3.7800	19.7451
 3.7770	19.8069
 3.7740	19.8275
 3.7710	19.5700
 3.7690	19.3537
 3.7660	19.3228
 3.7630	19.3331
 3.7610	19.2816
 3.7580	19.2507
 3.7550	19.1374
 3.7520	19.0859
 3.7500	19.0035
 3.7470	18.8490
 3.7440	18.7563
 3.7420	18.7666
 3.7390	18.6327
 3.7360	18.5606
 3.7330	18.5297
 3.7310	18.6018
 3.7280	18.4885
 3.7250	18.4473
 3.7230	18.3649
 3.7200	18.3031
 3.7170	18.0868
 3.7150	17.9735
 3.7120	17.9220
 3.7090	17.8396
 3.7070	17.8087
 3.7040	17.7469
 3.7020	17.6027
 3.6990	17.4482
 3.6960	17.3555
 3.6940	17.3143
 3.6910	17.2834
 3.6880	17.1598
 3.6860	17.0259
 3.6830	17.0259
 3.6800	17.0465
 3.6780	16.9641
 3.6750	16.7581
 3.6730	16.5315
 3.6700	16.3873
 3.6670	16.4491
 3.6650	16.3770
 3.6620	16.2019
 3.6600	16.0783
 3.6570	15.9650
 3.6550	15.8414
 3.6520	15.6148
 3.6490	15.5530
 3.6470	15.5736
 3.6440	15.4500
 3.6420	15.4191
 3.6390	15.4191
 3.6370	15.2440
 3.6340	15.0586
 3.6320	14.9968
 3.6290	14.9247
 3.6260	14.8423
 3.6240	14.6981
 3.6210	14.6157
 3.6190	14.3994
 3.6160	14.1934
 3.6140	14.1110
 3.6110	14.0595
 3.6090	13.9668
 3.6060	13.7814
 3.6040	13.5033
 3.6010	13.3179
 3.5990	13.3282
 3.5960	13.3179
 3.5940	13.1737
 3.5910	12.9986
 3.5890	12.8544
 3.5860	12.7308
 3.5840	12.5969
 3.5810	12.4836
 3.5790	12.4424
 3.5760	12.3291
 3.5740	12.2364
 3.5710	12.1025
 3.5690	11.8553
 3.5670	11.6699
 3.5640	11.5360
 3.5620	11.4742
 3.5590	11.3609
 3.5570	11.2888
 3.5540	11.2888
 3.5520	11.0725
 3.5490	10.9901
 3.5470	10.9798
 3.5450	10.7120
 3.5420	10.5781
 3.5400	10.5369
 3.5370	10.4030
 3.5350	10.3412
 3.5330	10.3309
 3.5300	10.3515
 3.5280	10.3927
 3.5250	10.2485
 3.5230	10.2176
 3.5210	10.2382
 3.5180	10.2588
 3.5160	10.2073
 3.5130	10.1249
 3.5110	10.1146
 3.5090	10.2382
 3.5060	10.1764
 3.5040	10.1867
 3.5020	10.1455
 3.4990	10.0528
 3.4970	10.0219
 3.4940	10.1146
 3.4920	10.1867
 3.4900	10.2588
 3.4870	10.1352
 3.4850	10.0425
 3.4830	 9.9807
 3.4800	 9.9910
 3.4780	 9.9910
 3.4760	 9.8880
 3.4730	 9.7747
 3.4710	 9.7644
 3.4690	 9.7438
 3.4660	 9.7232
 3.4640	 9.7541
 3.4620	 9.7129
 3.4600	 9.6717
 3.4570	 9.7232
 3.4550	 9.5893
 3.4530	 9.5378
 3.4500	 9.5172
 3.4480	 9.4451
 3.4460	 9.4142
 3.4430	 9.4863
 3.4410	 9.5481
 3.4390	 9.4657
 3.4370	 9.3112
 3.4340	 9.2082
 3.4320	 9.1361
 3.4300	 9.0949
 3.4280	 9.1567
 3.4250	 9.2391
 3.4230	 9.0537
 3.4210	 8.8683
 3.4180	 8.7653
 3.4160	 8.8374
 3.4140	 8.8065
 3.4120	 8.7241
 3.4090	 8.6932
 3.4070	 8.7550
 3.4050	 8.5490
 3.4030	 8.4048
 3.4010	 8.3327
 3.3980	 8.3121
 3.3960	 8.2400
 3.3940	 8.1988
 3.3920	 8.1988
 3.3890	 8.1576
 3.3870	 8.0958
 3.3850	 8.0855
 3.3830	 8.0031
 3.3810	 7.9516
 3.3780	 7.8280
 3.3760	 7.7044
 3.3740	 7.7662
 3.3720	 7.7662
 3.3700	 7.6941
 3.3670	 7.5911
 3.3650	 7.4469
 3.3630	 7.3851
 3.3610	 7.4057
 3.3590	 7.3851
 3.3570	 7.3645
 3.3540	 7.3439
 3.3520	 7.2409
 3.3500	 7.1070
 3.3480	 7.0967
 3.3460	 7.1379
 3.3440	 7.0040
 3.3410	 6.9422
 3.3390	 6.9731
 3.3370	 6.9937
 3.3350	 6.8804
 3.3330	 6.7671
 3.3310	 6.7671
 3.3290	 6.8804
 3.3260	 6.8495
 3.3240	 6.7156
 3.3220	 6.6023
 3.3200	 6.6744
 3.3180	 6.7053
 3.3160	 6.6641
 3.3140	 6.4993
 3.3120	 6.4581
 3.3090	 6.5302
 3.3070	 6.5405
 3.3050	 6.4993
 3.3030	 6.4684
 3.3010	 6.3654
 3.2990	 6.3242
 3.2970	 6.3345
 3.2950	 6.3551
 3.2930	 6.2109
 3.2910	 6.0976
 3.2880	 6.1388
 3.2860	 6.2006
 3.2840	 6.1388
 3.2820	 6.1594
 3.2800	 6.2315
 3.2780	 6.1800
 3.2760	 6.1182
 3.2740	 6.0564
 3.2720	 5.9122
 3.2700	 5.9843
 3.2680	 6.0976
 3.2660	 6.0873
 3.2640	 6.0461
 3.2620	 6.0049
 3.2590	 5.9122
 3.2570	 5.9225
 3.2550	 5.9843
 3.2530	 6.0667
 3.2510	 6.1079
 3.2490	 6.1182
 3.2470	 5.9843
 3.2450	 5.9534
 3.2430	 6.0152
 3.2410	 6.0667
 3.2390	 6.0358
 3.2370	 6.1594
 3.2350	 6.1182
 3.2330	 5.9740
 3.2310	 6.0461
 3.2290	 6.1903
 3.2270	 6.0770
 3.2250	 6.0049
 3.2230	 5.9843
 3.2210	 6.1388
 3.2190	 6.0152
 3.2170	 5.8710
 3.2150	 5.8710
 3.2130	 5.8298
 3.2110	 5.7474
 3.2090	 5.8916
 3.2070	 6.0049
 3.2050	 6.0049
 3.2030	 5.9637
 3.2010	 5.8504
 3.1990	 5.7165
 3.1970	 5.6444
 3.1950	 5.5826
 3.1930	 5.5723
 3.1910	 5.6341
 3.1890	 5.7268
 3.1870	 5.6341
 3.1850	 5.5311
 3.1830	 5.5311
 3.1820	 5.5002
 3.1800	 5.4075
 3.1780	 5.4281
 3.1760	 5.5208
 3.1740	 5.5002
 3.1720	 5.4384
 3.1700	 5.3869
 3.1680	 5.3766
 3.1660	 5.5002
 3.1640	 5.4384
 3.1620	 5.4693
 3.1600	 5.3457
 3.1580	 5.1809
 3.1560	 5.1191
 3.1540	 5.1809
 3.1520	 5.2530
 3.1510	 5.3354
 3.1490	 5.2221
 3.1470	 5.2736
 3.1450	 5.3560
 3.1430	 5.3354
 3.1410	 5.2530
 3.1390	 5.1912
 3.1370	 5.1191
 3.1350	 5.0985
 3.1330	 5.0985
 3.1320	 5.1088
 3.1300	 4.9749
 3.1280	 4.8822
 3.1260	 4.7689
 3.1240	 4.7792
 3.1220	 4.7792
 3.1200	 4.9852
 3.1180	 4.9337
 3.1170	 4.8822
 3.1150	 4.8822
 3.1130	 4.8925
 3.1110	 4.7895
 3.1090	 4.5835
 3.1070	 4.5835
 3.1050	 4.7689
 3.1030	 4.6968
 3.1020	 4.7071
 3.1000	 4.7483
 3.0980	 4.7071
 3.0960	 4.6247
 3.0940	 4.5217
 3.0920	 4.6556
 3.0910	 4.8204
 3.0890	 4.6556
 3.0870	 4.6144
 3.0850	 4.5938
 3.0830	 4.6041
 3.0810	 4.5938
 3.0790	 4.4393
 3.0780	 4.4187
 3.0760	 4.4908
 3.0740	 4.4290
 3.0720	 4.5835
 3.0700	 4.5320
 3.0690	 4.5217
 3.0670	 4.3981
 3.0650	 4.3363
 3.0630	 4.3672
 3.0610	 4.4393
 3.0600	 4.4496
 3.0580	 4.2848
 3.0560	 4.2745
 3.0540	 4.5217
 3.0520	 4.6762
 3.0510	 4.7380
 3.0490	 4.5835
 3.0470	 4.4599
 3.0450	 4.3260
 3.0430	 4.0170
 3.0420	 4.0067
 3.0400	 4.2951
 3.0380	 4.4290
 3.0360	 4.3775
 3.0340	 4.4805
 3.0330	 4.4908
 3.0310	 4.3260
 3.0290	 4.3260
 3.0270	 4.2951
 3.0260	 4.2745
 3.0240	 4.2642
 3.0220	 4.0788
 3.0200	 4.0685
 3.0190	 4.3672
 3.0170	 4.4393
 3.0150	 4.4290
 3.0130	 4.3466
 3.0120	 4.3981
 3.0100	 4.3878
 3.0080	 4.3569
 3.0060	 4.3157
 3.0050	 4.3672
 3.0030	 4.3569
 3.0010	 4.4084
 2.9990	 4.3672
 2.9980	 4.5629
 2.9960	 4.6556
 2.9940	 4.5938
 2.9920	 4.4496
 2.9910	 4.2642
 2.9890	 4.3775
 2.9870	 4.5320
 2.9860	 4.4187
 2.9840	 4.5114
 2.9820	 4.7689
 2.9800	 4.8101
 2.9790	 4.7277
 2.9770	 4.7174
 2.9750	 4.5835
 2.9740	 4.6453
 2.9720	 4.8616
 2.9700	 4.9955
 2.9680	 5.0161
 2.9670	 5.1706
 2.9650	 4.9543
 2.9630	 4.8307
 2.9620	 5.0264
 2.9600	 5.1191
 2.9580	 4.9543
 2.9570	 4.8616
 2.9550	 4.7792
 2.9530	 4.9337
 2.9520	 4.9646
 2.9500	 5.0161
 2.9480	 4.9440
 2.9470	 4.9131
 2.9450	 4.9749
 2.9430	 5.0676
 2.9420	 5.2118
 2.9400	 5.2015
 2.9380	 4.9543
 2.9370	 4.9234
 2.9350	 4.9234
 2.9330	 4.9852
 2.9320	 5.0470
 2.9300	 5.0573
 2.9280	 5.0676
 2.9270	 5.2221
 2.9250	 5.1809
 2.9230	 5.0470
 2.9220	 5.0058
 2.9200	 5.1912
 2.9180	 5.3354
 2.9170	 5.1912
 2.9150	 4.9749
 2.9130	 5.1294
 2.9120	 5.1603
 2.9100	 5.4178
 2.9090	 5.5002
 2.9070	 5.1809
 2.9050	 5.0676
 2.9040	 5.1603
 2.9020	 5.1603
 2.9000	 5.2427
 2.8990	 5.3148
 2.8970	 5.3560
 2.8960	 5.1912
 2.8940	 4.9749
 2.8920	 5.0367
 2.8910	 5.0676
 2.8890	 5.0470
 2.8870	 5.3148
 2.8860	 5.5723
 2.8840	 5.5723
 2.8830	 5.2530
 2.8810	 5.0367
 2.8790	 5.2015
 2.8780	 5.5826
 2.8760	 5.6959
 2.8750	 5.6650
 2.8730	 5.4899
 2.8710	 5.4178
 2.8700	 5.3251
 2.8680	 5.3457
 2.8670	 5.3354
 2.8650	 5.5620
 2.8640	 5.4384
 2.8620	 5.4899
 2.8600	 5.7680
 2.8590	 5.6959
 2.8570	 5.3766
 2.8560	 5.3457
 2.8540	 5.4384
 2.8530	 5.5929
 2.8510	 5.5929
 2.8490	 5.4693
 2.8480	 5.4590
 2.8460	 5.5723
 2.8450	 5.4075
 2.8430	 5.6135
 2.8420	 5.5414
 2.8400	 5.3251
 2.8380	 5.5414
 2.8370	 5.4590
 2.8350	 5.4075
 2.8340	 5.5105
 2.8320	 5.5002
 2.8310	 5.6444
 2.8290	 5.6341
 2.8280	 5.6547
 2.8260	 5.6238
 2.8250	 5.4590
 2.8230	 5.0779
 2.8210	 4.9955
 2.8200	 5.1912
 2.8180	 5.2942
 2.8170	 5.1912
 2.8150	 5.1397
 2.8140	 5.1191
 2.8120	 5.1603
 2.8110	 5.1500
 2.8090	 5.3045
 2.8080	 5.3354
 2.8060	 5.2942
 2.8050	 5.0676
 2.8030	 5.0264
 2.8020	 5.1191
 2.8000	 5.0676
 2.7990	 4.9955
 2.7970	 5.1397
 2.7960	 5.1294
 2.7940	 5.1397
 2.7930	 5.1500
 2.7910	 4.9749
 2.7900	 4.7689
 2.7880	 4.7071
 2.7870	 4.6041
 2.7850	 4.5114
 2.7840	 4.6144
 2.7820	 4.9955
 2.7810	 4.9749
 2.7790	 4.5217
 2.7780	 4.1921
 2.7760	 4.2024
 2.7750	 4.3363
 2.7730	 4.4084
 2.7720	 4.2230
 2.7700	 4.2024
 2.7690	 3.9449
 2.7670	 3.7698
 2.7660	 3.5638
 2.7640	 3.5123
 2.7630	 3.4814
 2.7610	 3.4917
 2.7600	 3.4299
 2.7580	 3.1518
 2.7570	 3.1106
 2.7560	 3.2651
 2.7540	 3.5123
 2.7530	 3.6874
 2.7510	 3.8007
 2.7500	 3.9655
 2.7480	 3.9655
 2.7470	 3.7698
 2.7450	 3.8110
 2.7440	 3.9861
 2.7420	 3.9037
 2.7410	 3.8213
 2.7400	 4.0273
 2.7380	 4.1921
 2.7370	 4.0685
 2.7350	 4.0788
 2.7340	 4.2436
 2.7320	 4.3672
 2.7310	 4.6350
 2.7290	 4.7998
 2.7280	 4.8822
 2.7270	 5.1397
 2.7250	 5.2942
 2.7240	 5.2221
 2.7220	 5.3045
 2.7210	 5.6856
 2.7190	 5.9946
 2.7180	 5.9740
 2.7170	 6.2624
 2.7150	 6.4890
 2.7140	 6.4375
 2.7120	 6.2727
 2.7110	 5.9740
 2.7090	 5.8813
 2.7080	 5.8298
 2.7070	 5.6238
 2.7050	 5.3045
 2.7040	 5.1191
 2.7020	 5.2633
 2.7010	 5.5002
 2.7000	 5.6135
 2.6980	 6.2315
 2.6970	 6.7156
 2.6950	 7.1070
 2.6940	 7.8898
 2.6930	 9.1052
 2.6910	10.1867
 2.6900	11.5978
 2.6880	12.8544
 2.6870	13.6269
 2.6860	14.7084
 2.6840	16.1710
 2.6830	17.3349
 2.6810	18.3649
 2.6800	19.2198
 2.6790	20.1983
 2.6770	21.0017
 2.6760	21.6403
 2.6750	22.5673
 2.6730	23.5458
 2.6720	23.9372
 2.6700	24.6788
 2.6690	25.1320
 2.6680	25.5749
 2.6660	26.2444
 2.6650	27.0787
 2.6640	27.4804
 2.6620	27.8512
 2.6610	28.1705
 2.6590	28.5928
 2.6580	29.0357
 2.6570	29.1490
 2.6550	29.4477
 2.6540	29.9215
 2.6530	30.1481
 2.6510	30.5395
 2.6500	30.9618
 2.6490	31.0751
 2.6470	30.9721
 2.6460	31.2914
 2.6450	31.5695
 2.6430	31.7858
 2.6420	31.8167
 2.6400	32.0433
 2.6390	32.4038
 2.6380	32.5583
 2.6360	32.5995
 2.6350	32.9703
 2.6340	33.1866
 2.6320	33.2793
 2.6310	33.4544
 2.6300	33.6295
 2.6280	33.7016
 2.6270	33.8458
 2.6260	33.9076
 2.6240	33.7531
 2.6230	33.7325
 2.6220	34.2990
 2.6200	34.8758
 2.6190	34.6595
 2.6180	34.4329
 2.6170	34.7419
 2.6150	34.7316
 2.6140	34.7934
 2.6130	34.9479
 2.6110	34.9994
 2.6100	35.0921
 2.6090	35.1745
 2.6070	35.2672
 2.6060	35.5350
 2.6050	35.2466
 2.6030	35.4629
 2.6020	35.6586
 2.6010	35.5144
 2.5990	35.4835
 2.5980	35.6380
 2.5970	35.8028
 2.5960	36.0706
 2.5940	36.3384
 2.5930	36.2148
 2.5920	35.7925
 2.5900	35.8440
 2.5890	35.9985
 2.5880	36.2457
 2.5860	36.4723
 2.5850	36.4826
 2.5840	36.6474
 2.5830	36.4826
 2.5810	36.4208
 2.5800	36.5959
 2.5790	36.6062
 2.5770	36.6783
 2.5760	36.5753
 2.5750	36.9255
 2.5740	37.1830
 2.5720	37.3375
 2.5710	37.4817
 2.5700	37.5435
 2.5690	37.1006
 2.5670	37.1727
 2.5660	37.3787
 2.5650	37.3375
 2.5630	37.1624
 2.5620	37.2654
 2.5610	37.5435
 2.5600	37.8422
 2.5580	37.9452
 2.5570	37.9658
 2.5560	37.8834
 2.5550	37.8628
 2.5530	38.0070
 2.5520	38.5735
 2.5510	38.5220
 2.5500	37.8319
 2.5480	37.5229
 2.5470	37.8216
 2.5460	38.0482
 2.5450	38.3160
 2.5430	38.1615
 2.5420	38.0276
 2.5410	38.0482
 2.5400	38.0070
 2.5380	38.2645
 2.5370	38.1924
 2.5360	37.5950
 2.5350	38.0379
 2.5330	38.2748
 2.5320	38.4293
 2.5310	38.5220
 2.5300	38.6250
 2.5280	38.6044
 2.5270	38.3572
 2.5260	38.3675
 2.5250	38.2439
 2.5240	38.1203
 2.5220	38.5426
 2.5210	38.7795
 2.5200	38.9958
 2.5190	38.9855
 2.5170	38.9546
 2.5160	39.2121
 2.5150	39.3460
 2.5140	39.1194
 2.5130	38.9752
 2.5110	39.0988
 2.5100	39.0679
 2.5090	38.8722
 2.5080	38.8928
 2.5060	39.2121
 2.5050	39.3563
 2.5040	39.1812
 2.5030	39.4078
 2.5020	39.5623
 2.5000	39.3666
 2.4960	39.9110
 2.4920	39.8405
 2.4880	40.3760
 2.4840	40.6491
 2.4800	40.0499
 2.4760	40.7162
 2.4720	40.8055
 2.4680	41.3814
 2.4640	41.4300
 2.4600	41.6847
 2.4560	41.8939
 2.4520	42.2917
 2.4480	42.1104
 2.4440	42.4677
 2.4400	42.6622
 2.4360	43.1313
 2.4320	43.6074
 2.4280	43.8950
 2.4240	44.2363
 2.4200	44.1355
 2.4160	44.9416
 2.4120	45.1430
 2.4080	45.0099
 2.4040	45.2322
 2.4000	45.3920
 2.3960	45.9069
 2.3920	46.0847
 2.3880	46.0716
 2.3840	45.7947
 2.3800	46.5150
 2.3760	46.7548
 2.3720	46.6518
 2.3680	46.5542
 2.3640	46.8149
 2.3600	46.9451
 2.3560	47.0384
 2.3520	47.1001
 2.3480	47.6838
 2.3440	47.6922
 2.3400	48.0636
 2.3360	48.5823
 2.3320	48.8285
 2.3280	48.9665
 2.3240	49.3991
 2.3200	49.6247
 2.3160	49.9139
 2.3120	50.2047
 2.3080	50.6018
 2.3040	50.7187
 2.3000	50.9896
 2.2960	50.9230
 2.2920	51.1677
 2.2880	51.3160
 2.2840	51.5276
 2.2800	51.4190
 2.2760	51.2129
 2.2720	51.1272
 2.2680	51.0647
 2.2640	51.1637
 2.2600	50.9202
 2.2560	50.7474
 2.2520	50.4701
 2.2480	50.4501
 2.2440	50.0775
 2.2400	49.7140
 2.2360	49.4388
 2.2320	49.2474
 2.2280	48.7345
 2.2240	47.9907
 2.2200	47.3121
 2.2160	46.8625
 2.2120	46.7444
 2.2080	46.7270
 2.2040	46.9556
 2.2000	47.3834
 2.1960	47.9153
 2.1920	48.3232
 2.1880	48.6417
 2.1840	49.0102
 2.1800	49.2154
 2.1760	49.4424
 2.1720	49.5491
 2.1680	49.5064
 2.1640	49.4824
 2.1600	49.4876
 2.1560	49.6087
 2.1520	49.6005
 2.1480	49.5690
 2.1440	49.4530
 2.1400	49.3535
 2.1360	49.2179
 2.1320	49.0999
 2.1280	49.0106
 2.1240	48.9324
 2.1200	48.6967
 2.1160	48.6045
 2.1120	48.6630
 2.1080	48.7578
 2.1040	48.8357
 2.1000	48.8847
 2.0960	49.0990
 2.0920	49.3821
 2.0880	49.5586
 2.0840	49.7070
 2.0800	49.8292
 2.0760	49.9162
 2.0720	49.9526
 2.0680	49.9662
 2.0640	49.9830
 2.0600	49.9716
 2.0560	49.9298
 2.0520	49.8795
 2.0480	49.7449
 2.0440	49.6372
 2.0400	49.5499
 2.0360	49.4365
 2.0320	49.2634
 2.0280	49.0850
 2.0240	48.9259
 2.0200	48.7736
 2.0160	48.6367
 2.0120	48.5233
 2.0080	48.4480
 2.0040	48.4124
 2.0000	48.3733
 1.9960	48.2593
 1.9920	48.2218
 1.9880	48.1760
 1.9840	47.9708
 1.9800	47.8555
 1.9760	47.7332
 1.9720	47.5900
 1.9680	47.3992
 1.9640	47.1633
 1.9600	46.9245
 1.9560	46.7293
 1.9520	46.5396
 1.9480	46.2565
 1.9440	46.0707
 1.9400	45.9010
 1.9360	45.7017
 1.9320	45.6143
 1.9280	45.4898
 1.9240	45.3114
 1.9200	45.2887
 1.9160	45.6284
 1.9120	46.1503
 1.9080	46.8939
 1.9040	47.9449
 1.9000	49.1901
 1.8960	50.4498
 1.8920	51.6625
 1.8880	52.7724
 1.8840	53.7330
 1.8800	54.6005
 1.8760	55.2977
 1.8720	55.7875
 1.8680	56.1229
 1.8640	56.3731
 1.8600	56.5250
 1.8560	56.6312
 1.8520	56.7569
 1.8480	56.7988
 1.8440	56.7899
 1.8400	56.8128
 1.8360	56.7923
 1.8320	56.7413
 1.8280	56.7658
 1.8240	56.7491
 1.8200	56.6839
 1.8160	56.6612
 1.8120	56.6516
 1.8080	56.6175
 1.8040	56.5694
 1.8000	56.5404
 1.7960	56.4936
 1.7920	56.4166
 1.7880	56.4102
 1.7840	56.4771
 1.7800	56.5509
 1.7760	56.5579
 1.7720	56.4757
 1.7680	56.4388
 1.7640	56.3973
 1.7600	56.3536
 1.7560	56.3328
 1.7520	56.3361
 1.7480	56.3770
 1.7440	56.3871
 1.7400	56.3582
 1.7360	56.3046
 1.7320	56.2630
 1.7280	56.2860
 1.7240	56.2342
 1.7200	56.2107
 1.7160	56.1719
 1.7120	56.1223
 1.7080	56.0358
 1.7040	55.9568
 1.7000	55.9052
 1.6960	55.8825
 1.6920	55.8244
 1.6880	55.7689
 1.6840	55.7181
 1.6800	55.6692
 1.6760	55.6539
 1.6720	55.5974
 1.6680	55.4656
 1.6640	55.4643
 1.6600	55.3954
 1.6560	55.2824
 1.6520	55.2198
 1.6480	55.1755
 1.6440	55.1788
 1.6400	55.1769
 1.6360	55.0490
 1.6320	54.9583
 1.6280	54.9423
 1.6240	54.8949
 1.6200	54.7772
 1.6160	54.7424
 1.6120	54.6976
 1.6080	54.6247
 1.6040	54.4985
 1.6000	54.4340
 1.5960	54.4062
 1.5920	54.3379
 1.5880	54.2083
 1.5840	54.0142
 1.5800	53.9372
 1.5760	53.8647
 1.5720	53.7296
 1.5680	53.5733
 1.5640	53.5123
 1.5600	53.4320
 1.5560	53.2807
 1.5520	53.2041
 1.5480	53.1222
 1.5440	53.0748
 1.5400	52.9793
 1.5360	52.9073
 1.5320	52.8112
 1.5280	52.6942
 1.5240	52.5751
 1.5200	52.4766
 1.5160	52.4138
 1.5120	52.3155
 1.5080	52.1894
 1.5040	52.1003
 1.5000	51.9325
 1.4960	51.7692
 1.4920	51.6521
 1.4880	51.5779
 1.4840	51.4211
 1.4800	51.2649
 1.4760	51.0972
 1.4720	50.9504
 1.4680	50.8111
 1.4640	50.7104
 1.4600	50.6635
 1.4560	50.6009
 1.4520	50.5015
 1.4480	50.3698
 1.4440	50.2139
 1.4400	50.0375
 1.4360	49.8036
 1.4320	49.6486
 1.4280	49.3793
 1.4240	48.9462
 1.4200	48.4912
 1.4160	48.1245
 1.4120	48.1741
 1.4080	48.5654
 1.4040	48.8466
 1.4000	49.2148
 1.3960	49.5354
 1.3920	49.7377
 1.3880	49.9966
 1.3840	50.1770
 1.3800	50.2152
 1.3760	50.3106
 1.3720	50.4639
 1.3680	50.5539
 1.3640	50.4556
 1.3600	50.1887
 1.3560	50.0534
 1.3520	50.0946
 1.3480	50.2415
 1.3440	50.3380
 1.3400	50.3971
 1.3360	50.3213
 1.3320	50.0896
 1.3280	49.9560
 1.3240	49.8127
 1.3200	49.7953
 1.3160	49.6569
 1.3120	49.6342
 1.3080	49.6334
 1.3040	49.4942
 1.3000	49.4085
 1.2960	49.3364
 1.2920	49.3025
 1.2880	49.1507
 1.2840	48.9876
 1.2800	49.0542
 1.2760	48.9335
 1.2720	48.7939
 1.2680	48.6903
 1.2640	48.6866
 1.2600	48.5736
 1.2560	48.4381
 1.2520	48.2841
 1.2480	48.3002
 1.2440	48.1830
 1.2400	48.0503
 1.2360	47.9337
 1.2320	47.8291
 1.2280	47.8073
 1.2240	47.6821
 1.2200	47.5856
 1.2160	47.4656
 1.2120	47.3949
 1.2080	47.2135
 1.2040	47.1766
 1.2000	47.0592
 1.1960	46.9760
 1.1920	46.8735
 1.1880	46.8042
 1.1840	46.6796
 1.1800	46.5976
 1.1760	46.4962
 1.1720	46.3951
 1.1680	46.2943
 1.1640	46.1561
 1.1600	46.0901
 1.1560	46.0525
 1.1520	45.9606
 1.1480	45.7933
 1.1440	45.6301
 1.1400	45.5725
 1.1360	45.5300
 1.1320	45.3820
 1.1280	45.3263
 1.1240	45.2421
 1.1200	45.0666
 1.1160	44.9738
 1.1120	44.8965
 1.1080	44.8933
 1.1040	44.7326
 1.1000	44.6283
 1.0960	44.5538
 1.0920	44.3781
 1.0880	44.3159
 1.0840	44.2267
 1.0800	44.0610
 1.0760	43.9959
 1.0720	43.8433
 1.0680	43.7475
 1.0640	43.6085
 1.0600	43.5916
 1.0560	43.5275
 1.0520	43.3589
 1.0480	43.2243
 1.0440	43.1480
 1.0400	43.0243
 1.0360	42.8848
 1.0320	42.7919
 1.0280	42.6870
 1.0240	42.5670
 1.0200	42.4275
 1.0160	42.3850
 1.0120	42.2410
 1.0080	42.1332
 1.0040	42.0042
 1.0000	41.8234
 0.9960	41.7041
 0.9920	41.6478
 0.9880	41.5089
 0.9840	41.3793
 0.9800	41.2177
 0.9760	41.1683
 0.9720	40.9986
 0.9680	40.8274
 0.9640	40.6866
 0.9600	40.5920
 0.9560	40.4954
 0.9520	40.3519
 0.9480	40.2107
 0.9440	40.0626
 0.9400	39.9044
 0.9360	39.7485
 0.9320	39.5719
 0.9280	39.3958
 0.9240	39.2914
 0.9200	39.2889
 0.9160	39.4609
 0.9120	39.4083
 0.9080	39.2623
 0.9040	39.1311
 0.9000	39.0271
 0.8960	38.9750
 0.8920	38.8258
 0.8880	38.6776
 0.8840	38.6303
 0.8800	38.4733
 0.8760	38.3019
 0.8720	38.3301
 0.8680	38.1045
 0.8640	37.7039
 0.8600	37.7503
 0.8560	38.0696
 0.8520	38.4731
 0.8480	38.4373
 0.8440	38.2709
 0.8400	38.1103
 0.8360	37.9978
 0.8320	37.9420
 0.8280	37.7079
 0.8240	37.5538
 0.8200	37.4132
 0.8160	37.2219
 0.8120	37.0909
 0.8080	36.8464
 0.8040	36.6522
 0.8000	36.4817
 0.7960	36.3030
 0.7920	36.1092
 0.7880	35.8348
 0.7840	35.5827
 0.7800	35.4436
 0.7760	35.2622
 0.7720	34.9759
 0.7680	34.7650
 0.7640	34.5636
 0.7600	34.3110
 0.7560	34.0785
 0.7520	33.8465
 0.7480	33.6732
 0.7440	33.4289
 0.7400	33.1498
 0.7360	32.9176
 0.7320	32.7070
 0.7280	32.4736
 0.7240	32.2268
 0.7200	32.0243
 0.7160	31.7586
 0.7120	31.4985
 0.7080	31.2419
 0.7040	30.9743
 0.7000	30.7465
 0.6960	30.4963
 0.6920	30.2347
 0.6880	30.0224
 0.6840	29.7591
 0.6800	29.5227
 0.6760	29.3195
 0.6720	29.0904
 0.6680	28.8542
 0.6640	28.6170
 0.6600	28.3796
 0.6560	28.1514
 0.6520	27.9493
 0.6480	27.7313
 0.6440	27.5232
 0.6400	27.3203
 0.6360	27.1223
 0.6320	26.9311
 0.6280	26.6962
 0.6240	26.5393
 0.6200	26.3583
 0.6160	26.1705
 0.6120	25.9809
 0.6080	25.8107
 0.6040	25.6332
 0.6000	25.4612
 0.5960	25.3293
 0.5920	25.1646
 0.5880	24.9841
 0.5840	24.8032
 0.5800	24.6315
 0.5760	24.4610
 0.5720	24.2983
 0.5680	24.1050
 0.5640	23.9224
 0.5600	23.7396
 0.5560	23.5612
 0.5520	23.3599
 0.5480	23.1441
 0.5440	22.9378
 0.5400	22.7356
 0.5360	22.5159
 0.5320	22.2918
 0.5280	22.0909
 0.5240	21.8839
 0.5200	21.6732
 0.5160	21.4702
 0.5120	21.2686
 0.5080	21.0645
 0.5040	20.8732
 0.5000	20.6916
 0.4960	20.4823
 0.4920	20.2609
 0.4880	20.0770
 0.4840	19.9346
 0.4800	19.7969
 0.4760	19.7051
 0.4720	19.6088
 0.4680	19.5210
 0.4640	19.4353
 0.4600	19.3534
 0.4560	19.2532
 0.4520	19.1296
 0.4480	18.9860
 0.4440	18.8066
 0.4400	18.6066
 0.4360	18.3739
 0.4320	18.1591
 0.4280	17.9383
 0.4240	17.7228
 0.4200	17.5544
 0.4160	17.3744
 0.4120	17.1980
 0.4080	17.0458
 0.4040	16.8766
 0.4000	16.6893
